Each row corresponds to a position in the reference protein.  Below each position is the fraction of sequences that contain one of the basic amino acids.  A low fraction indicates the position is either severely gapped or unalignable and has little information.  Expect poor prediction at these positions.
Each column corresponds to one of the twenty amino acids. 
Each entry contains the score at a particular position (row) for an amino acid substitution (column).  Substitutions predicted to be intolerant are highlighted in red.




pos	A	C	D	E	F	G	H	I	K	L	M	N	P	Q	R	S	T	V	W	Y
1M 0.03	0.00	0.00	0.00	0.00	0.00	0.00	0.00	0.00	0.00	0.00	1.00	0.00	0.00	0.00	0.00	0.00	0.00	0.00	0.00	0.00
2P 0.03	0.00	0.00	0.00	0.00	0.00	0.00	0.00	0.00	0.00	0.00	0.00	0.00	1.00	0.00	0.00	0.00	0.00	0.00	0.00	0.00
3S 0.03	0.00	0.00	0.00	0.00	0.00	0.00	0.00	0.00	0.00	0.00	0.00	0.00	0.00	0.00	0.00	1.00	0.00	0.00	0.00	0.00
4G 0.03	0.00	0.00	0.00	0.00	0.00	1.00	0.00	0.00	0.00	0.00	0.00	0.00	0.00	0.00	0.00	0.00	0.00	0.00	0.00	0.00
5F 0.03	0.00	0.00	0.00	0.00	1.00	0.00	0.00	0.00	0.00	0.00	0.00	0.00	0.00	0.00	0.00	0.00	0.00	0.00	0.00	0.00
6Q 0.06	0.09	0.00	0.17	1.00	0.01	0.04	0.02	0.02	0.12	0.03	0.01	0.05	0.05	0.68	0.06	0.07	0.06	0.03	0.00	0.01
7Q 0.06	0.00	0.00	0.00	0.00	0.00	0.00	0.00	0.00	0.00	0.00	0.00	0.00	0.00	1.00	0.00	0.00	0.00	0.00	0.00	0.00
8I 0.06	0.62	0.08	0.55	1.00	0.18	0.24	0.14	0.63	0.57	0.62	0.17	0.29	0.24	0.42	0.34	0.42	0.45	0.82	0.04	0.16
9G 0.11	0.09	0.02	0.28	0.09	0.01	1.00	0.06	0.01	0.09	0.02	0.01	0.84	0.05	0.06	0.05	0.17	0.07	0.02	0.01	0.03
10S 0.14	0.18	0.02	0.14	0.25	0.02	0.11	0.06	0.05	1.00	0.09	0.03	0.14	0.08	0.54	0.29	0.48	0.16	0.07	0.01	0.03
11E 0.23	0.03	0.00	0.07	1.00	0.00	0.01	0.01	0.00	0.03	0.01	0.00	0.01	0.02	0.37	0.01	0.01	0.01	0.01	0.00	0.00
12D 0.26	0.50	0.03	1.00	0.81	0.03	0.25	0.08	0.05	0.44	0.09	0.03	0.30	0.16	0.27	0.15	0.29	0.19	0.09	0.01	0.04
13G 0.26	0.46	0.04	0.36	0.52	0.05	0.59	0.15	0.09	1.00	0.19	0.07	0.37	0.33	0.45	0.68	0.39	0.29	0.15	0.03	0.08
14E 0.43	0.66	0.05	0.57	1.00	0.05	0.33	0.11	0.19	0.87	0.27	0.09	0.43	0.24	0.51	0.45	0.63	0.55	0.30	0.02	0.04
15P 0.40	0.10	0.01	0.04	0.05	0.01	0.06	0.02	0.01	0.56	0.02	0.01	0.05	1.00	0.04	0.07	0.26	0.07	0.02	0.00	0.01
16P 0.37	0.38	0.03	0.28	0.49	0.05	0.21	0.19	0.11	1.00	0.19	0.07	0.27	0.60	0.37	0.70	0.62	0.38	0.16	0.02	0.07
17Q 0.60	0.14	0.01	0.13	1.00	0.01	0.07	0.02	0.03	0.24	0.06	0.10	0.09	0.05	0.22	0.10	0.31	0.21	0.05	0.00	0.01
18Q 0.69	0.70	0.04	0.85	0.87	0.05	0.89	0.11	0.14	1.00	0.28	0.08	0.41	0.23	0.82	0.41	0.57	0.44	0.22	0.02	0.04
19R 0.83	0.06	0.00	0.00	0.02	0.00	0.01	0.10	0.01	1.00	0.02	0.01	0.02	0.01	0.04	0.72	0.01	0.02	0.01	0.00	0.01
20V 0.83	0.02	0.00	0.00	0.00	0.03	0.01	0.00	0.42	0.01	1.00	0.09	0.00	0.00	0.00	0.01	0.01	0.02	0.94	0.00	0.01
21T 0.83	0.02	0.00	0.01	0.01	0.00	0.01	0.00	0.01	0.01	0.01	0.00	0.01	0.01	0.16	0.01	0.05	1.00	0.01	0.00	0.00
22G 0.83	1.00	0.10	0.08	0.11	0.06	0.56	0.03	0.06	0.11	0.13	0.05	0.08	0.27	0.08	0.08	0.50	0.20	0.17	0.02	0.06
23T 0.83	0.33	0.04	0.09	0.09	0.03	0.09	0.03	0.09	0.11	0.08	0.04	0.13	0.15	0.08	0.20	0.59	1.00	0.36	0.01	0.03
24L 0.83	0.00	0.00	0.00	0.00	0.01	0.00	0.00	0.08	0.00	1.00	0.01	0.00	0.00	0.00	0.00	0.00	0.00	0.01	0.00	0.00
25V 0.83	0.49	0.02	0.01	0.01	0.03	0.01	0.00	0.61	0.01	0.35	0.29	0.01	0.02	0.01	0.01	0.01	0.05	1.00	0.00	0.01
pos	A	C	D	E	F	G	H	I	K	L	M	N	P	Q	R	S	T	V	W	Y
26L 0.83	0.01	0.00	0.00	0.00	0.61	0.00	0.00	0.03	0.00	1.00	0.02	0.00	0.00	0.00	0.00	0.01	0.01	0.02	0.04	0.19
27A 0.83	1.00	0.01	0.01	0.01	0.00	0.04	0.00	0.01	0.02	0.01	0.01	0.02	0.02	0.01	0.11	0.16	0.32	0.02	0.00	0.00
28V 0.83	0.05	0.01	0.00	0.01	0.01	0.00	0.00	0.37	0.01	0.12	0.02	0.00	0.01	0.01	0.01	0.01	0.58	1.00	0.00	0.01
29F 0.83	0.52	0.16	0.20	0.26	0.73	0.35	0.47	0.49	0.28	1.00	0.27	0.29	0.21	0.28	0.32	0.50	0.52	0.53	0.17	0.86
30S 0.83	0.13	0.03	0.05	0.05	0.10	0.08	0.03	1.00	0.06	0.39	0.08	0.07	0.05	0.04	0.05	0.23	0.30	0.96	0.02	0.08
31A 0.83	1.00	0.00	0.00	0.00	0.00	0.00	0.00	0.00	0.00	0.00	0.00	0.00	0.00	0.00	0.00	0.00	0.00	0.00	0.00	0.00
32V 0.83	0.76	0.05	0.02	0.04	0.02	0.03	0.01	0.22	0.04	0.15	0.05	0.02	0.06	0.03	0.02	0.07	0.43	1.00	0.00	0.01
33L 0.83	0.02	0.01	0.00	0.01	0.61	0.01	0.00	0.49	0.01	1.00	0.08	0.01	0.01	0.01	0.01	0.01	0.01	0.08	0.01	0.02
34G 0.83	0.03	0.00	0.01	0.00	0.00	1.00	0.00	0.00	0.00	0.00	0.00	0.01	0.01	0.00	0.00	0.11	0.01	0.00	0.00	0.00
35S 0.91	0.03	0.00	0.01	0.00	0.07	0.01	0.00	0.00	0.00	0.01	0.00	0.01	0.01	0.00	0.00	1.00	0.02	0.01	0.01	0.02
36L 0.91	0.01	0.00	0.00	0.00	1.00	0.00	0.00	0.04	0.00	0.39	0.02	0.00	0.00	0.00	0.00	0.00	0.00	0.08	0.00	0.01
37Q 0.91	0.00	0.00	0.00	0.00	0.00	0.00	0.00	0.00	0.00	0.00	0.00	0.00	0.00	1.00	0.00	0.00	0.00	0.00	0.00	0.00
38F 0.91	0.00	0.00	0.00	0.00	1.00	0.00	0.00	0.01	0.00	0.02	0.00	0.00	0.00	0.00	0.00	0.00	0.00	0.01	0.02	0.84
39G 0.91	0.10	0.00	0.00	0.00	0.00	1.00	0.00	0.00	0.00	0.00	0.00	0.00	0.01	0.00	0.00	0.01	0.00	0.00	0.00	0.00
40Y 0.91	0.00	0.00	0.00	0.00	0.00	0.00	0.00	0.00	0.00	0.00	0.00	0.00	0.00	0.00	0.00	0.00	0.00	0.00	0.00	1.00
41N 0.91	0.00	0.00	0.20	0.01	0.00	0.02	0.00	0.00	0.01	0.00	0.00	1.00	0.00	0.00	0.00	0.07	0.01	0.00	0.00	0.00
42I 0.91	0.12	0.03	0.01	0.02	0.07	0.02	0.00	0.93	0.03	0.40	0.07	0.02	0.03	0.02	0.02	0.03	0.19	1.00	0.01	0.03
43G 0.91	0.49	0.01	0.01	0.01	0.00	1.00	0.00	0.00	0.01	0.01	0.00	0.00	0.02	0.00	0.00	0.28	0.01	0.01	0.00	0.00
44V 0.91	0.25	0.01	0.00	0.01	0.00	0.00	0.00	0.03	0.01	0.02	0.01	0.00	0.01	0.00	0.00	0.01	0.06	1.00	0.00	0.00
45I 0.91	0.01	0.09	0.00	0.00	0.00	0.00	0.00	1.00	0.00	0.03	0.01	0.00	0.00	0.00	0.00	0.00	0.01	0.39	0.00	0.00
46N 0.91	0.00	0.00	0.00	0.00	0.00	0.00	0.00	0.00	0.00	0.00	0.00	1.00	0.00	0.00	0.00	0.00	0.00	0.00	0.00	0.00
47A 0.91	1.00	0.01	0.01	0.01	0.00	0.02	0.00	0.01	0.01	0.01	0.00	0.02	0.02	0.01	0.05	0.55	0.31	0.01	0.00	0.00
48P 0.91	0.00	0.00	0.00	0.00	0.00	0.00	0.00	0.00	0.00	0.00	0.00	0.00	1.00	0.00	0.00	0.00	0.00	0.00	0.00	0.00
49Q 0.91	0.34	0.01	0.32	1.00	0.02	0.09	0.28	0.03	0.20	0.06	0.02	0.11	0.09	0.89	0.09	0.49	0.11	0.05	0.01	0.02
50K 0.91	0.27	0.01	0.18	0.80	0.01	0.10	0.04	0.05	1.00	0.17	0.03	0.13	0.08	0.30	0.17	0.18	0.30	0.07	0.01	0.01
pos	A	C	D	E	F	G	H	I	K	L	M	N	P	Q	R	S	T	V	W	Y
51V 0.91	0.01	0.00	0.00	0.00	0.22	0.00	0.00	0.53	0.00	0.34	0.02	0.00	0.00	0.00	0.00	0.00	0.01	1.00	0.00	0.01
52I 0.91	0.01	0.00	0.00	0.00	0.25	0.00	0.00	1.00	0.01	0.26	0.49	0.00	0.01	0.01	0.01	0.00	0.01	0.05	0.00	0.01
53E 0.91	0.25	0.02	0.26	0.77	0.03	0.13	0.08	0.22	1.00	0.13	0.04	0.17	0.12	0.45	0.41	0.22	0.27	0.11	0.01	0.04
54Q 0.91	0.48	0.02	0.66	1.00	0.02	0.15	0.06	0.07	0.38	0.12	0.04	0.20	0.13	0.52	0.19	0.61	0.29	0.11	0.01	0.02
55S 0.91	0.06	0.01	0.06	0.03	1.00	0.06	0.29	0.02	0.04	0.04	0.01	0.07	0.03	0.03	0.03	0.14	0.05	0.03	0.01	0.04
56Y 0.94	0.01	0.00	0.00	0.00	0.06	0.00	0.00	0.10	0.00	0.19	0.01	0.00	0.00	0.00	0.00	0.00	0.00	0.02	0.01	1.00
57N 0.94	0.02	0.00	0.04	0.02	0.00	0.03	0.01	0.00	0.05	0.01	0.00	1.00	0.01	0.02	0.21	0.04	0.09	0.01	0.00	0.01
58E 0.94	0.24	0.02	0.57	1.00	0.07	0.13	0.28	0.07	0.41	0.12	0.04	0.16	0.12	0.38	0.24	0.19	0.16	0.10	0.02	0.28
59T 0.94	0.07	0.00	0.00	0.00	0.00	0.00	0.00	0.01	0.00	0.01	0.00	0.04	0.01	0.00	0.00	0.03	1.00	0.10	0.00	0.00
60W 0.74	0.09	0.03	0.04	0.05	0.13	0.06	0.29	0.07	0.05	0.38	0.04	0.06	0.04	0.05	0.06	0.17	0.07	0.09	0.59	1.00
61L 0.91	0.37	0.13	0.15	0.22	0.62	0.28	0.39	0.30	0.21	0.74	0.16	0.26	0.15	0.21	0.25	0.32	0.28	0.43	0.13	1.00
62G 0.91	0.57	0.06	0.75	1.00	0.14	0.55	0.29	0.23	0.65	0.30	0.10	0.38	0.21	0.50	0.39	0.65	0.52	0.26	0.04	0.22
63R 0.91	0.15	0.01	0.33	0.34	0.01	0.10	0.04	0.04	0.19	0.06	0.02	0.19	0.06	0.13	1.00	0.22	0.12	0.15	0.01	0.02
64Q 0.91	0.70	0.19	0.38	0.56	0.70	0.43	0.58	0.44	0.56	0.71	0.24	0.46	0.28	0.46	0.49	0.61	0.56	0.58	0.18	1.00
65G 0.83	0.29	0.01	0.02	0.07	0.01	1.00	0.01	0.01	0.03	0.05	0.01	0.02	0.03	0.02	0.02	0.21	0.17	0.02	0.00	0.01
66P 0.43	0.39	0.03	0.65	1.00	0.03	0.27	0.10	0.08	0.46	0.14	0.05	0.47	0.32	0.35	0.23	0.42	0.47	0.13	0.01	0.04
67E 0.54	0.51	0.03	0.48	1.00	0.03	0.21	0.07	0.10	0.51	0.23	0.06	0.30	0.18	0.32	0.32	0.40	0.35	0.16	0.01	0.02
68G 0.49	0.92	0.14	0.64	1.00	0.43	0.51	0.40	0.37	0.95	0.62	0.21	0.59	0.35	0.66	0.64	0.84	0.70	0.52	0.12	0.59
69P 0.57	0.59	0.09	0.31	0.71	0.24	0.22	0.17	0.61	0.72	0.88	0.33	0.28	1.00	0.39	0.47	0.39	0.44	0.66	0.05	0.21
70S 0.89	0.38	0.04	0.51	1.00	0.03	0.18	0.07	0.09	0.37	0.17	0.05	0.26	0.18	0.30	0.18	0.70	0.76	0.14	0.02	0.04
71S 0.89	0.64	0.18	0.33	0.47	0.71	0.39	0.55	0.42	0.46	0.69	0.24	0.40	0.26	0.40	0.44	0.55	0.50	0.55	0.18	1.00
72I 0.91	0.02	0.01	0.00	0.01	0.28	0.01	0.00	1.00	0.01	0.20	0.49	0.00	0.00	0.00	0.01	0.01	0.11	0.82	0.00	0.01
73P 0.74	0.55	0.04	0.75	0.88	0.04	0.29	0.10	0.14	0.66	0.30	0.08	0.58	0.74	0.43	0.37	1.00	0.64	0.21	0.01	0.04
74P 0.66	0.66	0.05	0.12	0.57	0.02	0.51	0.02	0.03	0.10	0.06	0.03	0.08	1.00	0.08	0.06	0.55	0.12	0.10	0.01	0.02
75G 0.69	0.85	0.11	0.64	1.00	0.28	0.46	0.29	0.30	0.94	0.49	0.17	0.55	0.32	0.63	0.59	0.80	0.65	0.42	0.08	0.36
pos	A	C	D	E	F	G	H	I	K	L	M	N	P	Q	R	S	T	V	W	Y
76T 0.86	0.31	0.11	0.13	0.17	0.42	0.20	0.38	0.38	0.18	1.00	0.14	0.19	0.13	0.18	0.21	0.32	0.77	0.31	0.11	0.69
77L 0.94	0.00	0.00	0.00	0.00	0.01	0.00	0.00	0.12	0.00	1.00	0.11	0.00	0.00	0.00	0.00	0.00	0.00	0.10	0.00	0.00
78T 0.94	0.04	0.01	0.01	0.01	0.02	0.01	0.00	0.04	0.01	0.23	0.02	0.01	0.02	0.01	0.01	0.06	1.00	0.05	0.00	0.01
79T 0.94	0.24	0.04	0.09	0.07	0.04	0.07	0.04	0.09	0.09	0.44	0.20	0.17	0.10	0.07	0.06	0.72	1.00	0.13	0.02	0.05
80L 0.94	0.00	0.00	0.00	0.00	0.08	0.00	0.00	0.01	0.00	1.00	0.00	0.00	0.00	0.00	0.00	0.00	0.00	0.01	0.01	0.08
81W 0.94	0.00	0.00	0.00	0.00	0.00	0.00	0.00	0.00	0.00	0.00	0.00	0.00	0.00	0.00	0.00	0.00	0.00	0.00	1.00	0.00
82A 0.94	0.08	0.00	0.00	0.00	0.00	0.01	0.00	0.00	0.00	0.00	0.00	0.00	0.01	0.00	0.00	1.00	0.01	0.00	0.00	0.00
83L 0.94	0.03	0.18	0.00	0.01	0.02	0.00	0.00	0.14	0.01	1.00	0.03	0.00	0.01	0.01	0.00	0.01	0.02	0.34	0.00	0.00
84S 0.94	0.02	0.08	0.01	0.01	0.00	0.01	0.00	0.01	0.01	0.01	0.00	0.02	0.01	0.01	0.01	1.00	0.68	0.01	0.00	0.00
85V 0.94	0.00	0.00	0.00	0.00	0.00	0.00	0.00	0.00	0.00	0.00	0.00	0.00	0.00	0.00	0.00	0.00	0.00	1.00	0.00	0.00
86A 0.94	0.73	0.01	0.01	0.01	0.00	0.04	0.00	0.00	0.01	0.01	0.00	0.01	0.02	0.01	0.01	1.00	0.02	0.01	0.00	0.00
87I 0.94	0.13	0.02	0.02	0.02	0.10	0.04	0.01	1.00	0.03	0.53	0.87	0.03	0.04	0.03	0.03	0.33	0.12	0.30	0.01	0.02
88F 0.94	0.00	0.00	0.00	0.00	1.00	0.00	0.00	0.00	0.00	0.00	0.00	0.00	0.00	0.00	0.00	0.00	0.00	0.00	0.00	0.00
89S 0.94	1.00	0.09	0.07	0.08	0.03	0.48	0.02	0.04	0.09	0.09	0.04	0.07	0.41	0.06	0.06	0.67	0.20	0.15	0.01	0.03
90V 0.94	0.05	0.01	0.01	0.01	0.35	0.01	0.01	0.21	0.01	0.46	0.06	0.01	0.01	0.01	0.01	0.10	0.04	1.00	0.01	0.03
91G 0.94	0.00	0.00	0.00	0.00	0.00	1.00	0.00	0.00	0.00	0.00	0.00	0.00	0.00	0.00	0.00	0.00	0.00	0.00	0.00	0.00
92G 0.94	0.00	0.00	0.00	0.00	0.00	1.00	0.00	0.00	0.00	0.00	0.00	0.00	0.00	0.00	0.00	0.00	0.00	0.00	0.00	0.00
93M 0.94	0.01	0.00	0.00	0.00	0.48	0.00	0.00	0.06	0.00	0.39	1.00	0.00	0.01	0.01	0.00	0.00	0.01	0.03	0.01	0.01
94I 0.94	0.14	0.01	0.00	0.01	0.01	0.00	0.00	1.00	0.01	0.34	0.01	0.00	0.01	0.00	0.00	0.01	0.08	0.37	0.00	0.00
95S 0.94	0.25	0.00	0.00	0.00	0.00	1.00	0.00	0.00	0.00	0.00	0.00	0.00	0.01	0.00	0.00	0.21	0.01	0.01	0.00	0.00
96S 0.94	0.00	0.00	0.00	0.00	0.00	0.00	0.00	0.00	0.00	0.00	0.00	0.00	0.00	0.00	0.00	1.00	0.00	0.00	0.00	0.00
97F 0.94	0.01	0.00	0.00	0.00	1.00	0.00	0.00	0.05	0.00	0.77	0.03	0.00	0.00	0.00	0.00	0.00	0.01	0.03	0.01	0.04
98L 0.94	0.18	0.05	0.04	0.06	0.24	0.05	0.08	0.42	0.06	1.00	0.23	0.06	0.06	0.07	0.07	0.09	0.15	0.37	0.04	0.14
99I 0.94	0.02	0.01	0.00	0.01	0.02	0.14	0.00	0.40	0.01	0.13	0.02	0.01	0.00	0.00	0.01	0.01	0.02	1.00	0.00	0.01
100G 0.94	0.02	0.00	0.00	0.00	0.00	1.00	0.00	0.00	0.00	0.00	0.00	0.01	0.01	0.00	0.00	0.05	0.00	0.00	0.00	0.00
pos	A	C	D	E	F	G	H	I	K	L	M	N	P	Q	R	S	T	V	W	Y
101I 0.94	0.10	0.03	0.02	0.04	0.21	0.04	0.05	0.33	0.04	1.00	0.21	0.04	0.07	0.05	0.05	0.05	0.07	0.20	0.05	0.10
102I 0.94	0.02	0.00	0.00	0.00	0.56	0.00	0.00	0.24	0.01	1.00	0.13	0.00	0.01	0.01	0.01	0.00	0.01	0.05	0.01	0.01
103S 0.94	1.00	0.10	0.10	0.10	0.10	0.69	0.04	0.17	0.11	0.17	0.06	0.10	0.24	0.08	0.08	0.56	0.21	0.81	0.02	0.07
104Q 0.94	0.01	0.00	0.43	0.01	0.00	0.02	0.01	0.00	0.01	0.00	0.00	1.00	0.01	0.09	0.00	0.02	0.01	0.00	0.00	0.00
105W 0.94	0.07	0.01	0.03	0.09	0.01	0.05	0.05	0.03	0.86	0.05	0.02	0.22	0.05	0.12	1.00	0.21	0.15	0.04	0.10	0.03
106L 0.94	0.03	0.13	0.00	0.01	1.00	0.01	0.00	0.09	0.01	0.89	0.06	0.00	0.01	0.01	0.01	0.01	0.02	0.06	0.13	0.22
107G 0.94	0.00	0.00	0.00	0.00	0.00	1.00	0.00	0.00	0.00	0.00	0.00	0.00	0.00	0.00	0.00	0.00	0.00	0.00	0.00	0.00
108R 0.94	0.00	0.00	0.00	0.00	0.00	0.00	0.00	0.00	0.05	0.00	0.00	0.00	0.00	0.01	1.00	0.00	0.00	0.00	0.00	0.00
109K 0.94	0.10	0.01	0.02	0.13	0.02	0.09	0.08	0.17	1.00	0.10	0.03	0.09	0.07	0.21	0.79	0.08	0.10	0.10	0.01	0.04
110R 0.94	0.12	0.02	0.25	0.16	0.02	0.92	0.11	0.03	0.89	0.08	0.03	1.00	0.09	0.20	0.59	0.18	0.12	0.05	0.02	0.05
111A 0.94	1.00	0.01	0.01	0.01	0.00	0.03	0.00	0.01	0.01	0.01	0.01	0.02	0.02	0.01	0.01	0.86	0.59	0.02	0.00	0.00
112M 0.94	0.01	0.00	0.00	0.00	0.02	0.00	0.00	0.03	0.00	0.88	1.00	0.00	0.00	0.00	0.00	0.00	0.00	0.02	0.00	0.00
113L 0.94	0.00	0.00	0.00	0.00	0.00	0.00	0.00	0.00	0.00	1.00	0.00	0.00	0.00	0.00	0.00	0.00	0.00	0.00	0.00	0.00
114V 0.94	0.17	0.03	0.01	0.02	0.40	0.02	0.01	1.00	0.03	0.91	0.32	0.02	0.03	0.03	0.03	0.03	0.08	0.88	0.02	0.04
115N 0.94	1.00	0.14	0.11	0.15	0.09	0.34	0.06	0.42	0.17	0.36	0.13	0.17	0.25	0.12	0.11	0.53	0.61	0.94	0.03	0.07
116N 0.97	0.00	0.00	0.00	0.00	0.00	0.00	0.00	0.00	0.00	0.00	0.00	1.00	0.00	0.00	0.00	0.00	0.00	0.00	0.00	0.00
117V 0.97	0.01	0.00	0.00	0.00	0.02	0.00	0.00	1.00	0.00	0.63	0.02	0.00	0.00	0.00	0.00	0.13	0.01	0.51	0.00	0.01
118L 0.97	0.01	0.00	0.00	0.00	0.57	0.00	0.00	0.10	0.00	1.00	0.05	0.00	0.01	0.01	0.00	0.00	0.01	0.04	0.01	0.01
119A 1.00	1.00	0.01	0.00	0.01	0.00	0.03	0.00	0.00	0.01	0.01	0.00	0.00	0.01	0.00	0.00	0.80	0.01	0.01	0.00	0.00
120V 1.00	0.05	0.00	0.00	0.00	0.30	0.00	0.00	1.00	0.00	0.31	0.02	0.00	0.00	0.00	0.00	0.00	0.01	0.31	0.00	0.01
121L 1.00	0.37	0.02	0.01	0.02	0.02	0.00	0.00	0.43	0.02	0.41	0.03	0.01	0.02	0.01	0.01	0.02	0.40	1.00	0.00	0.01
122G 1.00	1.00	0.09	0.07	0.08	0.03	0.87	0.02	0.04	0.09	0.08	0.04	0.06	0.53	0.06	0.06	0.58	0.16	0.14	0.01	0.03
123G 1.00	1.00	0.01	0.02	0.01	0.00	0.43	0.00	0.00	0.01	0.01	0.00	0.08	0.02	0.01	0.01	0.05	0.02	0.01	0.00	0.00
124S 1.00	0.27	0.43	0.01	0.03	0.04	0.01	0.01	0.96	0.03	0.70	0.06	0.02	0.04	0.02	0.02	0.14	0.15	1.00	0.01	0.02
125L 1.00	0.00	0.00	0.00	0.00	0.08	0.00	0.00	0.01	0.00	1.00	0.01	0.00	0.00	0.00	0.00	0.00	0.00	0.01	0.00	0.00
pos	A	C	D	E	F	G	H	I	K	L	M	N	P	Q	R	S	T	V	W	Y
126M 1.00	0.00	0.00	0.00	0.00	0.00	0.00	0.00	0.00	0.00	0.00	1.00	0.00	0.00	0.00	0.00	0.00	0.00	0.00	0.00	0.00
127G 1.00	0.06	0.00	0.00	0.00	0.00	1.00	0.00	0.00	0.00	0.00	0.00	0.00	0.01	0.00	0.00	0.01	0.00	0.00	0.00	0.00
128L 1.00	0.34	0.25	0.03	0.06	0.48	0.03	0.04	0.56	0.07	1.00	0.21	0.04	0.08	0.06	0.05	0.07	0.26	0.88	0.03	0.09
129A 1.00	0.37	0.18	0.01	0.01	0.01	0.08	0.00	0.01	0.02	0.02	0.01	0.01	0.04	0.01	0.01	1.00	0.04	0.03	0.00	0.00
130N 1.00	0.01	0.00	0.05	0.05	0.00	0.01	0.00	0.00	1.00	0.01	0.00	0.08	0.01	0.05	0.08	0.01	0.01	0.00	0.00	0.00
131A 1.00	0.19	0.01	0.01	0.01	0.20	0.01	0.00	0.91	0.01	0.82	0.22	0.01	0.01	0.01	0.01	0.01	0.13	1.00	0.01	0.01
132A 1.00	1.00	0.01	0.00	0.00	0.00	0.41	0.00	0.00	0.01	0.00	0.00	0.00	0.01	0.00	0.00	0.03	0.01	0.01	0.00	0.00
133A 1.00	0.41	0.02	0.27	0.63	0.02	0.17	0.06	0.08	1.00	0.17	0.05	0.22	0.38	0.35	0.49	0.32	0.29	0.13	0.01	0.02
134S 1.00	0.32	0.00	0.00	0.00	0.00	0.02	0.00	0.00	0.00	0.00	0.00	0.00	0.01	0.00	0.00	1.00	0.01	0.01	0.00	0.00
135Y 1.00	0.13	0.04	0.05	0.07	1.00	0.08	0.44	0.10	0.07	0.17	0.06	0.08	0.05	0.07	0.09	0.10	0.10	0.50	0.05	0.39
136E 1.00	0.18	0.01	0.13	1.00	0.01	0.04	0.01	0.15	0.06	0.04	0.01	0.02	0.04	0.07	0.02	0.05	0.05	0.08	0.00	0.01
137M 1.00	0.01	0.00	0.00	0.00	0.02	0.00	0.00	0.10	0.00	0.96	1.00	0.00	0.00	0.00	0.00	0.00	0.00	0.02	0.00	0.00
138L 1.00	0.01	0.00	0.00	0.00	0.02	0.00	0.00	1.00	0.00	0.83	0.03	0.00	0.00	0.00	0.00	0.00	0.01	0.04	0.00	0.00
139I 1.00	0.00	0.00	0.00	0.00	0.00	0.00	0.00	1.00	0.00	0.01	0.00	0.00	0.00	0.00	0.00	0.00	0.00	0.11	0.00	0.00
140L 1.00	0.32	0.02	0.01	0.02	0.18	0.01	0.01	0.53	0.02	1.00	0.08	0.02	0.02	0.02	0.02	0.08	0.06	0.39	0.01	0.03
141G 1.00	0.16	0.01	0.01	0.01	0.00	1.00	0.00	0.00	0.01	0.01	0.00	0.01	0.02	0.00	0.00	0.56	0.01	0.01	0.00	0.00
142R 1.00	0.00	0.00	0.00	0.00	0.00	0.00	0.00	0.00	0.00	0.00	0.00	0.00	0.00	0.00	1.00	0.00	0.00	0.00	0.00	0.00
143F 1.00	0.56	0.10	0.10	0.14	0.63	0.34	0.22	0.26	0.15	1.00	0.14	0.14	0.15	0.14	0.16	0.44	0.21	0.54	0.08	0.41
144L 1.00	0.01	0.00	0.00	0.00	0.02	0.00	0.00	1.00	0.00	0.91	0.02	0.00	0.00	0.00	0.00	0.00	0.01	0.56	0.00	0.01
145I 1.00	0.04	0.01	0.00	0.01	0.02	0.01	0.00	1.00	0.01	0.24	0.02	0.01	0.01	0.00	0.01	0.24	0.11	0.82	0.00	0.01
146G 1.00	0.00	0.00	0.00	0.00	0.00	1.00	0.00	0.00	0.00	0.00	0.00	0.00	0.00	0.00	0.00	0.00	0.00	0.00	0.00	0.00
147A 1.00	0.15	0.01	0.00	0.01	0.02	0.00	0.00	1.00	0.01	0.90	0.02	0.00	0.01	0.00	0.00	0.01	0.02	0.63	0.00	0.01
148Y 1.00	0.05	0.04	0.01	0.01	1.00	0.01	0.00	0.09	0.00	0.23	0.05	0.00	0.02	0.00	0.00	0.03	0.03	0.09	0.21	0.88
149S 1.00	0.81	1.00	0.01	0.01	0.00	0.05	0.00	0.00	0.01	0.01	0.00	0.01	0.02	0.01	0.01	0.19	0.02	0.01	0.00	0.00
150G 1.00	0.00	0.00	0.00	0.00	0.00	1.00	0.00	0.00	0.00	0.00	0.00	0.00	0.00	0.00	0.00	0.00	0.00	0.00	0.00	0.00
pos	A	C	D	E	F	G	H	I	K	L	M	N	P	Q	R	S	T	V	W	Y
151L 1.00	0.01	0.00	0.00	0.00	0.01	0.00	0.00	0.31	0.00	1.00	0.01	0.00	0.00	0.00	0.00	0.00	0.00	0.21	0.00	0.00
152T 1.00	0.32	0.12	0.09	0.07	0.03	0.09	0.03	0.16	0.09	0.10	0.04	0.16	0.13	0.07	0.06	0.81	1.00	0.22	0.02	0.03
153S 1.00	0.08	0.02	0.04	0.02	0.01	0.03	0.01	0.02	0.03	0.02	0.01	0.06	0.04	0.02	0.02	1.00	0.89	0.04	0.01	0.19
154G 1.00	0.02	0.00	0.06	0.02	0.00	1.00	0.01	0.00	0.02	0.00	0.00	0.48	0.01	0.01	0.01	0.23	0.01	0.00	0.00	0.01
155L 1.00	0.39	0.06	0.02	0.05	0.55	0.01	0.02	0.40	0.05	0.77	0.12	0.03	0.07	0.04	0.03	0.05	0.26	1.00	0.01	0.04
156V 1.00	0.00	0.00	0.00	0.00	0.00	0.00	0.00	0.08	0.00	0.16	0.00	0.00	0.00	0.00	0.00	0.00	0.00	1.00	0.00	0.00
157P 1.00	0.00	0.00	0.00	0.00	0.00	0.00	0.00	0.00	0.00	0.00	0.00	0.00	1.00	0.00	0.00	0.00	0.00	0.00	0.00	0.00
158M 1.00	0.00	0.00	0.00	0.00	0.00	0.00	0.00	0.00	0.00	0.00	1.00	0.00	0.00	0.00	0.00	0.00	0.00	0.00	0.00	0.00
159Y 1.00	0.00	0.00	0.00	0.00	0.00	0.00	0.00	0.00	0.00	0.00	0.00	0.00	0.00	0.00	0.00	0.00	0.00	0.00	0.00	1.00
160V 1.00	0.01	0.00	0.00	0.00	0.02	0.01	0.00	1.00	0.01	0.92	0.02	0.00	0.00	0.00	0.00	0.01	0.01	0.74	0.00	0.01
161G 1.00	0.02	0.00	0.01	0.00	0.00	1.00	0.00	0.00	0.00	0.00	0.00	0.01	0.01	0.00	0.00	0.09	0.00	0.00	0.00	0.00
162E 1.00	0.00	0.00	0.00	1.00	0.00	0.00	0.00	0.00	0.00	0.00	0.00	0.00	0.00	0.00	0.00	0.00	0.00	0.00	0.00	0.00
163I 1.00	0.02	0.00	0.00	0.00	0.02	0.01	0.00	1.00	0.01	1.00	0.02	0.00	0.00	0.00	0.01	0.01	0.02	0.92	0.00	0.01
164A 1.00	1.00	0.01	0.00	0.01	0.00	0.03	0.00	0.00	0.01	0.01	0.00	0.00	0.01	0.00	0.00	0.80	0.01	0.01	0.00	0.00
165P 1.00	0.00	0.00	0.00	0.00	0.00	0.00	0.00	0.00	0.00	0.00	0.00	0.00	1.00	0.00	0.00	0.00	0.00	0.00	0.00	0.00
166T 1.00	0.06	0.01	0.02	0.07	0.01	0.03	0.03	0.02	0.75	0.04	0.01	0.05	0.04	0.16	0.21	0.09	1.00	0.03	0.01	0.02
167H 1.00	0.72	0.07	0.67	0.51	0.07	0.46	0.20	0.11	0.45	0.16	0.06	1.00	0.23	0.30	0.26	0.92	0.95	0.18	0.03	0.11
168L 1.00	0.00	0.00	0.00	0.00	0.02	0.00	0.00	0.02	0.00	1.00	0.01	0.00	0.00	0.00	0.00	0.00	0.00	0.01	0.06	0.01
169R 1.00	0.00	0.00	0.00	0.00	0.00	0.00	0.00	0.00	0.00	0.00	0.00	0.00	0.00	0.00	1.00	0.00	0.00	0.00	0.00	0.00
170G 1.00	0.00	0.00	0.00	0.00	0.00	1.00	0.00	0.00	0.00	0.00	0.00	0.00	0.00	0.00	0.00	0.00	0.00	0.00	0.00	0.00
171A 1.00	1.00	0.00	0.00	0.00	0.00	0.02	0.00	0.01	0.00	0.01	0.08	0.00	0.01	0.00	0.00	0.02	0.01	0.01	0.00	0.00
172L 1.00	0.01	0.00	0.00	0.00	0.32	0.00	0.00	0.11	0.00	1.00	0.03	0.00	0.00	0.00	0.00	0.00	0.01	0.14	0.00	0.00
173G 1.00	0.00	0.00	0.00	0.00	0.00	1.00	0.00	0.00	0.00	0.00	0.00	0.00	0.00	0.00	0.00	0.00	0.00	0.00	0.00	0.00
174T 1.00	0.10	0.01	0.00	0.01	0.00	0.01	0.00	0.04	0.01	0.03	0.01	0.01	0.01	0.01	0.00	0.02	1.00	0.44	0.00	0.00
175L 1.00	0.02	0.01	0.00	0.09	0.13	0.00	0.00	0.11	0.01	1.00	0.17	0.01	0.01	0.01	0.01	0.01	0.01	0.37	0.01	0.01
pos	A	C	D	E	F	G	H	I	K	L	M	N	P	Q	R	S	T	V	W	Y
176N 1.00	0.27	0.06	0.43	0.16	0.04	0.30	0.21	0.07	0.19	0.08	0.04	0.64	0.22	0.13	0.11	0.86	1.00	0.11	0.02	0.07
177Q 1.00	0.01	0.00	0.02	0.17	0.00	0.00	0.00	0.00	0.01	0.00	0.00	0.00	0.00	1.00	0.00	0.00	0.00	0.00	0.00	0.00
178L 1.00	0.00	0.00	0.00	0.00	0.01	0.00	0.00	0.02	0.00	1.00	0.01	0.00	0.00	0.00	0.00	0.00	0.00	0.15	0.00	0.00
179A 1.00	1.00	0.10	0.08	0.09	0.06	0.54	0.02	0.05	0.10	0.10	0.05	0.07	0.24	0.07	0.07	0.49	0.17	0.16	0.02	0.04
180I 1.00	0.00	0.00	0.00	0.00	0.00	0.00	0.00	1.00	0.00	0.10	0.00	0.00	0.00	0.00	0.00	0.00	0.00	0.19	0.00	0.00
181V 1.00	0.03	0.01	0.00	0.00	0.01	0.00	0.00	0.27	0.01	0.04	0.01	0.00	0.01	0.00	0.00	0.01	0.40	1.00	0.00	0.00
182I 1.00	0.02	0.00	0.00	0.00	0.01	0.00	0.00	0.64	0.00	0.23	0.01	0.00	0.00	0.00	0.00	0.00	0.36	1.00	0.00	0.00
183G 1.00	0.00	0.00	0.00	0.00	0.00	1.00	0.00	0.00	0.00	0.00	0.00	0.00	0.00	0.00	0.00	0.00	0.00	0.00	0.00	0.00
184I 1.00	0.00	0.00	0.00	0.00	0.00	0.00	0.00	1.00	0.00	0.01	0.00	0.00	0.00	0.00	0.00	0.00	0.00	0.17	0.00	0.00
185L 1.00	0.00	0.00	0.00	0.00	0.09	0.00	0.00	0.01	0.00	1.00	0.01	0.00	0.00	0.00	0.00	0.00	0.00	0.01	0.00	0.00
186I 1.00	0.00	0.00	0.00	0.00	0.01	0.00	0.00	0.82	0.00	0.27	0.01	0.00	0.00	0.00	0.00	0.00	0.01	1.00	0.00	0.00
187A 1.00	1.00	0.00	0.00	0.00	0.00	0.02	0.00	0.00	0.00	0.00	0.00	0.00	0.01	0.00	0.00	0.24	0.01	0.01	0.00	0.00
188Q 1.00	0.00	0.00	0.00	0.00	0.00	0.00	0.00	0.00	0.00	0.00	0.00	0.00	0.00	1.00	0.00	0.00	0.00	0.00	0.00	0.00
189V 1.00	0.00	0.00	0.00	0.00	0.00	0.00	0.00	1.00	0.00	0.11	0.00	0.00	0.00	0.00	0.00	0.00	0.00	0.44	0.00	0.00
190L 1.00	0.12	0.01	0.00	0.00	1.00	0.00	0.00	0.12	0.01	0.29	0.03	0.00	0.01	0.01	0.00	0.01	0.02	0.17	0.00	0.01
191G 1.00	0.03	0.00	0.01	0.00	0.00	1.00	0.00	0.00	0.00	0.00	0.00	0.01	0.01	0.00	0.00	0.15	0.01	0.00	0.00	0.00
192L 1.00	0.00	0.00	0.00	0.00	0.00	0.00	0.00	0.00	0.00	1.00	0.00	0.00	0.00	0.00	0.00	0.00	0.00	0.00	0.00	0.00
193E 1.00	0.38	0.02	0.76	1.00	0.03	0.19	0.07	0.09	0.56	0.14	0.05	0.24	0.15	0.48	0.58	0.42	0.27	0.14	0.01	0.03
194S 1.00	0.55	0.18	0.23	0.31	0.72	0.35	0.54	0.41	0.32	0.67	0.23	0.33	0.22	0.31	0.37	0.46	0.42	0.52	0.19	1.00
195L 1.00	0.00	0.00	0.00	0.00	0.01	0.00	0.00	1.00	0.00	0.40	0.01	0.00	0.00	0.00	0.00	0.00	0.00	0.09	0.00	0.00
196L 1.00	0.01	0.00	0.00	0.00	0.02	0.00	0.00	0.03	0.00	1.00	0.27	0.00	0.00	0.00	0.08	0.00	0.00	0.02	0.00	0.00
197G 1.00	0.32	0.01	0.01	0.01	0.00	1.00	0.00	0.00	0.01	0.01	0.00	0.01	0.01	0.09	0.00	0.03	0.01	0.01	0.00	0.00
198T 1.00	0.04	0.01	0.03	0.01	0.00	0.02	0.01	0.01	0.02	0.01	0.01	1.00	0.02	0.12	0.01	0.38	0.45	0.02	0.00	0.01
199A 1.00	0.51	0.03	0.40	1.00	0.04	0.18	0.11	0.09	0.52	0.15	0.05	0.23	0.22	0.40	0.24	0.33	0.26	0.19	0.01	0.08
200S 1.00	0.50	0.03	0.70	1.00	0.02	0.26	0.06	0.08	0.41	0.13	0.05	0.22	0.13	0.27	0.23	0.44	0.32	0.16	0.01	0.02
pos	A	C	D	E	F	G	H	I	K	L	M	N	P	Q	R	S	T	V	W	Y
201L 0.97	0.53	0.15	0.37	0.30	0.60	0.47	0.46	0.45	0.40	1.00	0.27	0.49	0.23	0.31	0.40	0.46	0.38	0.47	0.15	0.77
202W 1.00	0.00	0.00	0.00	0.00	0.00	0.00	0.00	0.00	0.00	0.00	0.00	0.00	0.00	0.00	0.00	0.00	0.00	0.00	1.00	0.00
203P 1.00	0.03	0.01	0.04	0.02	0.01	0.06	0.17	0.01	0.03	0.02	0.00	0.03	1.00	0.02	0.02	0.03	0.02	0.01	0.01	0.01
204L 1.00	0.01	0.00	0.00	0.00	0.02	0.08	0.00	1.00	0.01	0.78	0.02	0.00	0.00	0.00	0.00	0.01	0.01	0.53	0.00	0.01
205L 1.00	0.00	0.00	0.00	0.00	0.00	0.00	0.00	0.00	0.00	1.00	0.00	0.00	0.00	0.00	0.00	0.00	0.00	0.00	0.00	0.00
206L 1.00	0.00	0.00	0.00	0.00	0.00	0.00	0.00	0.00	0.00	1.00	0.00	0.00	0.00	0.00	0.00	0.00	0.00	0.00	0.00	0.00
207G 1.00	0.20	0.00	0.00	0.00	0.00	1.00	0.00	0.00	0.00	0.00	0.00	0.00	0.01	0.00	0.00	0.18	0.01	0.01	0.00	0.00
208L 1.00	0.01	0.00	0.00	0.00	0.29	0.00	0.00	0.08	0.00	1.00	0.03	0.00	0.00	0.00	0.00	0.00	0.01	0.17	0.00	0.00
209T 1.00	0.03	0.01	0.01	0.01	0.00	0.01	0.00	0.20	0.01	0.01	0.00	0.02	0.01	0.01	0.01	0.34	1.00	0.02	0.00	0.00
210V 1.00	0.39	0.06	0.05	0.07	0.18	0.22	0.07	1.00	0.08	0.57	0.12	0.07	0.10	0.06	0.08	0.20	0.14	0.97	0.04	0.16
211L 1.00	0.01	0.00	0.00	0.00	0.02	0.10	0.00	0.68	0.00	0.34	0.02	0.00	0.00	0.00	0.00	0.00	0.01	1.00	0.00	0.01
212P 1.00	0.08	0.00	0.00	0.00	0.00	0.02	0.00	0.00	0.01	0.00	0.00	0.00	1.00	0.00	0.04	0.02	0.01	0.01	0.00	0.00
213A 1.00	1.00	0.00	0.00	0.00	0.00	0.01	0.00	0.00	0.00	0.00	0.00	0.00	0.01	0.00	0.00	0.01	0.02	0.01	0.00	0.00
214L 0.97	0.14	0.01	0.01	0.01	0.06	0.10	0.00	1.00	0.02	0.83	0.06	0.01	0.01	0.01	0.01	0.02	0.04	0.84	0.01	0.02
215L 0.97	0.00	0.00	0.00	0.00	0.01	0.00	0.00	0.12	0.00	1.00	0.01	0.00	0.00	0.00	0.00	0.00	0.00	0.01	0.00	0.00
216Q 1.00	0.10	0.00	0.01	0.01	0.00	0.02	0.00	0.00	0.01	0.01	0.00	0.00	0.01	1.00	0.01	0.02	0.01	0.01	0.00	0.00
217L 1.00	0.90	0.26	0.10	0.13	0.30	0.42	0.12	0.38	0.14	1.00	0.22	0.12	0.23	0.13	0.13	0.53	0.31	0.47	0.06	0.23
218V 1.00	0.39	0.02	0.01	0.02	0.14	0.01	0.01	0.54	0.02	1.00	0.10	0.01	0.02	0.02	0.02	0.02	0.06	0.52	0.01	0.02
219L 1.00	0.70	0.18	0.06	0.10	0.26	0.07	0.13	0.43	0.11	1.00	0.12	0.09	0.11	0.10	0.10	0.19	0.40	0.81	0.05	0.23
220L 1.00	0.01	0.00	0.00	0.00	0.01	0.01	0.00	0.03	0.00	1.00	0.02	0.00	0.07	0.00	0.00	0.00	0.00	0.02	0.00	0.00
221P 1.00	0.08	0.02	0.01	0.02	0.31	0.02	0.01	0.30	0.02	1.00	0.19	0.02	0.66	0.03	0.02	0.03	0.04	0.18	0.04	0.11
222F 1.00	0.00	0.03	0.00	0.00	1.00	0.00	0.00	0.01	0.00	0.10	0.01	0.00	0.00	0.00	0.00	0.00	0.00	0.01	0.01	0.02
223C 1.00	0.64	0.88	0.05	0.06	1.00	0.30	0.02	0.14	0.06	0.28	0.07	0.05	0.15	0.05	0.05	0.29	0.14	0.23	0.10	0.39
224P 1.00	0.00	0.00	0.00	0.00	0.00	0.00	0.00	0.00	0.00	0.00	0.00	0.00	1.00	0.00	0.00	0.00	0.00	0.00	0.00	0.00
225E 1.00	0.00	0.00	0.00	1.00	0.00	0.00	0.00	0.00	0.00	0.00	0.00	0.00	0.00	0.00	0.00	0.00	0.00	0.00	0.00	0.00
pos	A	C	D	E	F	G	H	I	K	L	M	N	P	Q	R	S	T	V	W	Y
226S 1.00	0.00	0.00	0.00	0.00	0.00	0.00	0.00	0.00	0.00	0.00	0.00	0.00	0.00	0.00	0.00	1.00	0.00	0.00	0.00	0.00
227P 1.00	0.00	0.00	0.00	0.00	0.00	0.00	0.00	0.00	0.00	0.00	0.00	0.00	1.00	0.00	0.00	0.00	0.00	0.00	0.00	0.00
228R 1.00	0.00	0.00	0.00	0.00	0.00	0.00	0.00	0.00	0.00	0.00	0.00	0.00	0.00	0.00	1.00	0.00	0.00	0.00	0.00	0.00
229Y 1.00	0.00	0.00	0.00	0.00	0.62	0.00	0.00	0.01	0.00	0.01	0.00	0.00	0.00	0.00	0.00	0.00	0.00	0.01	0.01	1.00
230L 1.00	0.03	0.00	0.01	0.01	0.01	0.01	0.00	0.02	0.01	1.00	0.01	0.01	0.01	0.01	0.01	0.13	0.10	0.02	0.00	0.00
231Y 0.97	0.01	0.00	0.00	0.00	0.09	0.00	0.00	0.03	0.00	1.00	0.02	0.00	0.00	0.00	0.00	0.00	0.00	0.02	0.02	0.37
232I 1.00	0.00	0.00	0.00	0.00	0.01	0.00	0.00	1.00	0.00	0.09	0.01	0.00	0.00	0.00	0.00	0.00	0.00	0.02	0.00	0.00
233I 1.00	0.47	0.04	0.45	0.75	0.04	0.36	0.12	0.21	1.00	0.21	0.07	0.85	0.20	0.77	0.54	0.46	0.37	0.18	0.02	0.06
234Q 1.00	0.09	0.01	0.02	0.13	0.02	0.06	0.08	0.04	1.00	0.28	0.03	0.11	0.07	0.33	0.82	0.07	0.10	0.05	0.01	0.04
235N 1.00	0.42	0.04	0.72	0.89	0.04	0.56	0.12	0.09	1.00	0.15	0.09	0.78	0.19	0.36	0.28	0.48	0.32	0.14	0.01	0.05
236L 1.00	0.09	0.00	0.57	1.00	0.01	0.04	0.02	0.02	0.19	0.10	0.01	0.10	0.13	0.10	0.04	0.07	0.05	0.03	0.00	0.01
237E 1.00	0.06	0.00	0.03	1.00	0.00	0.01	0.00	0.01	0.03	0.01	0.00	0.01	0.01	0.02	0.08	0.01	0.01	0.06	0.00	0.00
238G 1.00	0.77	0.06	0.63	1.00	0.06	0.40	0.13	0.18	0.90	0.30	0.10	0.52	0.27	0.57	0.51	0.73	0.56	0.29	0.02	0.05
239P 0.97	0.77	0.05	0.61	1.00	0.05	0.37	0.12	0.18	0.96	0.30	0.10	0.50	0.28	0.59	0.57	0.72	0.58	0.28	0.02	0.04
240A 1.00	1.00	0.00	0.00	0.01	0.00	0.02	0.00	0.00	0.01	0.01	0.00	0.00	0.01	0.00	0.07	0.02	0.01	0.01	0.00	0.00
241R 1.00	0.01	0.00	0.00	0.11	0.00	0.01	0.01	0.01	1.00	0.01	0.00	0.01	0.01	0.17	0.34	0.01	0.12	0.01	0.00	0.01
242K 1.00	0.13	0.01	0.10	0.42	0.01	0.06	0.02	0.03	1.00	0.05	0.02	0.16	0.05	0.61	0.30	0.53	0.17	0.05	0.00	0.01
243S 1.00	0.98	0.07	0.02	0.05	0.04	0.05	0.01	0.68	0.05	0.24	0.07	0.03	0.08	0.04	0.03	0.47	0.24	1.00	0.01	0.02
244L 1.00	0.00	0.00	0.00	0.00	0.00	0.00	0.00	0.00	0.00	1.00	0.00	0.00	0.00	0.00	0.00	0.00	0.00	0.00	0.00	0.00
245K 1.00	0.02	0.00	0.00	0.02	0.00	0.01	0.01	0.01	1.00	0.02	0.01	0.02	0.01	0.88	0.47	0.01	0.02	0.01	0.00	0.01
246R 1.00	0.02	0.00	0.00	0.02	0.00	0.01	0.01	0.01	0.36	0.02	0.01	0.02	0.01	0.03	1.00	0.11	0.19	0.01	0.00	0.01
247L 1.00	0.00	0.00	0.00	0.00	0.01	0.00	0.00	0.04	0.00	1.00	0.01	0.00	0.00	0.00	0.00	0.00	0.00	0.01	0.00	0.00
248T 1.00	0.10	0.01	0.03	0.10	0.02	0.07	0.06	0.04	0.46	0.08	0.03	0.08	0.07	0.16	1.00	0.11	0.18	0.05	0.17	0.03
249G 1.00	0.00	0.00	0.00	0.00	0.00	1.00	0.00	0.00	0.00	0.00	0.00	0.00	0.00	0.00	0.00	0.00	0.00	0.00	0.00	0.00
250W 1.00	0.56	0.19	0.29	0.31	0.70	0.39	0.56	0.40	0.35	0.66	0.23	0.43	0.24	0.33	0.38	0.60	0.63	0.52	0.19	1.00
pos	A	C	D	E	F	G	H	I	K	L	M	N	P	Q	R	S	T	V	W	Y
251A 1.00	0.81	0.08	0.72	1.00	0.05	0.35	0.15	0.17	0.90	0.28	0.10	0.49	0.27	0.63	0.48	0.69	0.60	0.26	0.02	0.04
252D 1.00	0.01	0.00	1.00	0.01	0.00	0.02	0.01	0.00	0.01	0.00	0.00	0.08	0.00	0.00	0.00	0.15	0.01	0.00	0.00	0.00
253V 1.00	0.02	0.00	0.00	0.00	0.00	0.00	0.00	0.13	0.00	0.03	0.10	0.00	0.06	0.00	0.00	0.00	0.01	1.00	0.00	0.00
254S 1.00	0.74	0.05	0.73	1.00	0.07	0.35	0.15	0.20	0.85	0.29	0.13	0.46	0.26	0.54	0.49	0.81	0.71	0.29	0.02	0.07
255G 1.00	0.79	0.05	0.51	0.83	0.07	0.37	0.14	0.17	1.00	0.30	0.12	0.42	0.24	0.69	0.69	0.63	0.49	0.25	0.02	0.07
256V 1.00	0.04	0.00	0.87	1.00	0.00	0.02	0.01	0.01	0.04	0.01	0.00	0.02	0.03	0.06	0.01	0.02	0.02	0.10	0.00	0.01
257L 1.00	0.01	0.00	0.00	0.00	0.03	0.00	0.00	1.00	0.00	0.80	0.30	0.00	0.00	0.00	0.00	0.00	0.01	0.19	0.00	0.00
258A 1.00	0.51	0.02	0.23	1.00	0.02	0.12	0.04	0.05	0.27	0.09	0.03	0.34	0.09	0.82	0.15	0.29	0.27	0.08	0.01	0.02
259E 1.00	0.01	0.00	0.10	1.00	0.00	0.00	0.00	0.00	0.01	0.00	0.00	0.00	0.00	0.01	0.00	0.00	0.00	0.00	0.00	0.00
260L 1.00	0.01	0.00	0.00	0.00	0.01	0.00	0.00	0.41	0.00	0.16	1.00	0.00	0.00	0.00	0.00	0.00	0.00	0.02	0.00	0.00
261K 1.00	0.02	0.00	0.00	0.11	0.00	0.02	0.02	0.01	1.00	0.12	0.01	0.02	0.02	0.11	0.87	0.02	0.02	0.01	0.00	0.01
262D 1.00	0.50	0.02	0.76	1.00	0.02	0.17	0.05	0.08	0.94	0.20	0.05	0.22	0.12	0.37	0.37	0.33	0.35	0.13	0.01	0.02
263E 1.00	0.00	0.00	0.00	1.00	0.00	0.00	0.00	0.00	0.00	0.00	0.00	0.00	0.00	0.00	0.00	0.00	0.00	0.00	0.00	0.00
264K 1.00	0.69	0.04	0.84	0.86	0.04	0.35	0.10	0.15	0.94	0.24	0.08	0.40	0.22	0.46	0.50	1.00	0.45	0.22	0.01	0.03
265R 1.00	0.57	0.03	0.26	1.00	0.04	0.17	0.07	0.15	0.45	0.17	0.13	0.22	0.13	0.34	0.89	0.31	0.27	0.22	0.01	0.05
266K 1.00	0.61	0.04	0.41	0.80	0.04	0.27	0.13	0.14	1.00	0.24	0.08	0.35	0.22	0.55	0.72	0.49	0.42	0.20	0.02	0.05
267L 1.00	0.48	0.06	0.19	0.40	0.19	0.15	0.04	0.44	0.15	1.00	0.26	0.07	0.14	0.15	0.09	0.18	0.20	0.50	0.03	0.05
268E 1.00	0.64	0.04	0.49	0.84	0.04	0.31	0.12	0.15	1.00	0.26	0.16	0.40	0.23	0.54	0.64	0.74	0.47	0.23	0.02	0.04
269R 1.00	1.00	0.07	0.52	0.77	0.06	0.35	0.13	0.18	0.87	0.27	0.10	0.52	0.27	0.69	0.71	0.97	0.97	0.27	0.03	0.06
270E 1.00	0.40	0.01	0.11	1.00	0.01	0.06	0.01	0.03	0.05	0.03	0.01	0.02	0.05	0.06	0.02	0.07	0.05	0.10	0.00	0.01
271R 1.00	0.13	0.01	0.03	0.18	0.03	0.22	0.11	0.05	1.00	0.12	0.04	0.13	0.10	0.32	0.74	0.11	0.13	0.07	0.02	0.06
272P 1.00	0.52	0.15	0.21	0.39	0.59	0.34	0.52	0.36	1.00	0.62	0.20	0.35	0.25	0.52	0.87	0.42	0.43	0.45	0.16	0.80
273L 1.00	0.06	0.00	0.00	0.00	0.01	0.00	0.00	0.39	0.00	0.31	0.01	0.00	0.00	0.00	0.00	0.00	0.01	1.00	0.00	0.00
274S 1.00	0.01	0.00	0.01	0.00	0.00	0.00	0.00	0.00	0.01	0.00	0.00	0.01	0.01	0.00	0.00	1.00	0.62	0.01	0.00	0.00
275L 1.00	0.00	0.00	0.00	0.00	0.00	0.00	0.00	0.43	0.00	0.10	0.00	0.00	0.00	0.00	0.00	0.00	0.00	1.00	0.00	0.00
pos	A	C	D	E	F	G	H	I	K	L	M	N	P	Q	R	S	T	V	W	Y
276L 1.00	0.03	0.01	0.01	0.01	0.07	0.05	0.01	0.26	0.01	1.00	0.10	0.01	0.01	0.02	0.08	0.01	0.02	0.07	0.07	0.02
277Q 1.00	0.28	0.01	0.13	1.00	0.01	0.07	0.19	0.04	0.54	0.06	0.02	0.19	0.05	0.63	0.11	0.14	0.18	0.05	0.00	0.01
278L 1.00	0.00	0.00	0.00	0.00	0.01	0.00	0.00	0.01	0.00	1.00	0.04	0.00	0.00	0.00	0.00	0.00	0.00	0.01	0.00	0.00
279L 1.00	0.01	0.16	0.00	0.00	1.00	0.00	0.00	0.04	0.00	0.17	0.02	0.00	0.00	0.00	0.00	0.01	0.01	0.03	0.02	0.09
280G 1.00	0.64	0.04	0.23	0.39	0.04	0.31	0.09	0.09	0.72	0.16	0.06	0.24	0.17	0.31	1.00	0.50	0.65	0.15	0.02	0.04
281S 1.00	0.68	0.19	0.34	0.47	0.71	0.41	0.56	0.44	0.48	0.74	0.27	0.41	0.26	0.41	0.45	0.59	0.53	0.59	0.19	1.00
282R 1.00	1.00	0.09	0.20	0.38	0.06	0.52	0.13	0.11	0.89	0.22	0.08	0.25	0.41	0.40	0.86	0.68	0.42	0.22	0.03	0.08
283T 1.00	0.36	0.01	0.11	0.17	0.01	0.18	0.02	0.03	0.24	0.05	0.07	0.38	0.13	0.10	0.09	1.00	0.22	0.05	0.00	0.01
284H 1.00	0.05	0.02	0.02	0.03	0.08	0.03	0.13	0.09	0.04	0.89	0.06	0.03	0.02	0.03	0.04	0.03	0.04	0.07	0.02	1.00
285R 1.00	0.11	0.01	0.00	0.01	0.03	0.02	0.01	0.02	0.03	0.03	0.01	0.01	0.01	0.01	1.00	0.02	0.02	0.05	0.00	0.01
286Q 1.00	0.59	0.19	0.57	0.61	0.21	1.00	0.25	0.26	0.90	0.61	0.15	0.43	0.60	0.76	0.79	0.45	0.40	0.31	0.35	0.21
287P 1.00	0.39	0.03	0.06	0.10	0.01	0.17	0.01	0.02	0.07	0.04	0.02	0.04	1.00	0.67	0.05	0.16	0.07	0.06	0.01	0.01
288L 1.00	0.01	0.00	0.00	0.00	0.01	0.00	0.00	1.00	0.00	0.81	0.01	0.00	0.00	0.00	0.00	0.00	0.01	0.36	0.00	0.00
289I 0.97	0.01	0.00	0.00	0.00	0.02	0.00	0.00	1.00	0.00	0.89	0.02	0.00	0.00	0.00	0.00	0.00	0.01	0.16	0.00	0.00
290I 1.00	0.08	0.02	0.01	0.01	0.04	0.02	0.00	1.00	0.02	0.23	0.04	0.01	0.02	0.01	0.01	0.34	0.07	0.77	0.01	0.02
291A 1.00	1.00	0.08	0.07	0.08	0.05	0.12	0.03	0.61	0.10	0.21	0.11	0.12	0.14	0.07	0.06	0.88	0.73	0.53	0.01	0.03
292V 1.00	0.00	0.00	0.00	0.00	0.01	0.00	0.00	1.00	0.00	0.37	0.01	0.00	0.00	0.00	0.00	0.00	0.01	0.64	0.00	0.00
293V 1.00	0.02	0.01	0.00	0.00	0.01	0.00	0.00	0.10	0.00	0.03	0.34	0.00	0.01	0.00	0.00	0.00	0.06	1.00	0.00	0.00
294L 1.00	0.01	0.00	0.00	0.00	0.02	0.00	0.00	0.04	0.00	1.00	0.02	0.00	0.07	0.00	0.00	0.00	0.01	0.07	0.00	0.00
295Q 1.00	0.10	0.02	0.02	0.06	0.18	0.04	0.13	0.32	0.15	1.00	0.41	0.04	0.05	0.36	0.13	0.05	0.07	0.20	0.03	0.06
296L 1.00	0.19	0.02	0.01	0.02	0.15	0.06	0.02	0.36	0.02	1.00	0.22	0.02	0.03	0.03	0.02	0.02	0.04	0.24	0.02	0.03
297S 1.00	1.00	0.09	0.08	0.08	0.03	0.71	0.02	0.04	0.09	0.08	0.04	0.07	0.22	0.06	0.06	0.78	0.17	0.14	0.06	0.03
298Q 1.00	0.00	0.00	0.00	0.00	0.00	0.00	0.00	0.00	0.00	0.00	0.00	0.00	0.00	1.00	0.00	0.00	0.00	0.00	0.00	0.00
299Q 1.00	0.00	0.00	0.00	0.00	0.00	0.00	0.00	0.00	0.00	0.00	0.00	0.00	0.00	1.00	0.00	0.00	0.00	0.00	0.00	0.00
300L 1.00	0.01	0.00	0.00	0.00	0.27	0.00	0.00	0.03	0.00	1.00	0.02	0.00	0.00	0.00	0.00	0.00	0.00	0.01	0.00	0.01
pos	A	C	D	E	F	G	H	I	K	L	M	N	P	Q	R	S	T	V	W	Y
301S 1.00	0.00	0.00	0.00	0.00	0.00	0.00	0.00	0.00	0.00	0.00	0.00	0.00	0.00	0.00	0.00	1.00	0.00	0.00	0.00	0.00
302G 1.00	0.00	0.00	0.00	0.00	0.00	1.00	0.00	0.00	0.00	0.00	0.00	0.00	0.00	0.00	0.00	0.00	0.00	0.00	0.00	0.00
303I 1.00	0.00	0.00	0.00	0.00	0.00	0.00	0.00	1.00	0.00	0.02	0.00	0.00	0.00	0.00	0.00	0.00	0.00	0.39	0.00	0.00
304N 1.00	0.00	0.00	0.00	0.00	0.00	0.00	0.00	0.00	0.00	0.00	0.00	1.00	0.00	0.00	0.00	0.00	0.00	0.00	0.00	0.00
305A 1.00	1.00	0.00	0.00	0.00	0.00	0.18	0.00	0.00	0.00	0.00	0.00	0.00	0.01	0.00	0.00	0.02	0.01	0.01	0.00	0.00
306V 1.00	0.01	0.00	0.00	0.00	0.01	0.00	0.00	0.96	0.00	0.03	0.01	0.00	0.00	0.00	0.00	0.00	0.01	1.00	0.00	0.00
307F 1.00	0.04	0.01	0.06	0.03	1.00	0.06	0.04	0.03	0.03	0.05	0.02	0.27	0.02	0.03	0.03	0.05	0.04	0.03	0.01	0.47
308Y 1.00	0.00	0.00	0.00	0.00	0.00	0.00	0.00	0.00	0.00	0.00	0.00	0.00	0.00	0.00	0.00	0.00	0.00	0.00	0.00	1.00
309Y 1.00	0.00	0.00	0.00	0.00	0.00	0.00	0.00	0.00	0.00	0.00	0.00	0.00	0.00	0.00	0.00	0.00	0.00	0.00	0.00	1.00
310S 1.00	0.58	0.01	0.12	0.01	0.00	0.05	0.00	0.00	0.01	0.01	0.00	0.02	0.02	0.01	0.01	1.00	0.03	0.01	0.00	0.00
311T 0.97	0.18	0.04	0.51	0.17	0.02	0.18	0.05	0.04	0.11	0.05	0.02	0.28	0.10	0.09	0.06	0.45	1.00	0.07	0.01	0.04
312S 1.00	0.29	0.04	0.21	0.20	0.03	0.42	0.05	0.07	0.21	0.09	0.04	0.30	0.13	0.44	0.13	1.00	0.80	0.17	0.02	0.04
313I 1.00	0.00	0.00	0.00	0.00	0.00	0.00	0.00	1.00	0.00	0.00	0.00	0.00	0.00	0.00	0.00	0.00	0.00	0.00	0.00	0.00
314F 1.00	0.00	0.00	0.00	0.00	1.00	0.00	0.00	0.01	0.00	0.01	0.00	0.00	0.00	0.00	0.00	0.00	0.00	0.01	0.01	0.65
315E 1.00	0.42	0.03	0.44	0.91	0.05	0.21	0.14	0.11	1.00	0.22	0.07	0.28	0.21	0.51	0.71	0.35	0.33	0.17	0.02	0.07
316T 1.00	0.21	0.03	0.49	0.21	0.02	0.12	0.05	0.05	0.47	0.08	0.03	0.20	0.09	0.14	0.27	1.00	0.75	0.08	0.01	0.02
317A 1.00	1.00	0.00	0.00	0.00	0.00	0.02	0.00	0.00	0.00	0.00	0.00	0.00	0.08	0.00	0.00	0.05	0.01	0.01	0.00	0.00
318G 1.00	0.05	0.01	0.01	0.01	0.01	1.00	0.00	0.01	0.01	0.09	0.01	0.01	0.02	0.01	0.01	0.02	0.01	0.01	0.00	0.00
319V 1.00	0.01	0.00	0.07	0.00	0.01	0.00	0.00	0.32	0.00	0.05	0.01	0.00	0.00	0.00	0.00	0.00	0.01	1.00	0.00	0.00
320G 1.00	0.77	0.05	0.63	1.00	0.05	0.42	0.12	0.18	0.95	0.29	0.10	0.51	0.29	0.71	0.52	0.79	0.61	0.28	0.02	0.04
321Q 1.00	0.06	0.00	0.40	0.78	0.01	0.03	0.17	0.01	0.19	0.02	0.01	0.04	0.03	1.00	0.03	0.11	0.03	0.02	0.00	0.01
322P 1.00	0.06	0.00	0.21	0.20	0.01	0.03	0.01	0.01	0.07	0.02	0.01	0.04	1.00	0.11	0.04	0.26	0.17	0.07	0.00	0.00
323A 1.00	0.40	0.07	0.05	0.09	0.05	0.02	0.02	0.49	0.07	0.28	0.08	0.03	0.08	0.19	0.04	0.07	0.26	1.00	0.01	0.02
324Y 1.00	0.00	0.00	0.00	0.00	0.05	0.00	0.00	0.00	0.00	0.01	0.00	0.00	0.00	0.00	0.00	0.00	0.00	0.00	0.01	1.00
325A 1.00	1.00	0.03	0.01	0.02	0.05	0.06	0.01	0.10	0.02	0.08	0.02	0.01	0.05	0.02	0.02	0.07	0.08	0.62	0.01	0.12
pos	A	C	D	E	F	G	H	I	K	L	M	N	P	Q	R	S	T	V	W	Y
326T 1.00	0.00	0.00	0.00	0.00	0.00	0.00	0.00	0.00	0.00	0.00	0.00	0.00	0.00	0.00	0.00	0.00	1.00	0.00	0.00	0.00
327I 1.00	0.35	0.01	0.00	0.01	0.02	0.00	0.00	1.00	0.01	0.15	0.02	0.00	0.01	0.00	0.01	0.01	0.03	0.36	0.00	0.01
328G 1.00	0.10	0.00	0.00	0.00	0.00	1.00	0.00	0.00	0.00	0.00	0.00	0.00	0.01	0.00	0.00	0.04	0.00	0.00	0.00	0.00
329A 1.00	0.90	0.02	0.03	0.03	0.01	0.05	0.01	0.05	0.03	0.04	0.02	0.05	0.05	0.03	0.02	0.95	1.00	0.60	0.01	0.01
330G 1.00	0.00	0.00	0.00	0.00	0.00	1.00	0.00	0.00	0.00	0.00	0.00	0.00	0.00	0.00	0.00	0.00	0.00	0.00	0.00	0.00
331V 1.00	0.71	0.02	0.01	0.02	0.02	0.00	0.00	0.36	0.02	0.10	0.03	0.01	0.02	0.01	0.01	0.02	0.08	1.00	0.00	0.01
332V 1.00	0.00	0.00	0.00	0.00	0.00	0.00	0.00	0.15	0.00	0.01	0.00	0.00	0.00	0.00	0.00	0.00	0.00	1.00	0.00	0.00
333N 1.00	0.00	0.00	0.00	0.00	0.00	0.00	0.00	0.00	0.00	0.00	0.00	1.00	0.00	0.00	0.00	0.00	0.00	0.00	0.00	0.00
334T 1.00	0.14	0.03	0.01	0.02	0.05	0.01	0.01	0.59	0.03	0.37	0.22	0.01	0.03	0.02	0.02	0.03	0.89	1.00	0.01	0.02
335V 1.00	0.32	0.01	0.00	0.01	0.15	0.01	0.00	0.77	0.01	0.44	0.03	0.00	0.01	0.00	0.01	0.01	0.03	1.00	0.00	0.01
336F 1.00	0.02	0.00	0.00	0.00	1.00	0.00	0.00	0.16	0.00	0.22	0.55	0.00	0.01	0.01	0.00	0.01	0.01	0.05	0.01	0.04
337T 1.00	0.00	0.00	0.00	0.00	0.00	0.00	0.00	0.00	0.00	0.00	0.00	0.00	0.00	0.00	0.00	0.00	1.00	0.00	0.00	0.00
338L 1.00	0.26	0.01	0.00	0.00	0.11	0.00	0.00	0.45	0.01	0.34	0.08	0.00	0.01	0.00	0.00	0.01	0.02	1.00	0.00	0.01
339V 1.00	0.06	0.28	0.00	0.01	0.01	0.00	0.00	0.16	0.01	0.13	0.02	0.00	0.01	0.01	0.01	0.01	0.15	1.00	0.00	0.00
340S 1.00	0.20	0.00	0.00	0.00	0.00	0.01	0.00	0.00	0.00	0.00	0.00	0.01	0.01	0.00	0.00	1.00	0.20	0.01	0.00	0.00
341V 1.00	0.25	0.01	0.00	0.01	0.01	0.00	0.00	0.27	0.01	0.61	0.02	0.00	0.01	0.00	0.00	0.01	0.03	1.00	0.00	0.00
342L 1.00	0.01	0.00	0.00	0.00	1.00	0.00	0.00	0.04	0.00	0.27	0.02	0.00	0.00	0.00	0.00	0.00	0.01	0.18	0.01	0.02
343L 1.00	0.01	0.00	0.00	0.00	0.02	0.00	0.00	0.21	0.00	1.00	0.02	0.00	0.00	0.00	0.00	0.00	0.01	0.80	0.00	0.01
344V 1.00	0.00	0.00	0.00	0.00	0.00	0.00	0.00	0.07	0.00	0.01	0.00	0.00	0.00	0.00	0.00	0.00	0.00	1.00	0.00	0.00
345E 1.00	0.00	0.00	0.00	1.00	0.00	0.00	0.00	0.00	0.00	0.00	0.00	0.00	0.00	0.00	0.00	0.00	0.00	0.00	0.00	0.00
346R 0.97	0.06	0.01	0.01	0.09	0.01	0.04	0.06	0.03	0.65	0.26	0.02	0.06	0.05	0.15	1.00	0.05	0.07	0.04	0.01	0.07
347A 1.00	0.66	0.05	0.04	0.06	0.21	0.16	0.05	0.33	0.07	1.00	0.24	0.05	0.10	0.07	0.06	0.21	0.14	0.27	0.07	0.10
348G 1.00	0.02	0.01	0.01	0.01	0.01	1.00	0.00	0.00	0.01	0.01	0.00	0.01	0.01	0.00	0.01	0.01	0.01	0.01	0.07	0.01
349R 1.00	0.09	0.00	0.00	0.01	0.00	0.01	0.00	0.00	0.02	0.01	0.00	0.00	0.01	0.01	1.00	0.01	0.01	0.01	0.00	0.00
350R 1.00	0.00	0.00	0.00	0.00	0.00	0.00	0.00	0.00	0.00	0.00	0.00	0.00	0.00	0.00	1.00	0.00	0.00	0.00	0.00	0.00
pos	A	C	D	E	F	G	H	I	K	L	M	N	P	Q	R	S	T	V	W	Y
351T 1.00	0.55	0.18	0.22	0.29	0.76	0.34	0.59	0.43	0.31	0.73	0.22	0.34	0.21	0.30	0.36	0.54	0.79	0.52	0.19	1.00
352L 1.00	0.00	0.00	0.00	0.00	0.00	0.00	0.00	0.00	0.00	1.00	0.00	0.00	0.00	0.00	0.00	0.00	0.00	0.00	0.00	0.00
353H 1.00	0.07	0.02	0.01	0.02	0.19	0.02	0.03	0.33	0.03	1.00	0.22	0.02	0.03	0.04	0.03	0.03	0.04	0.19	0.02	0.04
354L 1.00	0.00	0.00	0.00	0.00	0.01	0.00	0.00	0.01	0.00	1.00	0.15	0.00	0.00	0.00	0.00	0.00	0.00	0.01	0.00	0.00
355L 1.00	0.42	0.03	0.01	0.02	0.02	0.00	0.01	1.00	0.02	0.58	0.04	0.01	0.03	0.02	0.01	0.10	0.17	0.50	0.00	0.01
356G 1.00	0.00	0.00	0.00	0.00	0.00	1.00	0.00	0.00	0.00	0.00	0.00	0.00	0.00	0.00	0.00	0.00	0.00	0.00	0.00	0.00
357L 1.00	0.02	0.01	0.00	0.01	0.60	0.00	0.00	0.07	0.00	1.00	0.28	0.00	0.01	0.01	0.00	0.01	0.01	0.05	0.03	0.32
358A 0.94	1.00	0.08	0.07	0.08	0.04	0.58	0.02	0.08	0.09	0.09	0.07	0.06	0.21	0.06	0.07	0.63	0.18	0.14	0.01	0.03
359G 1.00	0.82	0.12	0.09	0.11	0.11	1.00	0.07	0.21	0.12	0.18	0.07	0.11	0.27	0.09	0.10	0.54	0.41	0.32	0.03	0.12
360M 1.00	0.05	0.32	0.01	0.01	0.12	0.01	0.01	0.34	0.02	0.78	1.00	0.01	0.02	0.02	0.02	0.01	0.03	0.15	0.01	0.02
361C 1.00	0.20	0.05	0.02	0.04	0.22	0.03	0.03	0.41	0.04	1.00	0.22	0.03	0.05	0.05	0.04	0.05	0.12	0.40	0.03	0.07
362G 1.00	0.55	0.18	0.23	0.31	0.70	0.35	0.54	0.41	0.32	0.67	0.23	0.32	0.22	0.31	0.36	0.44	0.42	0.53	0.18	1.00
363C 1.00	0.43	1.00	0.01	0.01	0.00	0.03	0.00	0.01	0.01	0.01	0.00	0.01	0.02	0.01	0.01	0.26	0.16	0.01	0.00	0.00
364A 1.00	1.00	0.56	0.02	0.02	0.01	0.09	0.01	0.02	0.02	0.02	0.01	0.03	0.05	0.02	0.02	0.48	0.18	0.04	0.00	0.01
365I 1.00	0.26	0.49	0.01	0.03	0.03	0.00	0.01	0.82	0.03	0.30	0.05	0.01	0.04	0.02	0.02	0.03	0.25	1.00	0.00	0.01
366L 1.00	0.11	0.01	0.00	0.01	0.34	0.01	0.01	0.14	0.01	1.00	0.07	0.01	0.01	0.01	0.01	0.01	0.03	0.60	0.01	0.01
367M 0.97	0.01	0.00	0.00	0.00	0.01	0.00	0.00	0.03	0.00	0.66	1.00	0.00	0.00	0.00	0.00	0.00	0.00	0.01	0.00	0.00
368T 1.00	0.01	0.00	0.00	0.00	0.00	0.00	0.00	0.00	0.00	0.00	0.00	0.01	0.00	0.00	0.00	0.18	1.00	0.00	0.00	0.00
369V 1.00	0.22	0.00	0.00	0.00	0.02	0.09	0.00	0.74	0.01	0.17	0.02	0.00	0.00	0.00	0.01	0.01	0.02	1.00	0.00	0.01
370A 1.00	1.00	0.01	0.01	0.01	0.00	0.36	0.00	0.00	0.01	0.01	0.00	0.01	0.02	0.01	0.01	0.37	0.02	0.14	0.00	0.00
371L 1.00	0.00	0.00	0.00	0.00	0.00	0.00	0.00	0.00	0.00	1.00	0.00	0.00	0.00	0.00	0.00	0.00	0.00	0.00	0.00	0.00
372L 1.00	0.52	0.09	0.02	0.07	0.06	0.02	0.02	0.47	0.07	0.44	0.11	0.03	0.10	0.05	0.04	0.08	0.31	1.00	0.01	0.02
373L 1.00	0.00	0.00	0.00	0.00	0.09	0.00	0.00	0.02	0.00	1.00	0.04	0.00	0.00	0.00	0.00	0.00	0.00	0.01	0.00	0.00
374L 1.00	0.17	0.02	0.05	0.23	0.07	0.11	0.13	0.13	1.00	0.38	0.09	0.14	0.12	0.37	0.83	0.13	0.17	0.13	0.03	0.07
375E 0.97	0.02	0.00	1.00	0.49	0.00	0.05	0.01	0.00	0.02	0.00	0.00	0.48	0.01	0.02	0.01	0.31	0.02	0.00	0.00	0.01
pos	A	C	D	E	F	G	H	I	K	L	M	N	P	Q	R	S	T	V	W	Y
376R 1.00	0.75	0.05	0.62	1.00	0.05	0.38	0.13	0.19	0.97	0.30	0.11	0.51	0.27	0.62	0.57	0.73	0.61	0.29	0.02	0.04
377V 0.97	0.19	0.05	0.05	0.06	0.44	0.07	0.10	0.84	0.07	0.73	0.17	0.07	0.05	0.07	0.08	0.09	0.11	1.00	0.04	0.44
378P 0.97	0.30	0.01	0.15	0.24	0.01	0.06	0.02	0.02	0.10	0.03	0.01	0.29	0.98	0.07	0.06	1.00	0.21	0.04	0.00	0.01
379A 1.00	0.96	0.08	0.24	0.51	0.05	0.55	0.05	0.05	0.17	0.10	0.04	0.15	0.22	0.13	0.10	0.46	0.24	0.15	1.00	0.06
380M 1.00	0.00	0.00	0.00	0.00	0.01	0.00	0.00	0.05	0.00	0.19	1.00	0.00	0.00	0.00	0.00	0.00	0.00	0.01	0.00	0.00
381S 1.00	0.14	0.02	0.18	0.07	0.01	0.16	0.04	0.02	0.11	0.03	0.01	0.26	0.36	0.06	0.11	1.00	0.24	0.04	0.01	0.03
382Y 1.00	0.00	0.00	0.00	0.00	0.25	0.00	0.00	0.00	0.00	0.04	0.00	0.00	0.00	0.00	0.00	0.00	0.00	0.00	0.01	1.00
383V 1.00	0.01	0.00	0.00	0.00	0.01	0.00	0.00	0.59	0.00	0.56	0.01	0.00	0.00	0.00	0.00	0.00	0.01	1.00	0.00	0.00
384S 1.00	0.36	0.25	0.05	0.04	0.01	0.29	0.01	0.02	0.04	0.03	0.02	0.05	0.09	0.03	0.03	1.00	0.08	0.06	0.01	0.01
385I 1.00	0.01	0.00	0.00	0.00	0.01	0.00	0.00	1.00	0.00	0.05	0.23	0.00	0.00	0.00	0.00	0.00	0.00	0.03	0.00	0.00
386V 1.00	0.22	0.02	0.02	0.02	0.04	0.20	0.01	0.57	0.03	0.18	0.04	0.02	0.04	0.01	0.02	0.09	0.17	1.00	0.01	0.02
387A 1.00	1.00	0.53	0.02	0.02	0.01	0.10	0.00	0.01	0.02	0.02	0.01	0.01	0.05	0.01	0.01	0.10	0.04	0.04	0.00	0.01
388I 1.00	0.01	0.00	0.00	0.00	0.00	0.00	0.00	1.00	0.00	0.02	0.00	0.00	0.00	0.00	0.00	0.00	0.05	0.53	0.00	0.00
389F 1.00	0.02	0.01	0.00	0.01	1.00	0.01	0.00	0.58	0.01	0.69	0.08	0.01	0.01	0.01	0.01	0.01	0.01	0.08	0.01	0.02
390G 1.00	0.75	0.10	0.10	0.13	0.20	0.42	0.09	0.95	0.14	0.60	0.14	0.11	0.19	0.11	0.12	0.43	0.24	1.00	0.04	0.19
391F 1.00	0.00	0.00	0.00	0.00	1.00	0.00	0.00	0.01	0.00	0.02	0.00	0.00	0.00	0.00	0.00	0.00	0.00	0.01	0.02	0.83
392V 1.00	0.04	0.00	0.00	0.00	0.00	0.00	0.00	0.17	0.00	0.01	0.00	0.00	0.00	0.00	0.00	0.00	0.01	1.00	0.00	0.00
393A 1.00	1.00	0.08	0.03	0.06	0.05	0.11	0.02	0.70	0.07	0.26	0.08	0.04	0.11	0.05	0.04	0.30	0.28	0.81	0.01	0.02
394F 1.00	0.83	0.12	0.10	0.12	0.65	0.51	0.10	0.37	0.13	1.00	0.24	0.12	0.22	0.12	0.12	0.43	0.21	0.35	0.11	0.44
395F 1.00	0.09	0.05	0.11	0.07	1.00	0.17	0.63	0.10	0.08	0.25	0.06	0.10	0.08	0.06	0.08	0.08	0.07	0.09	0.03	0.06
396E 1.00	0.64	0.03	0.18	1.00	0.02	0.18	0.02	0.02	0.09	0.04	0.02	0.05	0.10	0.09	0.04	0.32	0.09	0.06	0.01	0.02
397I 1.00	0.00	0.00	0.00	0.00	0.01	0.00	0.00	1.00	0.00	0.28	0.01	0.00	0.00	0.00	0.00	0.00	0.00	0.36	0.00	0.00
398G 1.00	0.00	0.00	0.00	0.00	0.00	1.00	0.00	0.00	0.00	0.00	0.00	0.00	0.00	0.00	0.00	0.00	0.00	0.00	0.00	0.00
399P 1.00	0.00	0.00	0.00	0.00	0.00	0.00	0.00	0.00	0.00	0.00	0.00	0.00	1.00	0.00	0.00	0.00	0.00	0.00	0.00	0.00
400G 1.00	0.17	0.01	0.01	0.01	0.00	1.00	0.00	0.00	0.01	0.01	0.00	0.01	0.02	0.00	0.00	0.54	0.01	0.01	0.00	0.00
pos	A	C	D	E	F	G	H	I	K	L	M	N	P	Q	R	S	T	V	W	Y
401P 1.00	0.03	0.00	0.01	0.01	0.01	0.02	0.00	0.08	0.01	0.03	0.01	0.00	1.00	0.00	0.01	0.01	0.01	0.02	0.00	0.00
402I 1.00	0.01	0.00	0.00	0.00	0.01	0.00	0.00	1.00	0.00	0.03	0.01	0.00	0.00	0.00	0.07	0.00	0.01	0.22	0.00	0.00
403P 1.00	0.02	0.00	0.00	0.00	0.00	0.01	0.00	0.00	0.00	0.00	0.00	0.00	1.00	0.00	0.00	0.08	0.01	0.00	0.00	0.00
404W 0.97	1.00	0.08	0.07	0.08	0.03	0.45	0.02	0.04	0.09	0.08	0.04	0.07	0.24	0.06	0.06	0.52	0.21	0.14	0.46	0.03
405F 0.97	0.02	0.00	0.00	0.00	1.00	0.00	0.00	0.08	0.01	0.57	0.05	0.00	0.01	0.01	0.00	0.00	0.01	0.25	0.01	0.02
406I 1.00	0.01	0.00	0.00	0.00	0.08	0.00	0.00	1.00	0.00	0.55	0.29	0.00	0.00	0.00	0.00	0.00	0.01	0.33	0.00	0.00
407V 1.00	0.02	0.01	0.00	0.01	0.02	0.01	0.00	0.46	0.01	0.11	0.02	0.01	0.00	0.00	0.14	0.01	0.02	1.00	0.00	0.08
408A 1.00	1.00	0.01	0.01	0.01	0.00	0.04	0.00	0.01	0.01	0.01	0.01	0.01	0.02	0.01	0.01	0.07	0.69	0.03	0.00	0.00
409E 1.00	0.01	0.00	0.02	1.00	0.00	0.03	0.00	0.00	0.01	0.00	0.00	0.01	0.01	0.01	0.00	0.01	0.00	0.00	0.00	0.00
410L 1.00	0.01	0.00	0.00	0.00	0.28	0.00	0.00	0.73	0.00	1.00	0.04	0.00	0.00	0.01	0.00	0.00	0.01	0.15	0.00	0.01
411F 1.00	0.00	0.00	0.00	0.00	1.00	0.00	0.00	0.01	0.00	0.01	0.00	0.00	0.00	0.00	0.00	0.00	0.00	0.05	0.01	0.03
412S 1.00	1.00	0.10	0.13	0.11	0.06	0.56	0.03	0.08	0.12	0.20	0.07	0.14	0.25	0.08	0.09	0.58	0.26	0.18	0.02	0.04
413Q 1.00	0.00	0.00	0.00	0.00	0.00	0.00	0.00	0.00	0.00	0.00	0.00	0.00	0.00	1.00	0.00	0.00	0.00	0.00	0.00	0.00
414G 1.00	0.03	0.00	0.08	0.01	0.00	1.00	0.01	0.00	0.01	0.00	0.00	0.05	0.01	0.01	0.01	0.66	0.01	0.01	0.00	0.00
415P 1.00	0.09	0.01	0.01	0.01	0.00	0.15	0.00	0.00	0.01	0.01	0.00	0.01	1.00	0.01	0.01	0.56	0.02	0.01	0.00	0.00
416R 1.00	0.00	0.00	0.00	0.00	0.00	0.00	0.00	0.00	0.00	0.00	0.00	0.00	0.00	0.00	1.00	0.00	0.00	0.00	0.00	0.00
417P 1.00	0.03	0.00	0.01	0.01	0.00	0.01	0.00	0.00	0.02	0.01	0.00	0.01	1.00	0.01	0.10	0.08	0.10	0.01	0.00	0.00
418A 1.00	1.00	0.00	0.01	0.00	0.00	0.02	0.00	0.00	0.01	0.01	0.00	0.01	0.09	0.00	0.00	0.13	0.11	0.01	0.00	0.00
419A 1.00	1.00	0.00	0.00	0.00	0.00	0.01	0.00	0.00	0.00	0.00	0.00	0.00	0.01	0.00	0.00	0.01	0.07	0.01	0.00	0.00
420M 1.00	0.15	0.05	0.05	0.07	0.68	0.08	0.11	0.62	0.07	1.00	0.60	0.07	0.06	0.08	0.08	0.09	0.11	0.36	0.18	0.55
421A 0.97	1.00	0.05	0.03	0.04	0.02	0.16	0.01	0.09	0.05	0.11	0.32	0.03	0.09	0.03	0.03	0.20	0.20	0.21	0.01	0.01
422V 0.97	0.00	0.00	0.00	0.00	0.00	0.00	0.00	0.22	0.00	0.11	0.00	0.00	0.00	0.00	0.00	0.00	0.00	1.00	0.00	0.00
423A 1.00	1.00	0.05	0.25	0.09	0.02	0.42	0.03	0.02	0.07	0.05	0.02	0.15	0.12	0.05	0.04	0.26	0.09	0.07	0.06	0.02
424G 1.00	0.19	0.00	0.00	0.00	0.00	1.00	0.00	0.00	0.00	0.00	0.00	0.00	0.01	0.00	0.00	0.01	0.00	0.00	0.00	0.00
425F 1.00	0.76	0.25	0.26	0.34	0.78	0.41	0.55	0.46	0.36	0.72	0.25	0.38	0.28	0.36	0.39	0.74	0.80	0.65	0.19	1.00
pos	A	C	D	E	F	G	H	I	K	L	M	N	P	Q	R	S	T	V	W	Y
426S 1.00	1.00	0.14	0.09	0.11	0.06	0.40	0.03	0.30	0.13	0.25	0.09	0.11	0.25	0.09	0.08	0.67	0.57	0.72	0.02	0.04
427N 1.00	0.01	0.00	0.07	0.02	0.00	0.05	0.60	0.00	0.02	0.00	0.00	1.00	0.01	0.01	0.01	0.04	0.01	0.00	0.00	0.01
428W 1.00	0.00	0.00	0.00	0.00	0.00	0.00	0.00	0.00	0.00	0.00	0.00	0.00	0.00	0.00	0.00	0.00	0.00	0.00	1.00	0.00
429T 1.00	0.47	0.09	0.03	0.07	0.07	0.02	0.02	0.49	0.07	0.50	0.12	0.04	0.10	0.06	0.04	0.11	0.43	1.00	0.01	0.02
430S 1.00	0.11	0.19	0.02	0.02	0.01	0.10	0.01	0.01	0.02	0.02	0.01	0.04	0.04	0.02	0.01	1.00	0.31	0.03	0.00	0.01
431N 1.00	0.00	0.00	0.00	0.00	0.00	0.00	0.00	0.00	0.00	0.00	0.00	1.00	0.00	0.00	0.00	0.00	0.00	0.00	0.00	0.00
432F 1.00	0.00	0.00	0.00	0.00	1.00	0.00	0.00	0.00	0.00	0.00	0.00	0.00	0.00	0.00	0.00	0.00	0.00	0.00	0.00	0.00
433I 1.00	0.13	0.01	0.00	0.01	0.02	0.00	0.00	1.00	0.01	0.47	0.02	0.01	0.02	0.01	0.01	0.01	0.39	0.28	0.00	0.00
434I 1.00	0.00	0.00	0.00	0.00	0.00	0.00	0.00	0.35	0.00	0.02	0.00	0.00	0.00	0.00	0.00	0.00	0.00	1.00	0.00	0.00
435G 1.00	0.19	0.00	0.00	0.00	0.00	1.00	0.00	0.00	0.00	0.00	0.00	0.00	0.01	0.00	0.00	0.01	0.00	0.00	0.00	0.00
436M 1.00	0.01	0.00	0.00	0.00	0.14	0.00	0.00	0.03	0.00	1.00	0.51	0.00	0.00	0.00	0.00	0.00	0.00	0.02	0.00	0.00
437G 1.00	0.08	0.32	0.03	0.04	0.16	0.13	0.05	1.00	0.04	0.73	0.10	0.04	0.03	0.03	0.05	0.05	0.12	0.99	0.03	0.12
438F 1.00	0.00	0.00	0.00	0.00	1.00	0.00	0.00	0.00	0.00	0.00	0.00	0.00	0.00	0.00	0.00	0.00	0.00	0.00	0.00	0.00
439Q 1.00	0.14	0.02	0.09	0.12	0.02	0.13	0.02	0.02	0.11	0.05	0.01	0.05	1.00	0.64	0.08	0.09	0.06	0.04	0.01	0.02
440Y 1.00	0.05	0.02	0.01	0.02	0.92	0.02	0.02	0.09	0.01	0.26	0.05	0.01	0.02	0.01	0.01	0.28	0.04	0.09	0.16	1.00
441V 1.00	0.37	0.01	0.00	0.01	0.01	0.00	0.00	1.00	0.01	0.07	0.02	0.00	0.01	0.01	0.01	0.01	0.04	0.46	0.00	0.00
442A 1.00	0.52	0.01	0.45	1.00	0.02	0.11	0.05	0.03	0.21	0.06	0.02	0.09	0.12	0.47	0.08	0.14	0.13	0.07	0.01	0.02
443E 1.00	0.52	0.18	0.22	0.30	0.70	0.33	0.54	0.39	0.30	0.65	0.22	0.31	0.21	0.31	0.35	0.41	0.40	0.51	0.19	1.00
444A 1.00	0.53	0.17	0.19	0.25	0.77	0.33	0.48	0.40	0.27	0.71	0.23	0.28	0.20	0.27	0.32	0.40	0.37	0.48	0.19	1.00
445M 0.97	0.03	0.34	0.00	0.01	0.08	0.01	0.01	0.31	0.01	1.00	0.17	0.01	0.01	0.02	0.01	0.01	0.02	0.10	0.01	0.01
446G 1.00	0.00	0.00	0.00	0.00	0.00	1.00	0.00	0.00	0.00	0.00	0.00	0.00	0.00	0.00	0.00	0.00	0.00	0.00	0.00	0.00
447P 1.00	1.00	0.03	0.02	0.02	0.01	0.14	0.00	0.02	0.03	0.15	0.01	0.02	0.99	0.02	0.02	0.18	0.05	0.05	0.00	0.01
448Y 1.00	0.00	0.00	0.00	0.00	0.00	0.00	0.00	0.00	0.00	0.00	0.00	0.00	0.00	0.00	0.00	0.00	0.00	0.00	0.00	1.00
449V 1.00	0.51	0.06	0.06	0.06	0.04	0.22	0.02	0.18	0.07	0.15	0.05	0.07	0.13	0.05	0.05	0.74	0.30	1.00	0.01	0.03
450F 1.00	0.00	0.00	0.00	0.00	1.00	0.00	0.00	0.00	0.00	0.00	0.00	0.00	0.00	0.00	0.00	0.00	0.00	0.00	0.00	0.00
pos	A	C	D	E	F	G	H	I	K	L	M	N	P	Q	R	S	T	V	W	Y
451L 1.00	0.01	0.00	0.00	0.00	0.22	0.00	0.00	1.00	0.00	0.25	0.01	0.00	0.00	0.00	0.00	0.00	0.01	0.28	0.00	0.00
452L 1.00	0.00	0.00	0.00	0.00	0.01	0.00	0.00	1.00	0.00	0.32	0.01	0.00	0.00	0.00	0.00	0.00	0.00	0.34	0.00	0.00
453F 1.00	0.00	0.00	0.00	0.00	1.00	0.00	0.00	0.01	0.00	0.06	0.00	0.00	0.00	0.00	0.00	0.00	0.00	0.00	0.01	0.02
454A 1.00	1.00	0.02	0.02	0.02	0.01	0.19	0.00	0.01	0.02	0.12	0.01	0.01	0.05	0.01	0.01	0.10	0.42	0.03	0.00	0.01
455V 1.00	0.86	0.09	0.08	0.09	0.10	0.51	0.03	0.84	0.11	0.38	0.09	0.08	0.21	0.07	0.08	0.46	0.26	1.00	0.02	0.07
456L 1.00	0.18	0.01	0.01	0.01	0.55	0.01	0.01	1.00	0.02	0.96	0.10	0.01	0.02	0.02	0.02	0.02	0.04	0.68	0.09	0.03
457L 1.00	0.28	0.45	0.02	0.04	0.09	0.06	0.02	0.31	0.04	1.00	0.12	0.03	0.07	0.04	0.03	0.13	0.16	0.53	0.01	0.02
458L 1.00	0.01	0.00	0.00	0.00	0.13	0.00	0.00	0.39	0.01	1.00	0.04	0.00	0.00	0.01	0.00	0.00	0.01	0.51	0.07	0.01
459G 1.00	0.41	0.11	0.14	0.19	0.49	0.28	0.34	0.35	0.20	1.00	0.14	0.20	0.18	0.19	0.23	0.35	0.34	0.50	0.11	0.62
460F 1.00	0.07	0.02	0.01	0.02	1.00	0.02	0.01	0.20	0.02	0.58	0.12	0.02	0.03	0.02	0.02	0.05	0.50	0.15	0.07	0.27
461F 1.00	0.26	0.08	0.07	0.10	0.63	0.11	0.16	0.41	0.11	1.00	0.24	0.10	0.10	0.11	0.12	0.18	0.22	0.38	0.13	0.55
462I 1.00	0.22	0.08	0.00	0.01	0.01	0.00	0.00	1.00	0.01	0.31	0.02	0.00	0.01	0.01	0.01	0.01	0.03	0.48	0.00	0.00
463F 1.00	0.00	0.00	0.00	0.00	1.00	0.00	0.00	0.01	0.00	0.02	0.00	0.00	0.00	0.00	0.00	0.07	0.00	0.01	0.02	0.69
464T 1.00	0.29	0.05	0.04	0.05	0.03	0.03	0.06	0.51	0.06	0.15	0.05	0.07	0.07	0.05	0.04	0.25	1.00	0.39	0.01	0.02
465F 1.00	0.00	0.00	0.00	0.00	1.00	0.00	0.00	0.01	0.00	0.02	0.00	0.00	0.00	0.00	0.00	0.04	0.00	0.01	0.02	0.58
466L 1.00	0.03	0.01	0.00	0.01	0.87	0.01	0.01	0.14	0.01	1.00	0.20	0.01	0.01	0.01	0.01	0.01	0.02	0.29	0.01	0.01
467R 1.00	0.28	0.05	0.04	0.20	0.08	0.10	0.12	0.75	1.00	0.42	0.11	0.14	0.13	0.31	0.75	0.13	0.25	0.89	0.03	0.08
468V 1.00	0.00	0.00	0.00	0.00	0.05	0.00	0.00	0.27	0.00	0.02	0.00	0.00	0.00	0.00	0.00	0.00	0.00	1.00	0.00	0.00
469P 1.00	0.01	0.00	0.01	0.01	0.00	0.01	0.00	0.00	0.01	0.00	0.00	0.00	1.00	0.05	0.01	0.01	0.00	0.00	0.00	0.00
470E 1.00	0.01	0.00	0.01	1.00	0.00	0.00	0.00	0.00	0.05	0.00	0.00	0.00	0.00	0.01	0.00	0.00	0.00	0.00	0.00	0.00
471T 1.00	0.01	0.00	0.00	0.00	0.00	0.01	0.00	0.00	0.00	0.00	0.00	0.01	0.05	0.00	0.00	0.03	1.00	0.01	0.00	0.00
472R 1.00	0.00	0.00	0.00	0.01	0.00	0.00	0.00	0.00	1.00	0.00	0.00	0.00	0.00	0.01	0.27	0.00	0.00	0.00	0.00	0.00
473G 0.97	0.09	0.00	0.00	0.00	0.00	1.00	0.00	0.00	0.00	0.00	0.00	0.00	0.01	0.00	0.00	0.08	0.01	0.00	0.00	0.00
474R 0.97	0.01	0.00	0.00	0.01	0.00	0.01	0.01	0.00	0.81	0.01	0.00	0.01	0.01	0.02	1.00	0.01	0.01	0.00	0.00	0.00
475T 0.97	0.01	0.00	0.00	0.00	0.00	0.00	0.00	0.00	0.00	0.00	0.00	0.01	0.00	0.00	0.00	0.30	1.00	0.00	0.00	0.00
pos	A	C	D	E	F	G	H	I	K	L	M	N	P	Q	R	S	T	V	W	Y
476F 0.97	0.00	0.00	0.00	0.00	1.00	0.00	0.00	0.00	0.00	0.00	0.00	0.00	0.00	0.00	0.00	0.00	0.00	0.00	0.00	0.00
477D 0.97	0.30	0.03	0.50	1.00	0.05	0.08	0.05	0.47	0.21	0.24	0.06	0.09	0.13	0.25	0.07	0.12	0.18	0.60	0.01	0.04
478Q 0.97	0.01	0.00	0.23	1.00	0.00	0.00	0.00	0.00	0.01	0.00	0.00	0.00	0.01	0.08	0.00	0.00	0.00	0.00	0.00	0.00
479I 0.97	0.00	0.00	0.00	0.00	0.00	0.00	0.00	1.00	0.00	0.00	0.00	0.00	0.00	0.00	0.00	0.00	0.00	0.00	0.00	0.00
480S 0.97	0.28	0.05	0.10	0.07	0.03	0.08	0.03	0.09	0.10	0.07	0.04	0.21	0.12	0.08	0.06	0.74	1.00	0.13	0.02	0.03
481A 0.97	0.80	0.22	0.23	0.33	0.61	0.33	0.54	0.36	0.44	0.60	0.20	0.32	0.21	0.53	1.00	0.60	0.40	0.46	0.16	0.91
482A 0.97	1.00	0.08	0.31	0.56	0.08	0.53	0.11	0.20	0.58	0.21	0.08	0.24	0.27	0.33	0.43	0.56	0.32	0.22	0.03	0.09
483F 0.97	0.00	0.00	0.00	0.00	1.00	0.00	0.00	0.00	0.00	0.00	0.00	0.00	0.00	0.00	0.00	0.00	0.00	0.00	0.00	0.00
484H 0.71	0.76	0.06	0.59	1.00	0.10	0.37	0.16	0.22	0.93	0.33	0.11	0.48	0.27	0.58	0.56	0.70	0.58	0.30	0.03	0.11
485R 0.83	0.03	0.00	0.01	0.12	0.01	0.08	0.02	0.01	0.96	0.03	0.08	0.03	0.02	0.28	1.00	0.03	0.03	0.02	0.00	0.01
486T 0.77	0.58	0.04	0.47	0.76	0.05	0.34	0.11	0.15	1.00	0.24	0.23	0.38	0.22	0.62	0.60	0.59	0.52	0.25	0.02	0.05
487P 0.74	0.62	0.05	0.60	0.75	0.05	0.60	0.12	0.14	0.81	0.22	0.08	1.00	0.35	0.54	0.41	0.66	0.44	0.21	0.02	0.05
488S 0.74	0.76	0.05	0.63	0.97	0.05	0.47	0.12	0.18	1.00	0.29	0.10	0.49	0.27	0.57	0.55	0.80	0.59	0.28	0.02	0.04
489L 0.71	1.00	0.10	0.19	0.29	0.10	0.55	0.08	0.11	0.27	0.20	0.07	0.17	0.25	0.18	0.18	0.57	0.27	0.34	0.03	0.11
490L 0.54	0.78	0.05	0.58	1.00	0.05	0.36	0.11	0.18	0.97	0.36	0.10	0.49	0.30	0.55	0.49	0.94	0.60	0.27	0.02	0.04
491E 0.60	0.75	0.05	0.58	1.00	0.05	0.36	0.13	0.18	0.90	0.33	0.10	0.48	0.28	0.63	0.53	0.70	0.53	0.27	0.02	0.04
492Q 0.74	0.76	0.06	0.62	1.00	0.06	0.40	0.13	0.20	0.96	0.33	0.11	0.49	0.33	0.62	0.54	0.83	0.57	0.29	0.02	0.05
493E 0.77	0.12	0.00	0.53	1.00	0.01	0.05	0.03	0.02	0.12	0.05	0.01	0.06	0.23	0.14	0.04	0.10	0.06	0.03	0.00	0.01
494V 0.74	0.73	0.05	0.61	1.00	0.05	0.37	0.12	0.18	0.92	0.29	0.10	0.47	0.27	0.57	0.52	0.70	0.55	0.30	0.02	0.04
495K 0.77	0.54	0.14	0.68	0.48	0.44	0.66	0.48	0.28	1.00	0.47	0.16	0.84	0.26	0.39	0.45	0.73	0.65	0.37	0.12	0.78
496P 0.77	0.24	0.01	0.02	0.17	0.00	0.03	0.00	0.01	0.02	0.01	0.00	0.01	1.00	0.01	0.01	0.13	0.09	0.01	0.00	0.00
497S 0.77	0.71	0.05	0.58	1.00	0.05	0.34	0.13	0.19	0.84	0.27	0.12	0.44	0.25	0.52	0.47	0.67	0.53	0.26	0.02	0.04
498T 0.77	0.56	0.04	0.53	1.00	0.05	0.27	0.10	0.15	0.76	0.23	0.13	0.35	0.21	0.44	0.37	0.52	0.59	0.35	0.02	0.04
499E 0.69	0.11	0.00	0.31	1.00	0.01	0.04	0.03	0.01	0.11	0.14	0.01	0.04	0.06	0.20	0.03	0.05	0.05	0.03	0.00	0.01
500L 0.60	0.06	0.01	0.01	0.10	0.35	0.01	0.01	0.26	0.02	1.00	0.47	0.02	0.02	0.03	0.02	0.02	0.03	0.15	0.02	0.03
pos	A	C	D	E	F	G	H	I	K	L	M	N	P	Q	R	S	T	V	W	Y
501E 0.60	0.22	0.02	0.51	1.00	0.04	0.28	0.44	0.05	0.83	0.10	0.04	0.68	0.14	0.30	0.39	0.27	0.18	0.08	0.02	0.07
502Y 0.57	0.62	0.18	0.49	0.62	0.70	0.45	0.57	0.41	0.43	0.67	0.23	0.49	0.27	0.41	0.41	0.55	0.48	0.53	0.19	1.00
503L 0.57	0.01	0.00	0.00	0.00	0.17	0.00	0.00	0.27	0.00	1.00	0.08	0.00	0.00	0.01	0.00	0.00	0.01	0.03	0.00	0.00
504G 0.57	0.76	0.05	0.59	1.00	0.05	0.93	0.12	0.17	0.87	0.28	0.10	0.54	0.39	0.73	0.60	0.67	0.52	0.26	0.02	0.05
505P 0.54	1.00	0.04	0.03	0.04	0.01	0.36	0.01	0.02	0.04	0.04	0.02	0.03	0.89	0.03	0.03	0.42	0.07	0.06	0.01	0.01
506D 0.51	0.24	0.03	1.00	0.19	0.03	0.27	0.05	0.12	0.18	0.08	0.03	0.23	0.10	0.13	0.11	0.62	0.68	0.09	0.01	0.03
507E 0.51	0.41	0.03	0.42	1.00	0.03	0.20	0.08	0.10	0.60	0.15	0.06	0.24	0.17	0.34	0.30	0.54	0.31	0.23	0.01	0.04
508N 0.51	0.61	0.04	0.64	1.00	0.04	0.33	0.11	0.15	0.75	0.24	0.08	0.53	0.23	0.72	0.42	0.78	0.63	0.23	0.02	0.04
509D 0.06	0.11	0.00	0.71	1.00	0.01	0.06	0.03	0.02	0.12	0.03	0.01	0.07	0.06	0.13	0.04	0.08	0.06	0.03	0.00	0.01
