Each row corresponds to a position in the reference protein.  Below each position is the fraction of sequences that contain one of the basic amino acids.  A low fraction indicates the position is either severely gapped or unalignable and has little information.  Expect poor prediction at these positions.
Each column corresponds to one of the twenty amino acids. 
Each entry contains the score at a particular position (row) for an amino acid substitution (column).  Substitutions predicted to be intolerant are highlighted in red.




pos	A	C	D	E	F	G	H	I	K	L	M	N	P	Q	R	S	T	V	W	Y
1M 0.14	0.00	0.00	0.00	0.00	0.00	0.00	0.00	0.00	0.00	0.00	1.00	0.00	0.00	0.00	0.00	0.00	0.00	0.00	0.00	0.00
2T 0.14	0.08	0.01	0.03	0.02	0.01	0.03	0.01	0.02	0.03	0.02	0.01	0.06	0.04	0.02	0.02	0.92	1.00	0.03	0.00	0.01
3P 0.14	0.00	0.00	0.00	0.00	0.00	0.00	0.00	0.00	0.00	0.00	0.00	0.00	1.00	0.00	0.00	0.00	0.00	0.00	0.00	0.00
4E 0.14	0.00	0.00	0.00	1.00	0.00	0.00	0.00	0.00	0.00	0.00	0.00	0.00	0.00	0.00	0.00	0.00	0.00	0.00	0.00	0.00
5D 0.14	0.00	0.00	1.00	0.00	0.00	0.00	0.00	0.00	0.00	0.00	0.00	0.00	0.00	0.00	0.00	0.00	0.00	0.00	0.00	0.00
6P 0.18	0.09	0.01	0.07	0.11	0.01	0.06	0.02	0.02	0.09	0.03	0.01	0.04	1.00	0.25	0.06	0.06	0.05	0.03	0.00	0.01
7E 0.18	0.03	0.00	0.08	1.00	0.00	0.01	0.01	0.00	0.04	0.01	0.00	0.01	0.02	0.45	0.01	0.02	0.01	0.01	0.00	0.00
8E 0.18	0.06	0.00	0.11	1.00	0.01	0.03	0.02	0.01	0.50	0.02	0.01	0.03	0.03	0.07	0.06	0.04	0.03	0.02	0.00	0.01
9T 0.18	0.39	0.06	0.13	0.11	0.04	0.17	0.04	0.10	0.14	0.11	0.05	0.18	0.23	0.10	0.09	0.69	1.00	0.19	0.02	0.04
10Q 0.18	0.73	0.07	0.61	1.00	0.08	0.49	0.16	0.13	0.82	0.26	0.09	0.37	0.55	0.89	0.59	0.52	0.39	0.24	0.04	0.10
11P 0.18	0.00	0.00	0.00	0.00	0.00	0.00	0.00	0.00	0.00	0.00	0.00	0.00	1.00	0.00	0.00	0.00	0.00	0.00	0.00	0.00
12L 0.14	0.00	0.00	0.00	0.00	0.00	0.00	0.00	0.00	0.00	1.00	0.00	0.00	0.00	0.00	0.00	0.00	0.00	0.00	0.00	0.00
13L 0.14	0.00	0.00	0.00	0.00	0.00	0.00	0.00	0.00	0.00	1.00	0.00	0.00	0.00	0.00	0.00	0.00	0.00	0.00	0.00	0.00
14G 0.14	0.48	0.06	0.27	0.31	0.07	0.50	0.16	0.09	0.85	0.18	0.06	0.36	0.21	0.34	1.00	0.38	0.25	0.14	0.03	0.11
15P 0.18	1.00	0.11	0.23	0.19	0.05	0.57	0.06	0.08	0.20	0.13	0.06	0.26	0.35	0.13	0.13	0.89	0.64	0.21	0.02	0.06
16P 0.18	0.00	0.00	0.00	0.00	0.00	0.00	0.00	0.00	0.00	0.00	0.00	0.00	1.00	0.00	0.00	0.00	0.00	0.00	0.00	0.00
17G 0.18	0.15	0.02	0.16	0.33	0.01	1.00	0.03	0.01	0.07	0.02	0.01	0.12	0.06	0.06	0.04	0.12	0.05	0.03	0.01	0.02
18G 0.18	1.00	0.10	0.64	0.46	0.06	0.79	0.13	0.06	0.31	0.13	0.05	0.60	0.30	0.23	0.17	0.70	0.29	0.17	0.02	0.08
19S 0.18	0.20	0.02	0.09	0.11	0.02	0.14	0.06	0.04	0.33	0.07	0.03	0.13	0.08	0.13	1.00	0.56	0.19	0.06	0.01	0.03
20A 0.18	1.00	0.01	0.01	0.02	0.01	0.04	0.00	0.02	0.02	0.02	0.01	0.01	0.03	0.01	0.01	0.07	0.24	0.04	0.00	0.00
21P 0.18	0.37	0.04	0.13	0.27	0.05	0.27	0.13	0.09	0.88	0.18	0.06	0.20	0.72	0.33	1.00	0.27	0.23	0.14	0.03	0.08
22R 0.18	0.85	0.10	0.22	0.39	0.16	0.51	0.21	0.26	1.00	0.35	0.12	0.30	0.29	0.42	0.82	0.55	0.37	0.36	0.05	0.21
23G 0.18	0.00	0.00	0.00	0.00	0.00	1.00	0.00	0.00	0.00	0.00	0.00	0.00	0.00	0.00	0.00	0.00	0.00	0.00	0.00	0.00
24R 0.18	0.02	0.00	0.00	0.03	0.00	0.01	0.02	0.01	0.59	0.02	0.01	0.02	0.02	0.05	1.00	0.02	0.02	0.01	0.00	0.01
25R 0.18	0.00	0.00	0.00	0.00	0.00	0.00	0.00	0.00	0.00	0.00	0.00	0.00	0.00	0.00	1.00	0.00	0.00	0.00	0.00	0.00
pos	A	C	D	E	F	G	H	I	K	L	M	N	P	Q	R	S	T	V	W	Y
26V 0.18	0.00	0.00	0.00	0.00	0.00	0.00	0.00	0.00	0.00	0.00	0.00	0.00	0.00	0.00	0.00	0.00	0.00	1.00	0.00	0.00
27F 0.18	0.00	0.00	0.00	0.00	1.00	0.00	0.00	0.00	0.00	0.00	0.00	0.00	0.00	0.00	0.00	0.00	0.00	0.00	0.00	0.00
28L 0.93	0.00	0.00	0.00	0.00	0.01	0.00	0.00	0.04	0.00	1.00	0.01	0.00	0.00	0.00	0.00	0.00	0.00	0.01	0.00	0.00
29A 0.93	1.00	0.00	0.00	0.00	0.00	0.00	0.00	0.00	0.00	0.00	0.00	0.00	0.00	0.00	0.00	0.00	0.00	0.00	0.00	0.00
30A 0.93	1.00	0.01	0.01	0.01	0.00	0.02	0.00	0.01	0.01	0.01	0.00	0.01	0.01	0.01	0.01	0.15	0.33	0.01	0.00	0.00
31F 0.93	0.03	0.01	0.00	0.01	0.65	0.01	0.01	0.18	0.01	1.00	0.09	0.01	0.01	0.01	0.01	0.01	0.02	0.08	0.01	0.02
32A 0.93	1.00	0.01	0.01	0.01	0.00	0.04	0.00	0.00	0.01	0.01	0.00	0.01	0.02	0.01	0.01	0.73	0.02	0.01	0.00	0.00
33A 0.93	0.71	0.03	0.01	0.02	0.02	0.05	0.01	0.12	0.02	0.09	0.03	0.01	0.04	0.02	0.02	0.06	0.09	1.00	0.00	0.01
34A 1.00	0.99	0.04	0.03	0.04	0.02	0.22	0.01	0.05	0.04	0.06	0.02	0.03	0.10	0.03	0.03	1.00	0.12	0.31	0.01	0.01
35L 1.00	0.00	0.00	0.00	0.00	0.01	0.00	0.00	0.02	0.00	1.00	0.11	0.00	0.00	0.00	0.00	0.00	0.00	0.07	0.00	0.00
36G 1.00	0.13	0.07	0.01	0.01	0.00	1.00	0.00	0.00	0.01	0.01	0.00	0.01	0.02	0.00	0.00	0.04	0.01	0.01	0.00	0.00
37P 1.00	0.37	0.06	0.45	0.17	0.03	0.41	0.10	0.04	0.18	0.06	0.03	0.63	0.43	0.12	0.10	1.00	0.54	0.09	0.02	0.06
38L 1.00	0.01	0.00	0.00	0.00	0.20	0.00	0.00	0.24	0.00	1.00	0.26	0.00	0.00	0.01	0.00	0.00	0.01	0.03	0.00	0.00
39S 1.00	0.58	0.10	0.25	0.32	0.14	0.23	0.13	0.27	0.38	0.31	0.12	0.32	0.22	0.28	0.27	0.90	1.00	0.58	0.04	0.17
40F 1.00	0.06	0.02	0.01	0.01	0.56	0.01	0.00	0.62	0.02	0.31	0.06	0.01	0.01	0.01	0.01	0.02	0.05	1.00	0.01	0.05
41G 1.00	0.00	0.00	0.00	0.00	0.00	1.00	0.00	0.00	0.00	0.00	0.00	0.00	0.00	0.00	0.00	0.00	0.00	0.00	0.00	0.00
42F 1.00	0.00	0.00	0.00	0.00	1.00	0.00	0.00	0.00	0.00	0.01	0.00	0.00	0.00	0.00	0.00	0.00	0.00	0.00	0.01	0.25
43A 1.00	1.00	0.02	0.02	0.02	0.01	0.05	0.01	0.05	0.02	0.04	0.02	0.03	0.04	0.02	0.02	0.56	0.45	0.58	0.00	0.01
44L 1.00	1.00	0.12	0.12	0.12	0.17	0.48	0.04	0.31	0.14	0.72	0.19	0.15	0.27	0.11	0.11	0.71	0.56	0.40	0.04	0.08
45G 1.00	1.00	0.05	0.03	0.04	0.02	0.79	0.01	0.02	0.04	0.04	0.02	0.03	0.11	0.03	0.03	0.31	0.08	0.23	0.01	0.01
46Y 1.00	0.00	0.00	0.00	0.00	0.00	0.00	0.00	0.00	0.00	0.00	0.00	0.00	0.00	0.00	0.00	0.00	0.00	0.00	0.00	1.00
47S 1.00	0.02	0.00	0.01	0.00	0.00	0.01	0.00	0.00	0.01	0.00	0.00	0.01	0.01	0.00	0.00	0.59	1.00	0.01	0.00	0.00
48S 1.00	0.00	0.00	0.00	0.00	0.00	0.00	0.00	0.00	0.00	0.00	0.00	0.00	0.00	0.00	0.00	1.00	0.00	0.00	0.00	0.00
49P 1.00	0.00	0.00	0.00	0.00	0.00	0.00	0.00	0.00	0.00	0.00	0.00	0.00	1.00	0.00	0.00	0.00	0.00	0.00	0.00	0.00
50A 1.00	1.00	0.01	0.00	0.01	0.00	0.01	0.00	0.03	0.01	0.02	0.01	0.00	0.01	0.01	0.00	0.02	0.20	0.23	0.00	0.00
pos	A	C	D	E	F	G	H	I	K	L	M	N	P	Q	R	S	T	V	W	Y
51I 0.93	0.01	0.00	0.00	0.00	0.02	0.00	0.00	0.83	0.00	1.00	0.02	0.00	0.00	0.00	0.00	0.00	0.01	0.23	0.00	0.01
52P 0.93	0.33	0.07	0.02	0.05	0.09	0.01	0.02	0.59	0.05	0.52	0.13	0.03	0.15	0.04	0.03	0.05	0.23	1.00	0.01	0.02
53S 0.93	0.20	0.00	0.01	0.00	0.00	0.01	0.00	0.00	0.01	0.00	0.00	0.01	0.01	0.00	0.00	1.00	0.15	0.01	0.00	0.00
54L 0.93	0.01	0.00	0.00	0.00	0.02	0.00	0.00	0.04	0.00	0.80	1.00	0.00	0.00	0.00	0.00	0.00	0.00	0.02	0.00	0.00
55Q 1.00	0.74	0.05	0.61	1.00	0.05	0.37	0.12	0.18	0.95	0.30	0.10	0.49	0.27	0.62	0.57	0.72	0.60	0.28	0.02	0.04
56R 1.00	0.77	0.08	0.98	1.00	0.10	0.60	0.22	0.20	0.92	0.30	0.11	0.87	0.31	0.58	0.63	0.83	0.60	0.29	0.04	0.14
57A 1.00	0.88	0.08	0.55	0.80	0.06	0.41	0.12	0.18	0.78	0.27	0.10	0.52	0.30	0.49	0.54	1.00	0.99	0.29	0.02	0.06
58A 1.00	0.53	0.11	0.07	0.12	0.12	0.06	0.06	0.54	0.13	0.55	0.15	0.11	0.14	0.10	0.09	0.28	0.55	1.00	0.03	0.08
59P 1.00	0.53	0.11	0.13	0.19	0.23	0.09	0.10	0.69	0.19	0.94	0.24	0.14	0.17	0.15	0.14	0.30	0.54	1.00	0.04	0.16
60P 0.96	0.70	0.09	0.16	0.21	0.05	0.32	0.06	0.13	0.39	0.15	0.07	0.22	0.31	0.18	0.27	0.82	1.00	0.26	0.02	0.05
61A 0.96	0.57	0.03	0.49	0.06	0.01	0.10	0.02	0.03	0.06	0.04	0.02	0.11	0.07	0.05	0.04	1.00	0.50	0.06	0.01	0.02
62P 0.96	0.06	0.02	0.01	0.02	0.48	0.01	0.01	0.26	0.02	1.00	0.17	0.01	0.09	0.03	0.02	0.02	0.03	0.15	0.03	0.08
63R 0.96	0.55	0.04	0.48	1.00	0.05	0.38	0.24	0.14	0.71	0.23	0.08	0.36	0.20	0.44	0.52	0.53	0.44	0.24	0.02	0.05
64L 1.00	0.02	0.01	0.00	0.01	0.03	0.01	0.00	0.30	0.01	1.00	0.03	0.00	0.01	0.00	0.01	0.01	0.02	0.99	0.00	0.01
65D 1.00	0.14	0.02	0.32	0.08	0.02	0.28	0.05	0.02	0.08	0.03	0.01	0.26	0.07	0.06	0.04	0.33	1.00	0.04	0.01	0.03
66D 1.00	0.71	0.05	0.65	1.00	0.05	0.35	0.12	0.17	0.92	0.28	0.11	0.46	0.28	0.57	0.49	0.68	0.54	0.29	0.02	0.04
67A 1.00	0.51	0.03	1.00	0.70	0.02	0.19	0.06	0.09	0.45	0.14	0.05	0.40	0.14	0.83	0.25	0.99	0.42	0.14	0.01	0.02
68A 1.00	0.83	0.02	0.46	1.00	0.03	0.17	0.06	0.08	0.40	0.12	0.10	0.21	0.15	0.42	0.20	0.37	0.24	0.12	0.01	0.03
69A 1.00	1.00	0.06	0.06	0.06	0.08	0.47	0.05	0.10	0.07	0.10	0.04	0.06	0.13	0.05	0.06	0.26	0.11	0.11	0.02	0.21
70S 1.00	0.02	0.00	0.01	0.00	0.00	0.01	0.00	0.01	0.01	0.01	0.06	0.01	0.01	0.01	0.00	1.00	0.12	0.01	0.00	0.00
71W 1.00	0.04	0.01	0.01	0.01	0.15	0.02	0.00	0.05	0.01	0.09	0.02	0.01	0.02	0.01	0.01	0.02	0.02	0.21	1.00	0.13
72F 1.00	0.06	0.02	0.01	0.01	0.56	0.01	0.00	0.62	0.02	0.31	0.06	0.01	0.01	0.01	0.01	0.02	0.05	1.00	0.01	0.05
73G 1.00	0.00	0.00	0.00	0.00	0.00	1.00	0.00	0.00	0.00	0.00	0.00	0.00	0.00	0.00	0.00	0.00	0.00	0.00	0.00	0.00
74A 1.00	0.61	0.01	0.01	0.01	0.00	1.00	0.00	0.01	0.01	0.01	0.01	0.01	0.03	0.01	0.01	0.70	0.02	0.02	0.00	0.00
75V 1.00	0.01	0.00	0.00	0.00	0.01	0.00	0.00	1.00	0.00	0.36	0.01	0.00	0.00	0.00	0.00	0.00	0.01	0.61	0.00	0.00
pos	A	C	D	E	F	G	H	I	K	L	M	N	P	Q	R	S	T	V	W	Y
76V 1.00	0.21	0.04	0.03	0.04	0.41	0.05	0.04	0.41	0.05	0.70	1.00	0.04	0.06	0.05	0.04	0.31	0.15	0.83	0.04	0.12
77T 1.00	0.13	0.03	0.11	0.05	0.01	0.09	0.03	0.03	0.07	0.03	0.02	0.36	0.85	0.05	0.04	0.37	1.00	0.06	0.01	0.02
78L 1.00	0.01	0.00	0.00	0.00	0.01	0.00	0.00	0.03	0.00	1.00	0.01	0.00	0.00	0.00	0.00	0.00	0.00	0.16	0.00	0.00
79G 1.00	0.98	0.01	0.01	0.01	0.00	1.00	0.00	0.00	0.01	0.01	0.00	0.01	0.02	0.01	0.01	0.16	0.02	0.02	0.00	0.00
80A 1.00	1.00	0.01	0.01	0.01	0.00	0.48	0.00	0.00	0.01	0.01	0.00	0.01	0.02	0.00	0.01	0.04	0.01	0.01	0.00	0.00
81A 1.00	0.34	0.01	0.01	0.01	0.11	0.01	0.01	0.21	0.02	1.00	0.24	0.01	0.02	0.02	0.02	0.02	0.03	0.13	0.01	0.01
82A 1.00	1.00	0.02	0.00	0.01	0.01	0.00	0.00	0.21	0.01	0.12	0.02	0.01	0.02	0.01	0.01	0.01	0.07	0.54	0.00	0.00
83G 1.00	0.00	0.00	0.00	0.00	0.00	1.00	0.00	0.00	0.00	0.00	0.00	0.00	0.00	0.00	0.00	0.00	0.00	0.00	0.00	0.00
84G 1.00	0.19	0.00	0.00	0.00	0.00	1.00	0.00	0.00	0.00	0.00	0.00	0.00	0.01	0.00	0.00	0.02	0.01	0.01	0.00	0.00
85V 1.00	0.00	0.00	0.00	0.00	0.01	0.00	0.00	1.00	0.00	0.19	0.01	0.00	0.00	0.00	0.00	0.00	0.00	0.34	0.00	0.00
86L 1.00	0.54	0.09	0.03	0.08	0.06	0.02	0.03	0.49	0.08	0.41	0.10	0.05	0.10	0.06	0.05	0.14	0.38	1.00	0.01	0.03
87G 1.00	0.21	0.01	0.00	0.00	0.00	1.00	0.00	0.00	0.01	0.00	0.00	0.00	0.01	0.00	0.00	0.20	0.01	0.01	0.00	0.00
88G 1.00	0.13	0.02	0.02	0.02	0.01	1.00	0.01	0.01	0.02	0.03	0.14	0.02	0.04	0.01	0.01	0.07	0.03	0.02	0.00	0.01
89W 1.00	0.47	0.08	0.15	0.30	0.26	0.20	0.15	0.46	0.54	1.00	0.25	0.17	0.21	0.28	0.45	0.29	0.35	0.51	0.07	0.19
90L 1.00	0.01	0.07	0.00	0.00	0.22	0.00	0.00	0.24	0.00	1.00	0.08	0.00	0.01	0.01	0.00	0.00	0.01	0.04	0.00	0.00
91V 1.00	0.27	0.04	0.01	0.03	0.07	0.01	0.01	1.00	0.03	0.51	0.08	0.12	0.04	0.02	0.02	0.03	0.12	0.75	0.01	0.02
92D 1.00	0.02	0.00	0.55	1.00	0.00	0.01	0.00	0.00	0.02	0.00	0.00	0.01	0.01	0.02	0.00	0.01	0.01	0.00	0.00	0.00
93R 1.00	0.15	0.03	0.04	0.12	0.13	0.09	0.12	0.16	0.46	0.55	0.10	0.10	0.08	0.18	0.71	0.11	0.12	0.14	0.04	1.00
94A 1.00	0.33	0.03	0.01	0.02	0.06	0.01	0.01	0.41	0.02	1.00	0.10	0.01	0.03	0.02	0.02	0.09	0.09	0.43	0.01	0.02
95G 1.00	0.00	0.00	0.00	0.00	0.00	1.00	0.00	0.00	0.00	0.00	0.00	0.00	0.00	0.00	0.00	0.00	0.00	0.00	0.00	0.00
96R 1.00	0.00	0.00	0.00	0.00	0.00	0.00	0.00	0.00	0.00	0.00	0.00	0.00	0.00	0.00	1.00	0.00	0.00	0.00	0.00	0.00
97K 1.00	0.01	0.00	0.00	0.01	0.00	0.01	0.01	0.00	1.00	0.01	0.00	0.01	0.01	0.02	0.57	0.01	0.01	0.00	0.00	0.00
98L 1.00	0.53	0.08	0.87	0.55	0.11	0.67	0.25	0.13	0.66	0.22	0.08	1.00	0.26	0.39	0.43	0.80	0.58	0.19	0.04	0.18
99S 1.00	0.02	0.00	0.01	0.01	0.00	0.01	0.00	0.01	0.01	0.01	0.00	0.02	0.01	0.01	0.01	0.94	1.00	0.01	0.00	0.00
100L 1.00	0.01	0.00	0.00	0.00	0.02	0.00	0.00	1.00	0.00	0.66	0.02	0.00	0.00	0.00	0.00	0.00	0.01	0.04	0.00	0.00
pos	A	C	D	E	F	G	H	I	K	L	M	N	P	Q	R	S	T	V	W	Y
101L 1.00	0.01	0.00	0.00	0.00	0.02	0.00	0.00	0.03	0.00	1.00	0.46	0.00	0.00	0.00	0.00	0.00	0.00	0.11	0.00	0.00
102L 1.00	0.66	0.19	0.23	0.31	0.73	0.39	0.54	0.46	0.33	0.77	0.24	0.33	0.24	0.32	0.37	0.49	0.45	0.55	0.19	1.00
103C 1.00	0.35	0.29	0.05	0.03	0.01	0.08	0.01	0.04	0.05	0.04	0.02	0.08	0.07	0.04	0.03	0.49	1.00	0.07	0.01	0.01
104S 1.00	1.00	0.00	0.00	0.00	0.00	0.02	0.00	0.00	0.00	0.00	0.00	0.01	0.01	0.00	0.00	0.10	0.16	0.01	0.00	0.00
105V 1.00	0.01	0.00	0.00	0.00	0.01	0.00	0.00	0.33	0.00	0.20	0.01	0.00	0.00	0.00	0.00	0.00	0.11	1.00	0.00	0.00
106P 1.00	0.00	0.00	0.00	0.00	0.00	0.00	0.00	0.00	0.00	0.00	0.00	0.00	1.00	0.00	0.00	0.00	0.00	0.00	0.00	0.00
107F 1.00	0.17	0.03	0.31	0.11	1.00	0.26	0.08	0.03	0.11	0.05	0.02	0.55	0.08	0.08	0.07	0.46	0.22	0.05	0.01	0.05
108V 1.00	0.25	0.01	0.00	0.01	0.01	0.00	0.00	1.00	0.01	0.16	0.02	0.01	0.01	0.01	0.01	0.01	0.13	0.58	0.00	0.00
109A 1.00	0.61	0.05	0.01	0.04	0.03	0.00	0.01	0.70	0.04	0.21	0.06	0.02	0.06	0.03	0.02	0.04	0.33	1.00	0.01	0.01
110G 1.00	0.15	0.01	0.01	0.01	0.00	1.00	0.00	0.00	0.01	0.01	0.00	0.01	0.02	0.01	0.01	0.64	0.02	0.01	0.00	0.00
111F 1.00	0.04	0.02	0.01	0.01	1.00	0.01	0.01	0.08	0.00	0.20	0.04	0.00	0.02	0.00	0.01	0.18	0.03	0.08	0.44	0.82
112A 1.00	0.33	0.01	0.01	0.01	0.10	0.01	0.01	0.19	0.01	1.00	0.16	0.01	0.02	0.02	0.01	0.02	0.03	0.12	0.01	0.01
113V 1.00	0.07	0.10	0.01	0.02	0.14	0.01	0.02	0.16	0.02	1.00	0.06	0.01	0.02	0.02	0.02	0.11	0.05	0.47	0.01	0.04
114I 1.00	0.01	0.00	0.00	0.00	0.01	0.00	0.00	1.00	0.00	0.05	0.14	0.00	0.00	0.00	0.00	0.00	0.00	0.03	0.00	0.00
115T 1.00	1.00	0.01	0.01	0.01	0.00	0.08	0.00	0.01	0.01	0.01	0.00	0.01	0.02	0.01	0.01	0.26	0.40	0.02	0.00	0.00
116A 1.00	1.00	0.64	0.19	0.23	0.74	0.58	0.40	0.31	0.25	0.59	0.18	0.33	0.23	0.24	0.28	0.46	0.34	0.42	0.14	0.73
117A 1.00	1.00	0.00	0.00	0.00	0.00	0.00	0.00	0.00	0.00	0.00	0.00	0.00	0.00	0.00	0.00	0.00	0.00	0.00	0.00	0.00
118Q 1.00	0.60	0.07	0.42	0.73	0.16	0.33	0.22	0.21	1.00	0.35	0.12	0.41	0.24	0.54	0.70	0.56	0.48	0.31	0.05	0.22
119D 1.00	0.03	0.01	0.70	0.04	0.01	0.32	0.16	0.00	0.04	0.01	0.00	1.00	0.02	0.03	0.02	0.14	0.03	0.00	0.00	0.02
120V 1.00	0.02	0.00	0.00	0.00	0.01	0.00	0.00	0.17	0.00	0.30	0.01	0.00	0.00	0.00	0.00	0.00	0.21	1.00	0.00	0.00
121W 1.00	0.69	0.14	0.11	0.16	0.20	0.16	0.14	0.50	0.18	0.43	0.14	0.16	0.19	0.15	0.14	0.46	0.71	1.00	0.07	0.23
122M 1.00	0.01	0.00	0.00	0.00	0.19	0.00	0.00	0.02	0.00	0.05	1.00	0.00	0.00	0.00	0.00	0.00	0.00	0.01	0.01	0.03
123L 1.00	0.02	0.00	0.00	0.00	0.02	0.01	0.00	0.43	0.01	1.00	0.03	0.00	0.00	0.00	0.00	0.01	0.02	0.91	0.00	0.01
124L 1.00	0.01	0.00	0.00	0.00	0.14	0.00	0.00	0.02	0.00	1.00	0.01	0.00	0.00	0.00	0.00	0.00	0.00	0.01	0.02	0.23
125G 1.00	1.00	0.15	0.15	0.20	0.32	0.55	0.24	0.22	0.21	0.39	0.14	0.18	0.27	0.18	0.21	0.56	0.31	0.35	0.09	0.43
pos	A	C	D	E	F	G	H	I	K	L	M	N	P	Q	R	S	T	V	W	Y
126G 1.00	0.00	0.00	0.00	0.00	0.00	1.00	0.00	0.00	0.00	0.00	0.00	0.00	0.00	0.00	0.00	0.00	0.00	0.00	0.00	0.00
127R 1.00	0.00	0.00	0.00	0.00	0.00	0.00	0.00	0.00	0.00	0.00	0.00	0.00	0.00	0.00	1.00	0.00	0.00	0.00	0.00	0.00
128L 1.00	0.57	0.10	0.09	0.13	0.66	0.13	0.17	0.40	0.14	1.00	0.15	0.13	0.13	0.13	0.13	0.31	0.53	0.73	0.06	0.31
129L 1.00	0.00	0.00	0.00	0.00	0.01	0.00	0.00	0.13	0.00	1.00	0.01	0.00	0.00	0.00	0.00	0.00	0.00	0.01	0.00	0.00
130T 1.00	0.54	0.17	0.07	0.23	0.02	0.11	0.02	0.05	0.08	0.05	0.02	0.10	0.09	0.06	0.05	0.54	1.00	0.09	0.01	0.02
131G 1.00	0.00	0.00	0.00	0.00	0.00	1.00	0.00	0.00	0.00	0.00	0.00	0.00	0.00	0.00	0.00	0.00	0.00	0.00	0.00	0.00
132L 1.00	0.01	0.00	0.00	0.00	1.00	0.00	0.00	0.06	0.00	0.52	0.03	0.00	0.00	0.01	0.00	0.00	0.01	0.10	0.01	0.02
133A 1.00	1.00	0.85	0.03	0.03	0.01	0.44	0.01	0.02	0.03	0.03	0.02	0.02	0.09	0.02	0.02	0.26	0.06	0.06	0.00	0.01
134C 1.00	1.00	0.35	0.08	0.09	0.05	0.67	0.02	0.14	0.10	0.14	0.05	0.08	0.24	0.07	0.07	0.49	0.18	0.93	0.02	0.04
135G 1.00	0.00	0.00	0.00	0.00	0.00	1.00	0.00	0.00	0.00	0.00	0.00	0.00	0.00	0.00	0.00	0.00	0.00	0.00	0.00	0.00
136V 1.00	0.00	0.00	0.00	0.00	0.01	0.00	0.00	1.00	0.00	0.22	0.01	0.00	0.00	0.00	0.00	0.00	0.01	0.50	0.00	0.00
137A 1.00	1.00	0.03	0.01	0.02	0.01	0.00	0.00	0.30	0.02	0.09	0.03	0.01	0.03	0.01	0.01	0.02	0.24	0.35	0.00	0.00
138S 1.00	0.17	0.00	0.00	0.00	0.00	0.02	0.00	0.00	0.00	0.00	0.00	0.00	0.01	0.00	0.00	1.00	0.01	0.01	0.00	0.00
139L 1.00	0.17	0.01	0.00	0.01	0.08	0.01	0.01	0.06	0.01	1.00	0.04	0.01	0.01	0.01	0.01	0.01	0.01	0.04	0.01	0.20
140V 1.00	0.57	0.13	0.10	0.09	0.05	0.16	0.03	0.24	0.12	0.19	0.07	0.16	0.17	0.09	0.07	0.87	1.00	0.60	0.02	0.04
141A 1.00	0.35	0.02	0.01	0.02	0.14	0.01	0.01	0.51	0.02	1.00	0.10	0.01	0.02	0.02	0.02	0.02	0.06	0.52	0.01	0.02
142P 1.00	0.00	0.00	0.00	0.00	0.00	0.00	0.00	0.00	0.00	0.00	0.00	0.00	1.00	0.00	0.00	0.00	0.00	0.00	0.00	0.00
143V 1.00	0.00	0.00	0.00	0.00	0.00	0.00	0.00	0.00	0.00	0.00	0.00	0.00	0.00	0.00	0.00	0.00	0.00	1.00	0.00	0.00
144Y 1.00	0.00	0.00	0.00	0.00	0.00	0.00	0.00	0.00	0.00	0.00	0.00	0.00	0.00	0.00	0.00	0.00	0.00	0.00	0.00	1.00
145I 1.00	0.01	0.00	0.00	0.00	0.02	0.00	0.00	1.00	0.00	1.00	0.02	0.00	0.00	0.00	0.00	0.00	0.01	0.42	0.00	0.01
146S 1.00	0.36	0.01	0.01	0.01	0.00	1.00	0.00	0.00	0.01	0.01	0.01	0.01	0.03	0.01	0.01	0.71	0.02	0.02	0.00	0.00
147E 1.00	0.00	0.00	0.00	1.00	0.00	0.00	0.00	0.00	0.00	0.00	0.00	0.00	0.00	0.00	0.00	0.00	0.00	0.00	0.00	0.00
148I 1.00	0.13	0.03	0.05	0.03	0.01	0.04	0.01	0.59	0.05	0.05	0.02	0.09	0.06	0.04	0.03	0.43	1.00	0.10	0.01	0.01
149A 1.00	0.63	0.05	0.01	0.04	0.05	0.01	0.01	0.57	0.04	0.34	0.07	0.02	0.05	0.03	0.02	0.04	0.16	1.00	0.01	0.02
150Y 1.00	0.63	0.08	0.56	0.75	0.14	0.51	0.24	0.15	1.00	0.29	0.10	0.50	0.37	0.63	0.78	0.51	0.37	0.23	0.06	0.28
pos	A	C	D	E	F	G	H	I	K	L	M	N	P	Q	R	S	T	V	W	Y
151P 1.00	0.03	0.00	0.02	0.02	0.00	0.03	0.00	0.00	0.02	0.01	0.00	0.01	1.00	0.16	0.02	0.02	0.01	0.01	0.00	0.00
152A 1.00	0.55	0.04	0.49	1.00	0.03	0.41	0.09	0.07	0.35	0.11	0.04	0.42	0.17	0.26	0.19	0.40	0.31	0.12	0.01	0.04
153V 1.00	0.01	0.00	0.00	0.00	0.01	0.00	0.00	0.03	0.00	0.03	0.15	0.00	0.00	0.00	0.00	0.00	0.01	1.00	0.00	0.00
154R 1.00	0.00	0.00	0.00	0.00	0.00	0.00	0.00	0.00	0.00	0.00	0.00	0.00	0.00	0.00	1.00	0.00	0.00	0.00	0.00	0.00
155G 1.00	0.00	0.00	0.00	0.00	0.00	1.00	0.00	0.00	0.00	0.00	0.00	0.00	0.00	0.00	0.00	0.00	0.00	0.00	0.00	0.00
156L 1.00	1.00	0.10	0.11	0.12	0.05	0.49	0.03	0.07	0.14	0.20	0.05	0.14	0.24	0.10	0.09	0.73	0.70	0.18	0.02	0.05
157L 1.00	0.00	0.00	0.00	0.00	0.00	0.00	0.00	0.00	0.00	1.00	0.00	0.00	0.00	0.00	0.00	0.00	0.00	0.00	0.00	0.00
158G 1.00	0.00	0.00	0.00	0.00	0.00	1.00	0.00	0.00	0.00	0.00	0.00	0.00	0.00	0.00	0.00	0.00	0.00	0.00	0.00	0.00
159S 1.00	1.00	0.10	0.08	0.10	0.08	0.50	0.02	0.14	0.11	0.42	0.09	0.09	0.24	0.08	0.08	0.61	0.29	0.25	0.02	0.04
160C 1.00	0.26	0.38	0.01	0.04	0.05	0.01	0.01	0.31	0.04	1.00	0.08	0.02	0.06	0.03	0.02	0.05	0.36	0.78	0.01	0.01
161V 1.00	0.83	0.12	0.25	0.20	0.07	0.39	0.07	0.34	0.22	0.31	0.10	0.44	0.97	0.14	0.15	0.50	0.50	1.00	0.02	0.06
162Q 1.00	0.21	0.04	0.11	0.12	0.02	0.10	0.04	0.06	0.16	0.07	0.03	0.14	0.10	0.51	0.12	0.44	1.00	0.10	0.01	0.03
163L 1.00	0.59	0.05	0.02	0.04	0.12	0.05	0.02	0.38	0.05	1.00	0.16	0.03	0.07	0.04	0.03	0.07	0.17	0.57	0.02	0.02
164M 1.00	0.08	0.02	0.01	0.02	0.80	0.02	0.02	0.31	0.03	1.00	0.65	0.02	0.03	0.04	0.03	0.20	0.05	0.18	0.03	0.09
165V 1.00	1.00	0.09	0.07	0.09	0.04	0.56	0.02	0.05	0.09	0.09	0.04	0.06	0.24	0.06	0.07	0.48	0.16	0.18	0.01	0.03
166V 1.00	0.49	0.10	0.15	0.12	0.06	0.12	0.05	0.36	0.15	0.26	0.09	0.29	0.16	0.11	0.09	0.66	1.00	0.75	0.02	0.04
167V 1.00	0.07	0.02	0.01	0.02	0.19	0.01	0.01	1.00	0.02	0.13	0.03	0.02	0.02	0.01	0.01	0.12	0.39	0.40	0.01	0.02
168G 1.00	0.00	0.00	0.00	0.00	0.00	1.00	0.00	0.00	0.00	0.00	0.00	0.00	0.00	0.00	0.00	0.00	0.00	0.00	0.00	0.00
169I 1.00	0.03	0.01	0.01	0.01	0.01	0.02	0.00	1.00	0.01	0.03	0.01	0.01	0.01	0.00	0.01	0.16	0.03	0.05	0.00	0.00
170L 1.00	0.00	0.00	0.00	0.00	0.01	0.00	0.00	0.02	0.00	1.00	0.16	0.00	0.00	0.00	0.00	0.00	0.00	0.01	0.00	0.00
171L 1.00	0.02	0.01	0.00	0.01	0.04	0.00	0.00	0.15	0.01	1.00	0.11	0.00	0.01	0.01	0.01	0.14	0.02	0.18	0.01	0.01
172A 1.00	1.00	0.96	0.01	0.01	0.01	0.06	0.00	0.04	0.01	0.31	0.02	0.01	0.03	0.01	0.01	0.06	0.04	0.08	0.00	0.01
173Y 1.00	0.00	0.00	0.00	0.00	0.84	0.00	0.00	0.01	0.00	0.02	0.00	0.00	0.00	0.00	0.00	0.00	0.00	0.01	0.02	1.00
174L 1.00	0.28	0.02	0.00	0.01	0.01	0.00	0.00	0.14	0.01	0.56	0.02	0.01	0.02	0.01	0.01	0.01	0.15	1.00	0.00	0.00
175A 1.00	1.00	0.06	0.02	0.05	0.10	0.07	0.02	0.38	0.05	0.82	0.14	0.03	0.09	0.05	0.04	0.10	0.20	0.65	0.01	0.02
pos	A	C	D	E	F	G	H	I	K	L	M	N	P	Q	R	S	T	V	W	Y
176G 1.00	0.00	0.00	0.00	0.00	0.00	1.00	0.00	0.00	0.00	0.00	0.00	0.00	0.00	0.00	0.00	0.00	0.00	0.00	0.00	0.00
177W 1.00	0.59	0.14	0.30	0.40	0.44	0.31	0.37	0.32	0.48	0.53	0.18	0.39	0.25	0.35	0.40	0.87	1.00	0.43	0.14	0.62
178V 1.00	0.04	0.02	0.01	0.01	0.97	0.01	0.01	0.10	0.01	0.40	0.04	0.01	0.01	0.01	0.01	0.02	0.03	0.48	0.10	1.00
179L 1.00	0.01	0.00	0.00	0.00	0.03	0.00	0.00	0.06	0.00	1.00	0.63	0.00	0.00	0.01	0.00	0.00	0.01	0.32	0.00	0.00
180E 1.00	0.23	0.01	0.70	1.00	0.02	0.13	0.06	0.02	0.19	0.04	0.02	0.34	0.32	0.21	0.07	0.14	0.10	0.04	0.01	0.03
181W 1.00	0.00	0.00	0.00	0.00	0.00	0.00	0.00	0.00	0.00	0.00	0.00	0.00	0.00	0.00	0.00	0.00	0.00	0.00	1.00	0.00
182R 1.00	0.23	0.03	0.08	0.09	0.02	0.16	0.05	0.03	0.28	0.06	0.02	0.12	0.09	0.11	1.00	0.86	0.19	0.06	0.01	0.03
183W 1.00	0.57	0.18	0.28	0.35	0.72	0.42	0.56	0.50	0.39	0.76	0.35	0.42	0.23	0.34	0.41	0.47	0.44	0.55	0.31	1.00
184L 1.00	0.00	0.00	0.00	0.00	0.00	0.00	0.00	0.00	0.00	1.00	0.00	0.00	0.00	0.00	0.00	0.00	0.00	0.00	0.00	0.00
185A 1.00	1.00	0.00	0.00	0.00	0.00	0.00	0.00	0.00	0.00	0.00	0.00	0.00	0.00	0.00	0.00	0.00	0.00	0.00	0.00	0.00
186V 1.00	0.10	0.03	0.01	0.02	0.81	0.02	0.01	0.52	0.03	0.91	0.18	0.02	0.03	0.03	0.02	0.03	0.07	1.00	0.05	0.16
187L 1.00	0.14	0.00	0.00	0.00	0.08	0.00	0.00	0.09	0.00	1.00	0.03	0.00	0.00	0.01	0.00	0.00	0.01	0.03	0.00	0.00
188G 1.00	0.00	0.00	0.00	0.00	0.00	1.00	0.00	0.00	0.00	0.00	0.00	0.00	0.00	0.00	0.00	0.00	0.00	0.00	0.00	0.00
189C 1.00	1.00	0.32	0.14	0.34	0.08	0.32	0.07	0.15	0.20	0.14	0.05	0.13	0.15	0.14	0.13	0.36	0.19	0.22	0.02	0.10
190V 1.00	0.77	0.12	0.02	0.06	0.04	0.00	0.02	0.40	0.06	0.37	0.08	0.03	0.08	0.04	0.03	0.07	0.29	1.00	0.01	0.02
191P 1.00	0.09	0.02	0.01	0.02	0.18	0.02	0.01	0.35	0.03	1.00	0.22	0.02	0.04	0.04	0.03	0.02	0.05	0.23	0.02	0.02
192P 1.00	0.68	0.25	0.05	0.08	0.05	0.21	0.02	0.31	0.08	0.25	0.08	0.05	1.00	0.06	0.05	0.25	0.29	0.83	0.01	0.02
193S 1.00	0.11	0.02	0.01	0.02	0.03	0.01	0.01	0.57	0.02	0.34	0.04	0.01	0.03	0.01	0.01	0.19	0.45	1.00	0.00	0.01
194L 1.00	0.07	0.02	0.01	0.02	0.18	0.01	0.01	0.34	0.02	1.00	0.22	0.02	0.03	0.03	0.02	0.02	0.04	0.20	0.02	0.03
195M 1.00	0.03	0.01	0.00	0.01	1.00	0.01	0.01	0.15	0.01	0.69	0.72	0.01	0.01	0.02	0.01	0.01	0.02	0.08	0.01	0.03
196L 1.00	0.01	0.00	0.00	0.00	0.09	0.00	0.00	0.38	0.00	1.00	0.07	0.00	0.00	0.00	0.00	0.00	0.00	0.02	0.00	0.00
197L 1.00	0.09	0.02	0.01	0.02	0.10	0.01	0.01	0.75	0.02	1.00	0.12	0.01	0.16	0.02	0.02	0.02	0.06	0.43	0.01	0.02
198L 1.00	0.11	0.02	0.02	0.02	0.05	0.19	0.01	0.09	0.03	1.00	0.06	0.02	0.04	0.02	0.02	0.05	0.03	0.07	0.01	0.01
199M 1.00	0.01	0.00	0.00	0.00	0.02	0.00	0.00	0.03	0.00	0.44	1.00	0.00	0.00	0.00	0.00	0.00	0.05	0.02	0.00	0.00
200C 1.00	0.24	0.19	0.06	0.08	0.64	0.09	0.13	0.53	0.09	1.00	0.23	0.08	0.08	0.10	0.10	0.19	0.17	0.45	0.08	0.31
pos	A	C	D	E	F	G	H	I	K	L	M	N	P	Q	R	S	T	V	W	Y
201F 1.00	0.03	0.01	0.01	0.01	0.88	0.01	0.01	0.21	0.01	1.00	0.07	0.01	0.01	0.01	0.01	0.02	0.02	0.08	0.06	0.42
202M 1.00	0.03	0.01	0.00	0.01	0.02	0.00	0.00	1.00	0.01	0.13	0.56	0.00	0.01	0.01	0.01	0.01	0.10	0.12	0.00	0.01
203P 1.00	0.00	0.00	0.00	0.00	0.00	0.00	0.00	0.00	0.00	0.00	0.00	0.00	1.00	0.00	0.00	0.00	0.00	0.00	0.00	0.00
204E 1.00	0.01	0.00	0.04	1.00	0.00	0.02	0.01	0.00	0.02	0.00	0.00	0.15	0.01	0.02	0.01	0.01	0.01	0.00	0.00	0.00
205T 1.00	0.01	0.00	0.01	0.00	0.00	0.00	0.00	0.00	0.00	0.00	0.00	0.01	0.01	0.00	0.00	0.36	1.00	0.01	0.00	0.00
206P 1.00	0.00	0.00	0.00	0.00	0.00	0.00	0.00	0.00	0.00	0.00	0.00	0.00	1.00	0.00	0.00	0.00	0.00	0.00	0.00	0.00
207R 1.00	0.00	0.00	0.00	0.00	0.00	0.00	0.00	0.00	0.00	0.00	0.00	0.00	0.00	0.00	1.00	0.00	0.00	0.00	0.00	0.00
208F 1.00	0.00	0.00	0.00	0.00	0.65	0.00	0.00	0.01	0.00	0.03	0.01	0.00	0.00	0.00	0.00	0.00	0.00	0.01	1.00	0.09
209L 1.00	0.03	0.01	0.00	0.01	0.95	0.01	0.00	0.07	0.00	1.00	0.04	0.00	0.01	0.00	0.00	0.02	0.02	0.06	0.12	0.96
210L 1.00	0.29	0.01	0.00	0.01	0.02	0.00	0.00	0.25	0.01	0.73	0.03	0.01	0.01	0.01	0.01	0.01	0.04	1.00	0.00	0.01
211T 1.00	0.05	0.01	0.07	0.04	0.01	0.14	0.02	0.01	0.26	0.02	0.01	0.19	0.03	0.03	0.03	1.00	0.49	0.02	0.00	0.01
212Q 1.00	0.03	0.00	0.01	0.04	0.01	0.02	0.03	0.01	0.38	0.03	0.22	0.03	0.02	0.44	1.00	0.02	0.03	0.02	0.00	0.01
213H 1.00	0.12	0.01	0.15	0.05	0.01	1.00	0.33	0.01	0.05	0.01	0.00	0.21	0.03	0.03	0.03	0.09	0.04	0.01	0.00	0.02
214R 1.00	0.06	0.01	0.01	0.09	0.01	0.04	0.06	0.03	0.58	0.22	0.11	0.06	0.05	0.37	1.00	0.05	0.07	0.04	0.01	0.03
215R 1.00	0.62	0.17	0.42	0.68	0.66	0.38	0.56	0.43	0.46	0.66	0.22	0.38	0.24	0.39	0.46	0.52	0.56	0.55	0.17	1.00
216Q 1.00	0.03	0.00	0.46	1.00	0.00	0.01	0.01	0.00	0.13	0.01	0.00	0.01	0.02	0.57	0.01	0.01	0.01	0.01	0.00	0.00
217E 1.00	0.05	0.00	0.22	1.00	0.00	0.02	0.01	0.01	0.12	0.01	0.01	0.03	0.03	0.07	0.56	0.03	0.02	0.01	0.00	0.01
218A 1.00	1.00	0.02	0.02	0.02	0.23	0.10	0.00	0.03	0.02	0.07	0.02	0.01	0.05	0.01	0.02	0.09	0.04	0.06	0.02	0.09
219M 1.00	0.16	0.02	0.05	0.31	0.12	0.09	0.10	0.23	0.67	0.75	0.36	0.11	0.10	0.25	1.00	0.11	0.14	0.18	0.03	0.07
220A 1.00	0.33	0.01	0.03	0.11	0.02	0.06	0.06	0.03	1.00	0.08	0.03	0.08	0.06	0.17	0.53	0.09	0.24	0.05	0.01	0.03
221A 1.00	1.00	0.00	0.00	0.00	0.00	0.02	0.00	0.00	0.00	0.00	0.00	0.00	0.01	0.00	0.00	0.33	0.01	0.01	0.00	0.00
222L 1.00	0.00	0.00	0.00	0.00	0.01	0.00	0.00	0.02	0.00	1.00	0.07	0.00	0.00	0.00	0.00	0.00	0.00	0.01	0.00	0.00
223R 1.00	0.75	0.04	0.47	0.77	0.04	0.30	0.11	0.15	1.00	0.25	0.09	0.39	0.22	0.98	0.82	0.70	0.49	0.31	0.02	0.04
224F 1.00	0.03	0.01	0.00	0.01	0.83	0.00	0.00	0.06	0.00	0.14	0.03	0.00	0.01	0.00	0.00	0.02	0.02	0.24	1.00	0.43
225L 1.00	0.00	0.00	0.00	0.00	0.00	0.00	0.00	0.00	0.00	1.00	0.00	0.00	0.00	0.00	0.00	0.00	0.00	0.00	0.00	0.00
pos	A	C	D	E	F	G	H	I	K	L	M	N	P	Q	R	S	T	V	W	Y
226W 1.00	0.14	0.03	0.07	0.14	0.04	0.19	0.09	0.06	0.55	0.14	0.04	0.11	0.14	0.20	1.00	0.11	0.12	0.08	0.19	0.06
227G 1.00	0.00	0.00	0.00	0.00	0.00	1.00	0.00	0.00	0.00	0.00	0.00	0.00	0.00	0.00	0.00	0.00	0.00	0.00	0.00	0.00
228S 1.00	0.54	0.18	0.23	0.33	0.74	0.35	0.54	0.40	0.62	0.65	0.22	0.34	0.22	0.34	0.45	0.54	0.51	0.52	0.18	1.00
229E 1.00	0.12	0.00	0.24	1.00	0.00	0.02	0.01	0.01	0.17	0.01	0.00	0.02	0.02	0.05	0.02	0.03	0.09	0.01	0.00	0.00
230Q 1.00	1.00	0.04	0.49	0.96	0.04	0.29	0.10	0.15	0.88	0.24	0.08	0.37	0.22	0.69	0.41	0.55	0.61	0.40	0.01	0.03
231G 1.00	0.07	0.01	1.00	0.20	0.01	0.46	0.04	0.01	0.07	0.01	0.01	0.23	0.04	0.06	0.03	0.30	0.05	0.01	0.00	0.02
232W 1.00	0.54	0.17	0.18	0.25	0.67	0.28	0.47	0.56	0.28	1.00	0.29	0.27	0.20	0.28	0.32	0.36	0.41	0.71	0.20	0.85
233E 1.00	0.10	0.00	0.04	1.00	0.00	0.01	0.01	0.01	0.04	0.01	0.00	0.02	0.01	0.12	0.08	0.09	0.02	0.01	0.00	0.00
234D 0.93	0.20	0.01	0.56	1.00	0.06	0.08	0.05	0.04	0.19	0.06	0.02	0.09	0.12	0.23	0.06	0.11	0.09	0.09	0.01	0.04
235P 0.96	0.67	0.05	0.58	1.00	0.06	0.33	0.10	0.13	0.53	0.20	0.07	0.32	0.26	0.40	0.28	0.47	0.35	0.23	0.02	0.07
236P 1.00	0.22	0.01	0.58	1.00	0.02	0.09	0.05	0.04	0.24	0.08	0.02	0.11	0.25	0.31	0.10	0.15	0.16	0.06	0.01	0.02
237I 1.00	0.19	0.04	0.04	0.09	0.12	0.06	0.06	0.99	0.21	0.50	0.10	0.06	0.06	0.09	0.23	0.10	0.16	1.00	0.02	0.10
238G 1.00	0.46	0.06	0.99	0.68	0.06	0.75	0.24	0.10	0.65	0.17	0.06	1.00	0.23	0.54	0.34	0.73	0.39	0.15	0.02	0.10
239A 1.00	1.00	0.02	0.42	0.38	0.02	0.25	0.05	0.06	0.49	0.10	0.04	0.22	0.11	0.27	0.18	0.35	0.20	0.10	0.01	0.02
240E 1.00	0.71	0.05	0.59	1.00	0.05	0.36	0.12	0.20	0.88	0.30	0.10	0.50	0.26	0.57	0.55	0.73	0.63	0.27	0.02	0.04
241Q 1.00	0.05	0.00	0.04	0.14	0.01	0.03	0.05	0.01	0.08	0.03	0.07	0.13	0.02	1.00	0.14	0.18	0.04	0.02	0.00	0.01
242S 1.00	0.54	0.03	0.47	0.54	0.03	0.45	0.07	0.10	0.61	0.16	0.06	0.86	0.15	0.31	0.36	1.00	0.45	0.15	0.01	0.02
243F 1.00	1.00	0.17	0.65	0.99	0.53	0.53	0.46	0.43	0.95	0.69	0.24	0.62	0.37	0.67	0.65	0.98	0.91	0.63	0.14	0.69
244H 1.00	0.56	0.21	0.21	0.38	0.66	0.36	0.68	0.44	0.83	0.72	0.43	0.36	0.25	0.57	1.00	0.44	0.46	0.53	0.18	0.93
245L 1.00	0.13	0.02	0.01	0.01	0.31	0.01	0.01	0.28	0.02	1.00	0.12	0.01	0.02	0.02	0.01	0.02	0.13	0.49	0.01	0.02
246A 1.00	0.42	0.02	0.52	1.00	0.03	0.19	0.06	0.05	0.28	0.08	0.03	0.15	0.16	0.28	0.12	0.24	0.16	0.11	0.01	0.03
247L 1.00	0.36	0.02	0.54	1.00	0.05	0.15	0.08	0.08	0.38	0.23	0.06	0.19	0.16	0.34	0.18	0.26	0.22	0.12	0.01	0.05
248L 1.00	0.16	0.01	0.04	0.01	0.26	0.01	0.01	0.15	0.01	1.00	0.15	0.01	0.02	0.02	0.02	0.02	0.02	0.09	0.01	0.03
249R 1.00	0.01	0.00	0.00	0.02	0.00	0.01	0.01	0.00	1.00	0.01	0.00	0.06	0.01	0.03	0.86	0.01	0.01	0.01	0.00	0.01
250Q 1.00	0.20	0.00	0.01	0.03	0.00	0.02	0.02	0.01	0.35	0.02	0.01	0.02	0.02	0.27	1.00	0.02	0.03	0.01	0.00	0.01
pos	A	C	D	E	F	G	H	I	K	L	M	N	P	Q	R	S	T	V	W	Y
251P 1.00	0.72	0.06	0.43	0.65	0.07	0.28	0.11	0.24	0.64	0.24	0.09	0.64	0.73	0.41	0.56	1.00	0.80	0.25	0.02	0.07
252G 1.00	0.19	0.03	0.58	0.26	0.04	0.63	0.31	0.04	0.52	0.09	0.03	1.00	0.13	0.23	0.45	0.40	0.19	0.06	0.02	0.09
253I 0.96	0.12	0.04	0.04	0.06	0.18	0.07	0.10	0.91	0.07	0.90	0.09	0.13	0.04	0.06	0.16	0.09	0.11	1.00	0.04	0.41
254Y 0.39	0.31	0.24	0.13	0.17	0.46	0.20	0.40	0.25	0.18	0.45	0.14	0.19	0.13	0.18	0.22	0.25	0.24	0.31	0.11	1.00
255K 1.00	0.08	0.01	0.01	0.11	0.12	0.05	0.07	0.04	1.00	0.14	0.03	0.07	0.06	0.18	0.52	0.06	0.08	0.05	0.01	0.04
256P 1.00	0.00	0.00	0.00	0.00	0.00	0.00	0.00	0.00	0.00	0.00	0.00	0.00	1.00	0.00	0.00	0.00	0.00	0.00	0.00	0.00
257F 1.00	0.01	0.00	0.00	0.00	0.18	0.00	0.00	0.24	0.00	1.00	0.03	0.00	0.00	0.00	0.00	0.00	0.01	0.21	0.00	0.00
258I 1.00	0.13	0.04	0.03	0.04	0.22	0.04	0.06	0.44	0.05	1.00	0.23	0.05	0.05	0.06	0.05	0.08	0.11	0.34	0.03	0.10
259I 1.00	0.00	0.00	0.00	0.00	0.00	0.00	0.00	1.00	0.00	0.02	0.00	0.00	0.00	0.00	0.00	0.00	0.00	0.38	0.00	0.00
260G 1.00	1.00	0.08	0.07	0.07	0.03	0.86	0.02	0.03	0.08	0.08	0.04	0.06	0.20	0.05	0.06	0.96	0.15	0.13	0.01	0.02
261V 1.00	0.01	0.00	0.00	0.00	0.01	0.00	0.00	0.54	0.00	1.00	0.02	0.00	0.00	0.00	0.00	0.00	0.01	0.16	0.00	0.00
262S 1.00	0.68	0.12	0.07	0.06	0.03	1.00	0.02	0.03	0.07	0.19	0.03	0.07	0.17	0.05	0.05	0.53	0.14	0.11	0.01	0.03
263L 1.00	0.00	0.00	0.00	0.00	0.01	0.00	0.00	0.02	0.00	1.00	0.14	0.00	0.00	0.00	0.00	0.00	0.00	0.01	0.00	0.00
264M 1.00	0.02	0.00	0.00	0.01	0.03	0.00	0.00	0.06	0.01	0.37	1.00	0.00	0.01	0.01	0.17	0.01	0.01	0.04	0.00	0.01
265A 1.00	0.37	0.04	0.01	0.03	0.66	0.02	0.02	0.40	0.04	1.00	0.18	0.02	0.05	0.04	0.03	0.04	0.11	0.62	0.02	0.06
266F 1.00	0.01	0.00	0.00	0.00	1.00	0.00	0.00	0.03	0.00	0.41	0.02	0.00	0.00	0.00	0.00	0.00	0.00	0.02	0.01	0.03
267Q 1.00	0.00	0.00	0.00	0.00	0.00	0.00	0.00	0.00	0.00	0.00	0.00	0.00	0.00	1.00	0.00	0.00	0.00	0.00	0.00	0.00
268Q 1.00	0.00	0.00	0.00	0.00	0.00	0.00	0.00	0.00	0.00	0.00	0.00	0.00	0.00	1.00	0.00	0.00	0.00	0.00	0.00	0.00
269L 1.00	0.01	0.00	0.00	0.00	0.25	0.00	0.00	0.03	0.00	1.00	0.02	0.00	0.00	0.00	0.00	0.00	0.00	0.02	0.00	0.01
270S 1.00	0.06	0.01	0.02	0.01	0.00	0.21	0.00	0.01	0.01	0.01	0.00	0.03	0.02	0.01	0.01	1.00	0.32	0.02	0.00	0.00
271G 1.00	0.00	0.00	0.00	0.00	0.00	1.00	0.00	0.00	0.00	0.00	0.00	0.00	0.00	0.00	0.00	0.00	0.00	0.00	0.00	0.00
272V 1.00	0.00	0.00	0.00	0.00	0.00	0.00	0.00	1.00	0.00	0.02	0.00	0.00	0.00	0.00	0.00	0.00	0.00	0.34	0.00	0.00
273N 1.00	0.01	0.00	0.02	0.01	0.00	0.02	0.01	0.00	0.01	0.00	0.00	1.00	0.01	0.01	0.01	0.03	0.16	0.00	0.00	0.00
274A 1.00	1.00	0.01	0.01	0.01	0.00	0.22	0.00	0.00	0.01	0.01	0.00	0.01	0.17	0.01	0.01	0.06	0.02	0.02	0.00	0.00
275V 1.00	0.00	0.00	0.00	0.00	0.00	0.00	0.00	0.35	0.00	0.02	0.00	0.00	0.00	0.00	0.00	0.00	0.00	1.00	0.00	0.00
pos	A	C	D	E	F	G	H	I	K	L	M	N	P	Q	R	S	T	V	W	Y
276M 1.00	0.02	0.00	0.00	0.00	0.04	0.00	0.00	1.00	0.01	0.69	0.47	0.00	0.01	0.01	0.01	0.00	0.01	0.06	0.00	0.01
277F 1.00	0.01	0.00	0.00	0.00	1.00	0.00	0.00	0.01	0.00	0.03	0.01	0.00	0.00	0.00	0.00	0.00	0.00	0.14	0.01	0.05
278Y 1.00	0.00	0.00	0.00	0.00	0.00	0.00	0.00	0.00	0.00	0.00	0.00	0.00	0.00	0.00	0.00	0.00	0.00	0.00	0.00	1.00
279A 1.00	0.56	0.03	0.04	0.03	0.01	0.07	0.01	0.04	0.04	0.20	0.02	0.07	0.06	0.03	0.03	0.48	1.00	0.07	0.01	0.01
280E 1.00	0.70	0.05	0.60	1.00	0.06	0.35	0.12	0.18	0.81	0.28	0.10	0.47	0.26	0.55	0.46	0.69	0.54	0.36	0.02	0.06
281T 1.00	0.22	0.04	0.10	0.07	0.02	0.07	0.03	0.06	0.10	0.06	0.03	0.17	0.11	0.17	0.06	0.77	1.00	0.10	0.01	0.03
282I 1.00	0.00	0.00	0.00	0.00	0.00	0.00	0.00	1.00	0.00	0.00	0.00	0.00	0.00	0.00	0.00	0.00	0.00	0.00	0.00	0.00
283F 1.00	0.00	0.00	0.00	0.00	1.00	0.00	0.00	0.00	0.00	0.00	0.00	0.00	0.00	0.00	0.00	0.00	0.00	0.00	0.00	0.00
284E 1.00	0.05	0.00	0.38	1.00	0.00	0.02	0.01	0.01	0.74	0.01	0.01	0.02	0.03	0.39	0.02	0.03	0.02	0.01	0.00	0.01
285E 1.00	0.04	0.00	1.00	0.67	0.00	0.03	0.01	0.00	0.04	0.01	0.00	0.05	0.03	0.05	0.01	0.71	0.02	0.01	0.00	0.01
286A 1.00	1.00	0.01	0.00	0.01	0.00	0.09	0.00	0.00	0.01	0.01	0.00	0.00	0.01	0.00	0.00	0.10	0.16	0.01	0.00	0.00
287K 1.00	0.57	0.03	0.04	0.04	0.01	1.00	0.01	0.01	0.53	0.03	0.01	0.04	0.08	0.03	0.03	0.69	0.06	0.05	0.00	0.01
288F 1.00	0.35	0.07	0.10	0.08	0.07	0.09	0.05	0.19	0.11	0.17	0.06	0.17	0.14	0.09	0.07	0.72	1.00	0.35	0.02	0.07
289K 1.00	0.36	0.07	0.03	0.07	0.05	0.01	0.02	0.63	0.38	0.31	0.09	0.04	0.08	0.05	0.06	0.10	0.63	1.00	0.01	0.02
290D 1.00	0.01	0.00	1.00	0.01	0.00	0.02	0.01	0.00	0.01	0.00	0.00	0.03	0.01	0.01	0.00	0.17	0.01	0.00	0.00	0.00
291S 1.00	0.28	0.04	1.00	0.99	0.03	0.76	0.15	0.03	0.28	0.06	0.02	0.72	0.17	0.25	0.12	0.99	0.19	0.06	0.02	0.08
292S 0.96	0.01	0.00	0.05	0.02	0.00	0.03	0.01	0.00	0.06	0.00	0.00	1.00	0.01	0.01	0.01	0.39	0.02	0.00	0.00	0.01
293L 0.96	0.14	0.01	0.00	0.01	0.02	0.00	0.00	0.12	0.01	1.00	0.03	0.00	0.01	0.01	0.01	0.01	0.03	0.40	0.00	0.00
294A 0.96	1.00	0.59	0.03	0.03	0.01	0.21	0.01	0.02	0.04	0.04	0.02	0.03	0.09	0.03	0.03	0.31	0.08	0.07	0.01	0.01
295S 1.00	0.21	0.00	0.01	0.01	0.00	0.01	0.00	0.01	0.01	0.01	0.00	0.01	0.01	0.01	0.00	0.50	1.00	0.01	0.00	0.00
296V 1.00	0.22	0.01	0.00	0.01	0.22	0.00	0.00	1.00	0.01	0.10	0.02	0.00	0.01	0.00	0.01	0.01	0.03	0.60	0.00	0.01
297V 1.00	0.03	0.01	0.01	0.01	0.04	0.11	0.00	1.00	0.01	0.21	0.04	0.01	0.01	0.00	0.01	0.02	0.11	0.63	0.01	0.02
298V 1.00	0.01	0.00	0.00	0.00	0.00	0.00	0.00	0.08	0.00	0.01	0.00	0.00	0.00	0.00	0.00	0.00	0.00	1.00	0.00	0.00
299G 1.00	0.00	0.00	0.00	0.00	0.00	1.00	0.00	0.00	0.00	0.00	0.00	0.00	0.00	0.00	0.00	0.00	0.00	0.00	0.00	0.00
300V 1.00	0.39	0.01	0.00	0.01	0.01	0.00	0.00	0.61	0.01	0.17	0.02	0.01	0.01	0.01	0.01	0.01	0.09	1.00	0.00	0.00
pos	A	C	D	E	F	G	H	I	K	L	M	N	P	Q	R	S	T	V	W	Y
301I 1.00	0.00	0.00	0.00	0.00	0.00	0.00	0.00	0.47	0.00	0.02	0.00	0.00	0.00	0.00	0.00	0.00	0.00	1.00	0.00	0.00
302Q 1.00	0.08	0.01	0.12	0.12	0.02	0.11	0.07	0.03	0.41	0.06	0.02	1.00	0.06	0.75	0.53	0.10	0.08	0.04	0.01	0.04
303V 1.00	0.06	0.02	0.01	0.02	1.00	0.01	0.01	0.33	0.02	0.86	0.14	0.01	0.02	0.02	0.02	0.02	0.04	0.84	0.03	0.09
304L 1.00	0.06	0.01	0.01	0.01	0.19	0.06	0.01	0.64	0.01	1.00	0.19	0.01	0.01	0.01	0.01	0.01	0.02	0.52	0.01	0.02
305F 1.00	1.00	0.08	0.07	0.08	0.15	0.42	0.02	0.05	0.08	0.10	0.04	0.06	0.19	0.06	0.06	0.51	0.19	0.15	0.02	0.05
306T 1.00	0.02	0.00	0.00	0.00	0.00	0.00	0.00	0.02	0.00	0.01	0.00	0.01	0.01	0.00	0.00	0.02	1.00	0.16	0.00	0.00
307A 1.00	1.00	0.09	0.08	0.10	0.60	0.46	0.07	0.24	0.11	0.72	0.16	0.08	0.20	0.09	0.09	0.38	0.17	0.25	0.04	0.16
308V 1.00	0.01	0.00	0.00	0.00	0.06	0.00	0.00	1.00	0.00	0.05	0.13	0.00	0.00	0.00	0.00	0.00	0.10	0.46	0.00	0.00
309A 1.00	1.00	0.01	0.00	0.01	0.00	0.30	0.00	0.00	0.01	0.01	0.00	0.00	0.01	0.00	0.00	0.12	0.01	0.01	0.00	0.00
310A 1.00	1.00	0.09	0.05	0.08	0.05	0.07	0.02	0.63	0.08	0.28	0.09	0.07	0.12	0.06	0.05	0.27	0.96	0.80	0.01	0.02
311L 1.00	0.02	0.01	0.00	0.01	0.06	0.01	0.00	0.27	0.01	1.00	0.24	0.01	0.01	0.01	0.01	0.01	0.02	0.29	0.18	0.01
312I 1.00	0.02	0.00	0.00	0.00	0.03	0.00	0.00	0.50	0.01	1.00	0.04	0.00	0.01	0.01	0.00	0.01	0.18	0.07	0.00	0.00
313M 1.00	0.01	0.00	0.00	0.00	0.02	0.00	0.00	1.00	0.00	0.08	0.59	0.00	0.00	0.00	0.00	0.00	0.01	0.39	0.00	0.01
314D 1.00	0.00	0.00	1.00	0.00	0.00	0.00	0.00	0.00	0.00	0.00	0.00	0.00	0.00	0.00	0.00	0.00	0.00	0.00	0.00	0.00
315R 1.00	0.02	0.00	0.00	0.03	0.01	0.02	0.02	0.01	0.32	0.17	0.01	0.02	0.02	0.06	1.00	0.02	0.03	0.01	0.00	0.01
316A 1.00	1.00	0.06	0.04	0.06	0.14	0.22	0.02	0.28	0.07	0.92	0.16	0.04	0.12	0.06	0.05	0.21	0.13	0.30	0.02	0.04
317G 1.00	0.00	0.00	0.00	0.00	0.00	1.00	0.00	0.00	0.00	0.00	0.00	0.00	0.00	0.00	0.00	0.00	0.00	0.00	0.00	0.00
318R 1.00	0.00	0.00	0.00	0.00	0.00	0.00	0.00	0.00	0.00	0.00	0.00	0.00	0.00	0.00	1.00	0.00	0.00	0.00	0.00	0.00
319R 1.00	0.01	0.00	0.00	0.01	0.00	0.01	0.01	0.00	1.00	0.01	0.00	0.01	0.01	0.02	0.47	0.01	0.01	0.00	0.00	0.00
320L 1.00	0.02	0.01	0.00	0.00	0.03	0.01	0.00	0.99	0.01	1.00	0.26	0.00	0.01	0.01	0.01	0.01	0.02	0.64	0.00	0.01
321L 1.00	0.00	0.00	0.00	0.00	0.00	0.00	0.00	0.00	0.00	1.00	0.00	0.00	0.00	0.00	0.00	0.00	0.00	0.00	0.00	0.00
322L 1.00	0.00	0.00	0.00	0.00	0.00	0.00	0.00	0.00	0.00	1.00	0.00	0.00	0.00	0.00	0.00	0.00	0.00	0.00	0.00	0.00
323V 1.00	0.34	0.07	0.08	0.10	0.42	0.12	0.20	0.16	0.11	0.26	0.17	0.12	0.08	0.11	0.13	0.15	0.31	0.28	0.07	1.00
324L 1.00	0.07	0.00	0.00	0.00	0.01	0.00	0.00	1.00	0.01	0.58	0.02	0.00	0.00	0.00	0.00	0.01	0.02	0.95	0.00	0.01
325S 1.00	0.00	0.00	0.00	0.00	0.00	0.00	0.00	0.00	0.00	0.00	0.00	0.00	0.00	0.00	0.00	1.00	0.00	0.00	0.00	0.00
pos	A	C	D	E	F	G	H	I	K	L	M	N	P	Q	R	S	T	V	W	Y
326G 1.00	0.41	0.04	0.98	0.46	0.04	0.74	0.17	0.05	0.38	0.09	0.03	1.00	0.17	0.25	0.20	0.71	0.26	0.08	0.02	0.08
327V 1.00	0.24	0.01	0.00	0.01	0.01	0.00	0.00	0.77	0.01	0.05	0.01	0.00	0.01	0.00	0.00	0.01	0.03	1.00	0.00	0.00
328V 1.00	0.24	0.02	0.02	0.02	0.10	0.09	0.01	1.00	0.03	0.51	0.10	0.02	0.02	0.02	0.02	0.03	0.06	0.89	0.01	0.05
329M 1.00	0.00	0.00	0.00	0.00	0.00	0.00	0.00	0.00	0.00	0.00	1.00	0.00	0.00	0.00	0.00	0.00	0.00	0.00	0.00	0.00
330V 1.00	0.09	0.11	0.01	0.02	0.23	0.01	0.00	0.91	0.02	0.15	0.03	0.01	0.02	0.01	0.01	0.02	0.29	1.00	0.00	0.01
331F 1.00	0.34	0.03	0.01	0.03	0.47	0.01	0.02	1.00	0.03	0.73	0.09	0.02	0.03	0.03	0.02	0.03	0.18	0.49	0.01	0.03
332S 1.00	0.25	0.01	0.01	0.01	0.00	0.01	0.00	0.01	0.01	0.01	0.00	0.02	0.01	0.01	0.01	0.73	1.00	0.01	0.00	0.00
333T 1.00	0.05	0.01	0.01	0.01	0.09	0.01	0.01	0.17	0.02	1.00	0.20	0.11	0.02	0.02	0.02	0.04	0.15	0.12	0.01	0.02
334S 1.00	0.09	0.02	0.02	0.03	0.20	0.02	0.03	0.38	0.03	1.00	0.22	0.03	0.04	0.04	0.03	0.03	0.06	0.25	0.03	0.06
335A 1.00	0.52	0.08	0.02	0.06	0.04	0.00	0.01	0.55	0.06	0.28	0.08	0.03	0.08	0.04	0.03	0.06	0.42	1.00	0.01	0.01
336F 1.00	0.02	0.00	0.00	0.00	0.43	0.00	0.00	0.09	0.01	1.00	0.05	0.00	0.01	0.01	0.01	0.01	0.01	0.23	0.01	0.01
337G 1.00	0.19	0.00	0.00	0.00	0.00	1.00	0.00	0.00	0.00	0.00	0.00	0.00	0.01	0.00	0.00	0.02	0.01	0.01	0.00	0.00
338A 1.00	1.00	0.10	0.10	0.12	0.08	0.58	0.05	0.10	0.13	0.20	0.06	0.10	0.24	0.09	0.10	0.55	0.35	0.22	0.02	0.08
339Y 1.00	0.23	0.01	0.00	0.00	1.00	0.00	0.00	0.03	0.00	0.07	0.01	0.00	0.01	0.00	0.00	0.01	0.01	0.03	0.06	0.88
340F 1.00	0.00	0.00	0.00	0.00	1.00	0.00	0.00	0.15	0.00	0.04	0.01	0.00	0.00	0.00	0.00	0.00	0.00	0.01	0.01	0.04
341K 1.00	0.16	0.03	0.12	0.19	0.08	0.15	0.30	0.08	1.00	0.16	0.05	0.21	0.11	0.27	0.60	0.16	0.15	0.10	0.03	0.93
342L 1.00	0.09	0.33	0.03	0.04	0.32	0.04	0.07	0.23	0.04	1.00	0.16	0.04	0.04	0.05	0.05	0.05	0.07	0.28	0.04	0.18
343T 0.93	0.05	0.01	0.02	0.04	0.01	0.03	0.02	0.02	1.00	0.03	0.01	0.04	0.03	0.05	0.11	0.07	0.43	0.02	0.00	0.01
344Q 0.93	0.76	0.04	0.51	1.00	0.04	0.28	0.09	0.14	0.68	0.22	0.08	0.49	0.21	0.69	0.38	0.63	0.45	0.21	0.01	0.03
345G 0.86	0.52	0.18	0.24	0.30	0.70	0.36	0.56	0.39	0.31	0.65	0.22	0.36	0.21	0.31	0.36	0.44	0.41	0.50	0.18	1.00
346G 0.89	0.45	0.04	0.03	0.04	0.03	1.00	0.01	0.05	0.05	0.17	0.03	0.03	0.10	0.03	0.03	0.21	0.08	0.17	0.01	0.02
347P 0.82	0.16	0.02	0.13	0.12	0.02	0.16	0.04	0.03	0.13	0.05	0.13	0.19	1.00	0.19	0.08	0.28	0.12	0.05	0.01	0.03
348G 0.57	0.79	0.06	0.70	1.00	0.08	0.45	0.15	0.20	0.92	0.32	0.11	0.56	0.30	0.59	0.55	0.81	0.60	0.30	0.02	0.08
349N 0.86	0.52	0.08	0.99	0.59	0.07	0.52	0.18	0.15	0.46	0.18	0.07	1.00	0.33	0.33	0.25	0.95	0.94	0.35	0.03	0.11
350S 0.86	0.54	0.09	0.05	0.08	0.17	0.13	0.03	0.74	0.10	0.86	0.20	0.07	0.14	0.08	0.07	0.31	0.40	1.00	0.03	0.06
pos	A	C	D	E	F	G	H	I	K	L	M	N	P	Q	R	S	T	V	W	Y
351S 0.86	0.02	0.00	0.07	0.02	0.00	0.05	0.01	0.00	0.02	0.01	0.00	0.42	0.01	0.12	0.01	1.00	0.05	0.01	0.00	0.01
352H 0.61	0.32	0.07	0.38	0.28	0.22	0.35	1.00	0.16	0.47	0.29	0.20	0.50	0.36	0.25	0.39	0.38	0.30	0.21	0.06	0.32
353V 0.32	0.12	0.04	0.03	0.05	0.14	0.06	0.06	0.95	0.06	0.41	0.09	0.08	0.04	0.04	0.06	0.07	0.11	1.00	0.03	0.16
354A 0.25	0.43	0.05	0.95	0.45	0.05	0.72	0.18	0.06	0.42	0.11	0.04	1.00	0.19	0.28	0.23	0.70	0.31	0.10	0.02	0.09
355I 0.29	0.09	0.02	0.01	0.02	0.25	0.02	0.01	1.00	0.03	0.93	0.12	0.02	0.02	0.02	0.02	0.03	0.33	0.83	0.01	0.04
356S 0.21	1.00	0.12	0.33	0.53	0.14	0.28	0.13	0.45	0.50	0.51	0.15	0.31	0.33	0.34	0.31	0.70	0.81	0.96	0.04	0.15
357A 0.25	1.00	0.04	0.04	0.05	0.02	0.63	0.01	0.02	0.05	0.05	0.02	0.03	0.11	0.03	0.04	0.45	0.09	0.45	0.01	0.02
358P 0.21	0.23	0.04	0.04	0.06	0.19	0.11	0.03	0.36	0.08	1.00	0.22	0.04	0.09	0.07	0.07	0.11	0.11	0.28	0.03	0.05
359V 0.21	0.50	0.06	0.48	0.89	0.11	0.16	0.09	0.80	0.38	0.44	0.12	0.20	0.18	0.32	0.19	0.29	0.35	1.00	0.03	0.09
360S 0.21	0.24	0.01	0.01	0.01	0.00	0.04	0.00	0.01	0.01	0.01	0.00	0.01	0.02	0.01	0.01	1.00	0.03	0.02	0.00	0.00
361A 0.21	1.00	0.04	0.06	0.12	0.03	0.16	0.04	0.09	0.33	0.13	0.18	0.06	0.09	0.10	0.15	0.18	0.13	0.16	0.01	0.03
362Q 0.21	0.03	0.00	0.09	1.00	0.00	0.01	0.01	0.00	0.04	0.01	0.00	0.02	0.02	0.68	0.02	0.02	0.02	0.01	0.00	0.00
363P 0.21	0.83	0.08	0.07	0.10	0.07	0.30	0.03	0.18	0.11	0.46	0.09	0.06	1.00	0.07	0.08	0.30	0.19	0.34	0.02	0.04
364V 0.21	0.46	0.06	0.02	0.05	0.15	0.02	0.02	0.55	0.06	1.00	0.27	0.03	0.07	0.05	0.04	0.06	0.21	0.90	0.02	0.04
365D 0.29	0.53	0.03	1.00	0.37	0.02	0.24	0.05	0.03	0.12	0.05	0.02	0.20	0.11	0.12	0.05	0.22	0.11	0.06	0.01	0.03
366A 0.29	0.65	0.09	0.11	0.16	0.08	0.07	0.05	0.41	0.16	0.31	0.16	0.10	0.13	0.11	0.10	0.21	0.45	1.00	0.02	0.06
367S 0.32	0.61	0.18	0.29	0.41	0.70	0.38	0.56	0.41	0.42	0.68	0.23	0.39	0.26	0.38	0.42	0.52	0.49	0.54	0.18	1.00
368V 0.29	0.67	0.08	0.05	0.09	0.07	0.12	0.03	0.38	0.09	0.37	0.09	0.06	0.12	0.07	0.06	0.30	0.29	1.00	0.01	0.05
369G 0.32	0.46	0.04	0.09	0.16	0.03	1.00	0.03	0.03	0.07	0.05	0.02	0.08	0.09	0.05	0.05	0.19	0.08	0.07	0.15	0.04
370L 0.93	0.01	0.00	0.00	0.00	0.09	0.00	0.00	0.13	0.00	1.00	0.02	0.00	0.00	0.00	0.00	0.00	0.01	0.12	0.00	0.07
371A 0.96	0.60	0.02	0.02	0.02	0.01	1.00	0.00	0.01	0.02	0.02	0.01	0.02	0.04	0.01	0.01	0.35	0.28	0.03	0.00	0.01
372W 0.96	0.02	0.00	0.00	0.00	0.05	0.00	0.00	0.18	0.01	0.42	0.15	0.00	0.01	0.01	0.01	0.00	0.01	0.05	1.00	0.01
373L 1.00	0.01	0.00	0.00	0.00	0.01	0.00	0.00	0.13	0.00	1.00	0.01	0.00	0.00	0.00	0.00	0.00	0.01	0.28	0.00	0.00
374A 1.00	0.44	0.01	0.01	0.01	0.00	0.04	0.00	0.00	0.01	0.01	0.00	0.01	1.00	0.01	0.01	0.25	0.02	0.01	0.00	0.00
375V 1.00	0.02	0.00	0.00	0.00	0.02	0.00	0.00	0.07	0.00	1.00	0.03	0.00	0.01	0.01	0.00	0.00	0.01	0.57	0.00	0.00
pos	A	C	D	E	F	G	H	I	K	L	M	N	P	Q	R	S	T	V	W	Y
376G 1.00	1.00	0.19	0.39	0.56	0.54	0.58	0.44	0.37	0.56	0.63	0.22	0.43	0.33	0.44	0.45	0.81	0.68	0.54	0.15	0.75
377S 1.00	1.00	0.54	0.06	0.07	0.03	0.59	0.01	0.03	0.07	0.07	0.03	0.05	0.18	0.05	0.05	0.84	0.13	0.12	0.01	0.02
378M 1.00	0.10	0.02	0.01	0.02	0.64	0.02	0.02	0.36	0.03	1.00	0.47	0.02	0.03	0.04	0.03	0.03	0.21	0.44	0.02	0.04
379C 1.00	0.07	0.32	0.00	0.01	0.02	0.00	0.00	0.25	0.01	0.10	0.18	0.01	0.01	0.01	0.01	0.01	0.05	1.00	0.00	0.01
380L 1.00	0.31	0.02	0.01	0.02	0.04	0.01	0.00	1.00	0.02	0.85	0.05	0.01	0.02	0.01	0.01	0.02	0.07	0.76	0.01	0.01
381F 1.00	0.01	0.00	0.00	0.00	0.92	0.00	0.00	0.02	0.00	0.04	0.26	0.00	0.00	0.00	0.00	0.01	0.00	0.02	0.04	1.00
382I 1.00	0.00	0.00	0.00	0.00	0.00	0.00	0.00	1.00	0.00	0.03	0.00	0.00	0.00	0.00	0.00	0.00	0.00	0.56	0.00	0.00
383A 1.00	0.40	0.02	0.01	0.02	0.08	0.01	0.01	0.53	0.02	1.00	0.27	0.01	0.03	0.02	0.02	0.02	0.07	0.46	0.01	0.02
384G 1.00	0.08	0.01	0.02	0.01	0.08	1.00	0.00	0.00	0.01	0.01	0.00	0.02	0.02	0.01	0.01	0.12	0.02	0.01	0.00	0.01
385F 1.00	0.00	0.08	0.00	0.00	1.00	0.00	0.00	0.01	0.00	0.02	0.00	0.00	0.00	0.00	0.00	0.00	0.00	0.01	0.02	0.22
386A 1.00	0.61	0.01	0.01	0.01	0.00	0.04	0.00	0.00	0.01	0.01	0.00	0.01	0.02	0.01	0.01	1.00	0.02	0.01	0.00	0.00
387V 1.00	0.03	0.01	0.00	0.01	0.13	0.01	0.00	0.35	0.01	1.00	0.05	0.01	0.01	0.01	0.01	0.06	0.02	0.85	0.01	0.01
388G 1.00	0.00	0.00	0.00	0.00	0.00	1.00	0.00	0.00	0.00	0.00	0.00	0.00	0.00	0.00	0.00	0.00	0.00	0.00	0.00	0.00
389W 1.00	0.02	0.01	0.00	0.00	1.00	0.00	0.00	0.05	0.00	0.13	0.25	0.00	0.01	0.00	0.00	0.01	0.01	0.09	0.64	0.16
390G 1.00	0.00	0.00	0.00	0.00	0.00	1.00	0.00	0.00	0.00	0.00	0.00	0.00	0.00	0.00	0.00	0.00	0.00	0.00	0.00	0.00
391P 1.00	0.00	0.00	0.00	0.00	0.00	0.00	0.00	0.00	0.00	0.00	0.00	0.00	1.00	0.00	0.00	0.00	0.00	0.00	0.00	0.00
392I 1.00	0.00	0.00	0.00	0.00	0.00	0.00	0.00	1.00	0.00	0.00	0.00	0.00	0.00	0.00	0.00	0.00	0.00	0.00	0.00	0.00
393P 1.00	0.03	0.00	0.01	0.01	0.00	0.02	0.00	0.00	0.01	0.01	0.00	0.01	1.00	0.00	0.00	0.03	0.17	0.01	0.00	0.00
394W 1.00	0.00	0.00	0.00	0.00	0.00	0.00	0.00	0.00	0.00	0.00	0.00	0.00	0.00	0.00	0.00	0.00	0.00	0.00	1.00	0.00
395L 1.00	0.00	0.00	0.00	0.00	0.00	0.00	0.00	0.00	0.00	1.00	0.00	0.00	0.00	0.00	0.00	0.00	0.00	0.00	0.00	0.00
396L 1.00	0.01	0.00	0.00	0.00	0.03	0.00	0.00	0.31	0.00	0.82	1.00	0.00	0.00	0.01	0.00	0.00	0.01	0.03	0.00	0.00
397M 1.00	0.00	0.00	0.00	0.00	0.01	0.00	0.00	0.02	0.00	0.14	1.00	0.00	0.00	0.00	0.00	0.00	0.00	0.01	0.00	0.00
398S 1.00	0.11	0.01	0.03	0.01	0.00	1.00	0.01	0.01	0.02	0.01	0.00	0.03	0.03	0.01	0.01	0.95	0.03	0.02	0.00	0.01
399E 1.00	0.00	0.00	0.00	1.00	0.00	0.00	0.00	0.00	0.00	0.00	0.00	0.00	0.00	0.00	0.00	0.00	0.00	0.00	0.00	0.00
400I 1.00	0.00	0.00	0.00	0.00	0.00	0.00	0.00	1.00	0.00	0.02	0.00	0.00	0.00	0.00	0.00	0.00	0.00	0.17	0.00	0.00
pos	A	C	D	E	F	G	H	I	K	L	M	N	P	Q	R	S	T	V	W	Y
401F 1.00	0.01	0.00	0.00	0.00	0.31	0.00	0.00	0.04	0.00	1.00	0.02	0.00	0.00	0.00	0.00	0.00	0.00	0.02	0.01	0.02
402P 1.00	0.00	0.00	0.00	0.00	0.00	0.00	0.00	0.00	0.00	0.00	0.00	0.00	1.00	0.00	0.00	0.00	0.00	0.00	0.00	0.00
403L 1.00	1.00	0.09	0.08	0.10	0.05	0.53	0.03	0.07	0.10	0.17	0.05	0.07	0.23	0.07	0.08	0.49	0.18	0.20	0.02	0.05
404H 1.00	0.06	0.01	0.02	0.08	0.01	0.05	0.33	0.02	1.00	0.05	0.02	0.23	0.04	0.13	0.47	0.05	0.06	0.03	0.01	0.03
405V 1.00	0.18	0.01	0.00	0.00	0.01	0.00	0.00	1.00	0.00	0.04	0.01	0.00	0.01	0.00	0.00	0.00	0.02	0.34	0.00	0.00
406K 1.00	0.01	0.00	0.00	0.01	0.00	0.01	0.01	0.00	0.61	0.01	0.00	0.01	0.01	0.02	1.00	0.01	0.01	0.00	0.00	0.00
407G 1.00	0.00	0.00	0.00	0.00	0.00	1.00	0.00	0.00	0.00	0.00	0.00	0.00	0.00	0.00	0.00	0.00	0.00	0.00	0.00	0.00
408V 1.00	0.54	0.10	0.07	0.10	0.06	0.08	0.04	0.39	0.11	0.35	0.09	0.11	0.18	0.08	0.07	0.53	0.70	1.00	0.02	0.04
409A 1.00	1.00	0.00	0.00	0.00	0.00	0.00	0.00	0.00	0.00	0.00	0.00	0.00	0.00	0.00	0.00	0.00	0.00	0.00	0.00	0.00
410T 1.00	1.00	0.01	0.01	0.01	0.00	0.29	0.00	0.01	0.01	0.01	0.01	0.01	0.03	0.01	0.01	0.29	0.45	0.02	0.00	0.00
411G 1.00	0.44	0.04	0.11	0.06	0.02	0.69	0.02	0.02	0.06	0.04	0.02	0.11	0.12	0.04	0.04	1.00	0.11	0.07	0.01	0.02
412I 1.00	0.01	0.00	0.00	0.00	0.01	0.00	0.00	0.49	0.00	0.31	0.01	0.00	0.00	0.00	0.00	0.00	0.01	1.00	0.00	0.00
413C 1.00	1.00	0.52	0.01	0.02	0.01	0.08	0.01	0.09	0.03	0.07	0.02	0.01	0.05	0.02	0.02	0.08	0.08	0.31	0.00	0.01
414V 1.00	0.07	0.01	0.01	0.01	0.01	0.01	0.00	0.06	0.01	0.05	0.01	0.01	0.02	0.01	0.01	0.04	1.00	0.64	0.00	0.00
415L 1.00	1.00	0.09	0.07	0.08	0.04	0.51	0.02	0.04	0.09	0.19	0.04	0.06	0.22	0.06	0.06	0.45	0.16	0.15	0.01	0.03
416T 1.00	0.63	0.08	0.05	0.08	0.86	0.11	0.07	0.47	0.09	1.00	0.22	0.08	0.12	0.09	0.08	0.22	0.57	0.61	0.06	0.19
417N 1.00	0.01	0.00	0.02	0.01	0.00	0.02	0.00	0.00	0.01	0.00	0.00	1.00	0.00	0.00	0.00	0.15	0.01	0.00	0.00	0.00
418W 1.00	0.00	0.00	0.00	0.00	0.00	0.00	0.00	0.00	0.00	0.00	0.00	0.00	0.00	0.00	0.00	0.00	0.00	0.00	1.00	0.00
419L 1.00	0.32	0.07	0.11	0.09	0.61	0.12	0.08	0.28	0.12	0.78	0.16	0.18	0.14	0.11	0.10	0.83	1.00	0.28	0.06	0.20
420M 1.00	0.31	1.00	0.03	0.06	0.22	0.02	0.04	0.36	0.06	0.38	0.53	0.04	0.07	0.05	0.04	0.08	0.45	0.78	0.02	0.06
421A 1.00	0.67	0.01	0.01	0.01	0.00	0.02	0.00	0.01	0.01	0.01	0.00	0.02	0.02	0.01	0.01	0.32	1.00	0.02	0.00	0.00
422F 1.00	0.00	0.00	0.00	0.00	1.00	0.00	0.00	0.00	0.00	0.01	0.00	0.00	0.00	0.00	0.00	0.00	0.00	0.00	0.16	0.04
423L 1.00	0.01	0.00	0.00	0.00	0.01	0.00	0.00	0.30	0.00	0.68	0.01	0.00	0.00	0.00	0.00	0.00	0.01	1.00	0.00	0.00
424V 1.00	0.00	0.00	0.00	0.00	0.00	0.00	0.00	0.13	0.00	0.17	0.00	0.00	0.00	0.00	0.00	0.00	0.00	1.00	0.00	0.00
425T 1.00	0.00	0.00	0.00	0.00	0.00	0.00	0.00	0.00	0.00	0.00	0.00	0.00	0.00	0.00	0.00	0.00	1.00	0.00	0.00	0.00
pos	A	C	D	E	F	G	H	I	K	L	M	N	P	Q	R	S	T	V	W	Y
426K 1.00	0.02	0.00	0.01	0.02	0.01	0.02	0.01	0.01	1.00	0.03	0.15	0.02	0.01	0.03	0.08	0.02	0.02	0.01	0.00	0.01
427E 1.00	0.08	0.02	0.05	0.32	0.01	0.03	0.01	0.02	0.04	0.02	0.01	0.06	0.04	0.03	0.02	0.46	1.00	0.04	0.01	0.01
428F 0.93	0.00	0.00	0.00	0.00	1.00	0.00	0.00	0.00	0.00	0.01	0.00	0.00	0.00	0.00	0.00	0.00	0.00	0.00	0.01	0.10
429S 1.00	0.77	0.05	0.62	1.00	0.06	0.37	0.13	0.18	0.87	0.32	0.10	0.49	0.27	0.63	0.50	0.74	0.55	0.28	0.02	0.06
430S 1.00	0.06	0.01	1.00	0.08	0.01	0.17	0.05	0.01	0.07	0.01	0.00	0.59	0.24	0.05	0.04	0.53	0.07	0.01	0.01	0.03
431L 1.00	0.02	0.00	0.00	0.00	0.03	0.00	0.00	0.61	0.01	1.00	0.46	0.00	0.00	0.01	0.01	0.01	0.01	0.52	0.00	0.01
432M 1.00	0.08	0.02	0.01	0.01	0.05	0.01	0.00	0.94	0.02	0.61	0.52	0.01	0.02	0.01	0.01	0.02	0.38	1.00	0.01	0.02
433E 1.00	0.75	0.05	0.62	1.00	0.05	0.38	0.12	0.18	0.91	0.31	0.10	0.49	0.27	0.58	0.51	0.73	0.56	0.29	0.02	0.04
434V 1.00	0.92	0.19	0.21	0.29	0.76	0.33	0.59	0.51	0.31	0.72	0.29	0.31	0.22	0.30	0.36	0.48	0.55	0.80	0.19	1.00
435L 1.00	0.05	0.01	0.01	0.01	0.25	0.01	0.01	0.49	0.02	1.00	0.37	0.01	0.02	0.03	0.02	0.01	0.03	0.15	0.14	0.03
436R 1.00	0.40	0.05	0.34	0.17	0.06	1.00	0.12	0.05	0.32	0.09	0.04	0.41	0.15	0.15	0.48	0.50	0.18	0.09	0.02	0.15
437P 1.00	0.91	0.08	0.33	0.47	0.11	0.27	0.12	0.18	0.46	0.40	0.16	0.41	0.61	0.31	0.28	1.00	0.93	0.28	0.04	0.13
438Y 1.00	0.12	0.04	0.16	0.10	0.13	0.42	1.00	0.07	0.13	0.12	0.04	0.20	0.06	0.34	0.12	0.14	0.10	0.09	0.04	0.82
439G 1.00	0.19	0.02	0.02	0.02	0.01	1.00	0.01	0.02	0.02	0.03	0.01	0.02	0.05	0.02	0.02	0.10	0.04	0.16	0.01	0.01
440A 1.00	1.00	0.02	0.02	0.02	0.01	0.08	0.00	0.02	0.02	0.02	0.01	0.02	0.21	0.02	0.01	0.12	0.44	0.05	0.00	0.01
441F 1.00	0.00	0.00	0.00	0.00	1.00	0.00	0.00	0.01	0.00	0.08	0.01	0.00	0.00	0.00	0.00	0.00	0.00	0.01	0.01	0.02
442W 1.00	0.01	0.00	0.00	0.00	0.32	0.00	0.00	0.02	0.00	0.04	0.01	0.00	0.00	0.00	0.00	0.01	0.18	0.02	1.00	0.14
443L 1.00	0.01	0.00	0.00	0.00	0.21	0.00	0.00	0.04	0.00	1.00	0.16	0.00	0.00	0.00	0.00	0.00	0.00	0.02	0.00	0.00
444A 1.00	0.19	0.02	0.01	0.02	1.00	0.03	0.03	0.04	0.02	0.08	0.02	0.02	0.02	0.02	0.02	0.04	0.18	0.05	0.05	0.38
445S 1.00	0.73	0.01	0.01	0.01	0.00	1.00	0.00	0.00	0.01	0.01	0.00	0.01	0.02	0.01	0.01	0.26	0.02	0.01	0.00	0.00
446A 1.00	1.00	0.05	0.02	0.04	0.03	0.04	0.01	0.19	0.04	0.32	0.04	0.03	0.06	0.03	0.03	0.26	0.28	0.61	0.01	0.01
447F 1.00	0.01	0.00	0.00	0.00	0.39	0.00	0.00	1.00	0.00	0.18	0.02	0.00	0.00	0.00	0.00	0.00	0.01	0.49	0.00	0.01
448C 1.00	0.02	1.00	0.00	0.00	0.00	0.01	0.00	0.01	0.00	0.01	0.00	0.00	0.00	0.00	0.00	0.01	0.01	0.08	0.00	0.00
449I 1.00	0.42	0.10	0.09	0.12	0.56	0.21	0.21	1.00	0.13	0.77	0.16	0.13	0.09	0.12	0.15	0.17	0.18	0.72	0.08	0.41
450F 1.00	0.03	0.01	0.01	0.01	0.28	0.06	0.00	0.84	0.01	0.39	0.05	0.01	0.01	0.01	0.01	0.01	0.04	1.00	0.01	0.02
pos	A	C	D	E	F	G	H	I	K	L	M	N	P	Q	R	S	T	V	W	Y
451S 1.00	0.27	0.02	0.02	0.02	0.01	1.00	0.00	0.01	0.02	0.02	0.01	0.02	0.04	0.01	0.01	0.64	0.32	0.03	0.00	0.01
452V 1.00	0.02	0.00	0.00	0.00	0.12	0.00	0.00	0.08	0.01	1.00	0.08	0.00	0.01	0.01	0.01	0.00	0.01	0.57	0.00	0.01
453L 1.00	0.12	0.02	0.01	0.02	0.49	0.01	0.01	0.59	0.02	1.00	0.14	0.02	0.03	0.02	0.02	0.02	0.07	0.80	0.01	0.03
454F 1.00	0.00	0.00	0.00	0.00	1.00	0.00	0.00	0.00	0.00	0.00	0.00	0.00	0.00	0.00	0.00	0.00	0.00	0.00	0.00	0.00
455T 1.00	0.07	0.01	0.01	0.01	0.01	0.01	0.00	0.07	0.01	0.05	0.01	0.01	0.02	0.01	0.01	0.03	0.54	1.00	0.00	0.00
456L 1.00	0.30	0.05	0.07	0.08	0.13	0.26	0.06	1.00	0.10	0.65	0.10	0.11	0.10	0.07	0.08	0.44	0.49	0.50	0.03	0.11
457F 1.00	0.48	0.16	0.06	0.11	0.34	0.07	0.12	0.73	0.12	0.85	0.21	0.09	0.12	0.11	0.11	0.13	0.38	1.00	0.05	0.22
458C 1.00	0.09	0.07	0.03	0.04	1.00	0.04	0.05	0.12	0.03	0.27	0.06	0.03	0.03	0.03	0.03	0.07	0.06	0.13	0.23	0.92
459V 1.00	0.00	0.00	0.00	0.00	0.00	0.00	0.00	0.00	0.00	0.00	0.00	0.00	0.00	0.00	0.00	0.00	0.00	1.00	0.00	0.00
460P 1.00	0.00	0.00	0.00	0.00	0.00	0.00	0.00	0.00	0.00	0.00	0.00	0.00	1.00	0.00	0.00	0.00	0.00	0.00	0.00	0.00
461E 1.00	0.00	0.00	0.00	1.00	0.00	0.00	0.00	0.00	0.00	0.00	0.00	0.00	0.00	0.00	0.00	0.00	0.00	0.00	0.00	0.00
462T 1.00	0.00	0.00	0.00	0.00	0.00	0.00	0.00	0.00	0.00	0.00	0.00	0.00	0.00	0.00	0.00	0.00	1.00	0.00	0.00	0.00
463K 1.00	0.01	0.00	0.00	0.02	0.00	0.01	0.01	0.01	1.00	0.01	0.00	0.01	0.01	0.60	0.28	0.01	0.01	0.01	0.00	0.01
464G 1.00	0.00	0.00	0.00	0.00	0.00	1.00	0.00	0.00	0.00	0.00	0.00	0.00	0.00	0.00	0.00	0.00	0.00	0.00	0.00	0.00
465K 1.00	0.01	0.00	0.00	0.01	0.00	0.00	0.01	0.00	1.00	0.01	0.00	0.01	0.01	0.02	0.43	0.01	0.01	0.00	0.00	0.00
466T 1.00	0.02	0.00	0.01	0.00	0.00	0.01	0.00	0.00	0.01	0.00	0.00	0.01	0.01	0.01	0.00	0.66	1.00	0.01	0.00	0.00
467L 1.00	0.00	0.00	0.00	0.00	0.00	0.00	0.00	0.00	0.00	1.00	0.00	0.00	0.00	0.00	0.00	0.00	0.00	0.00	0.00	0.00
468E 1.00	0.00	0.00	0.00	1.00	0.00	0.00	0.00	0.00	0.00	0.00	0.00	0.00	0.00	0.00	0.00	0.00	0.00	0.00	0.00	0.00
469Q 1.00	0.10	0.00	0.69	1.00	0.01	0.04	0.02	0.01	0.10	0.02	0.01	0.04	0.06	0.60	0.03	0.05	0.04	0.02	0.00	0.01
470I 1.00	0.00	0.00	0.00	0.00	0.00	0.00	0.00	1.00	0.00	0.09	0.00	0.00	0.00	0.00	0.00	0.00	0.00	0.11	0.00	0.00
471T 0.96	0.06	0.00	0.16	1.00	0.01	0.03	0.02	0.01	0.07	0.02	0.01	0.03	0.04	0.24	0.03	0.04	0.32	0.02	0.00	0.01
472A 0.96	1.00	0.08	0.09	0.11	0.03	0.44	0.03	0.05	0.21	0.10	0.04	0.10	0.21	0.10	0.45	0.58	0.23	0.15	0.01	0.03
473H 0.96	0.23	0.05	0.07	0.24	0.18	0.16	0.24	0.14	1.00	0.30	0.09	0.19	0.14	0.37	0.84	0.19	0.22	0.18	0.06	0.26
474F 0.96	0.02	0.01	0.00	0.00	1.00	0.01	0.00	0.07	0.00	0.19	0.64	0.00	0.01	0.01	0.00	0.01	0.01	0.04	0.04	0.14
475E 0.96	1.00	0.12	0.31	0.59	0.17	0.49	0.20	0.28	0.93	0.41	0.17	0.32	0.32	0.46	0.73	0.62	0.49	0.52	0.05	0.21
pos	A	C	D	E	F	G	H	I	K	L	M	N	P	Q	R	S	T	V	W	Y
476G 0.86	0.00	0.00	0.00	0.00	0.00	1.00	0.00	0.00	0.00	0.00	0.00	0.00	0.00	0.00	0.00	0.00	0.00	0.00	0.00	0.00
477R 0.82	0.00	0.00	0.00	0.00	0.00	0.00	0.00	0.00	0.00	0.00	0.00	0.00	0.00	0.00	1.00	0.00	0.00	0.00	0.00	0.00
