Each row corresponds to a position in the reference protein.  Below each position is the fraction of sequences that contain one of the basic amino acids.  A low fraction indicates the position is either severely gapped or unalignable and has little information.  Expect poor prediction at these positions.
Each column corresponds to one of the twenty amino acids. 
Each entry contains the score at a particular position (row) for an amino acid substitution (column).  Substitutions predicted to be intolerant are highlighted in red.





pos	A	C	D	E	F	G	H	I	K	L	M	N	P	Q	R	S	T	V	W	Y
1M 0.30	0.00	0.00	0.00	0.00	0.00	0.00	0.00	0.00	0.00	0.00	1.00	0.00	0.00	0.00	0.00	0.00	0.00	0.00	0.00	0.00
2T 0.46	0.42	0.06	0.14	0.08	0.03	0.56	0.03	0.05	0.10	0.06	0.03	0.19	0.14	0.07	0.06	1.00	0.83	0.11	0.01	0.03
3E 0.76	0.17	0.01	0.14	1.00	0.01	0.08	0.03	0.04	0.30	0.07	0.02	0.11	0.06	0.23	0.24	0.33	0.41	0.06	0.01	0.01
4D 0.78	0.78	0.05	0.70	1.00	0.05	0.45	0.12	0.18	0.99	0.30	0.10	0.51	0.27	0.65	0.52	0.74	0.60	0.28	0.02	0.04
5K 0.81	0.01	0.00	0.00	0.02	0.00	0.01	0.11	0.01	1.00	0.01	0.00	0.01	0.01	0.03	0.65	0.01	0.01	0.01	0.00	0.01
6V 0.84	0.01	0.00	0.00	0.00	0.02	0.00	0.00	0.36	0.00	0.81	0.08	0.00	0.00	0.00	0.00	0.00	0.01	1.00	0.00	0.00
7T 0.84	0.02	0.00	0.01	0.01	0.00	0.01	0.00	0.01	0.01	0.01	0.00	0.01	0.01	0.16	0.01	0.05	1.00	0.01	0.00	0.00
8G 0.84	1.00	0.09	0.08	0.10	0.05	0.65	0.02	0.05	0.10	0.11	0.05	0.07	0.34	0.07	0.08	0.49	0.19	0.17	0.02	0.04
9T 0.84	0.28	0.03	0.07	0.07	0.02	0.07	0.02	0.06	0.09	0.06	0.03	0.10	0.13	0.06	0.19	0.52	1.00	0.26	0.01	0.02
10L 0.84	0.00	0.00	0.00	0.00	0.01	0.00	0.00	0.08	0.00	1.00	0.01	0.00	0.00	0.00	0.00	0.00	0.00	0.01	0.00	0.00
11V 0.84	0.34	0.01	0.00	0.01	0.02	0.00	0.00	0.51	0.01	0.27	0.27	0.00	0.01	0.01	0.01	0.01	0.03	1.00	0.00	0.01
12F 0.84	0.01	0.00	0.00	0.00	0.64	0.00	0.00	0.03	0.00	1.00	0.02	0.00	0.00	0.00	0.00	0.01	0.01	0.02	0.04	0.20
13T 0.84	1.00	0.00	0.01	0.00	0.00	0.02	0.00	0.00	0.01	0.00	0.00	0.01	0.01	0.00	0.00	0.11	0.26	0.01	0.00	0.00
14V 0.84	0.03	0.01	0.00	0.00	0.01	0.00	0.00	0.30	0.01	0.09	0.01	0.00	0.01	0.00	0.00	0.01	0.43	1.00	0.00	0.00
15I 0.92	0.45	0.14	0.17	0.21	0.76	0.34	0.39	0.57	0.23	1.00	0.25	0.25	0.18	0.23	0.27	0.46	0.49	0.52	0.14	0.73
16T 0.92	0.78	0.12	0.28	0.37	0.24	0.40	0.19	0.65	0.38	0.47	0.14	0.33	0.26	0.28	0.27	0.95	1.00	0.74	0.07	0.30
17A 0.92	1.00	0.00	0.00	0.00	0.00	0.00	0.00	0.00	0.00	0.00	0.00	0.00	0.00	0.00	0.00	0.00	0.00	0.00	0.00	0.00
18V 0.92	0.57	0.04	0.01	0.03	0.14	0.01	0.01	0.21	0.03	0.15	0.04	0.02	0.05	0.02	0.02	0.05	0.38	1.00	0.00	0.01
19L 0.92	0.04	0.01	0.01	0.01	0.32	0.09	0.01	0.43	0.02	1.00	0.14	0.01	0.02	0.02	0.02	0.01	0.03	0.16	0.01	0.02
20G 0.92	0.03	0.00	0.01	0.00	0.00	1.00	0.00	0.00	0.00	0.00	0.00	0.01	0.01	0.00	0.00	0.24	0.01	0.01	0.00	0.00
21S 0.92	0.03	0.00	0.01	0.00	0.08	0.02	0.00	0.01	0.00	0.01	0.00	0.01	0.01	0.00	0.00	1.00	0.02	0.01	0.01	0.02
22F 0.92	0.01	0.00	0.00	0.00	1.00	0.00	0.00	0.02	0.00	0.40	0.01	0.00	0.00	0.00	0.00	0.00	0.00	0.01	0.01	0.03
23Q 0.92	0.00	0.00	0.00	0.00	0.00	0.00	0.00	0.00	0.00	0.00	0.00	0.00	0.00	1.00	0.00	0.00	0.00	0.00	0.00	0.00
24F 0.92	0.00	0.00	0.00	0.00	1.00	0.00	0.00	0.01	0.00	0.02	0.00	0.00	0.00	0.00	0.00	0.00	0.00	0.01	0.01	0.67
25G 0.92	0.00	0.00	0.00	0.00	0.00	1.00	0.00	0.00	0.00	0.00	0.00	0.00	0.00	0.00	0.00	0.00	0.00	0.00	0.00	0.00
pos	A	C	D	E	F	G	H	I	K	L	M	N	P	Q	R	S	T	V	W	Y
26Y 0.92	0.00	0.00	0.00	0.00	0.00	0.00	0.00	0.00	0.00	0.00	0.00	0.00	0.00	0.00	0.00	0.00	0.00	0.00	0.00	1.00
27D 0.92	0.00	0.00	0.23	0.01	0.00	0.02	0.00	0.00	0.01	0.00	0.00	1.00	0.00	0.00	0.00	0.08	0.01	0.00	0.00	0.00
28I 0.92	0.12	0.03	0.01	0.02	0.07	0.02	0.00	0.96	0.03	0.41	0.08	0.02	0.02	0.02	0.02	0.03	0.17	1.00	0.01	0.03
29G 0.92	0.45	0.00	0.00	0.00	0.00	1.00	0.00	0.00	0.00	0.00	0.00	0.00	0.01	0.00	0.00	0.14	0.01	0.01	0.00	0.00
30V 0.92	0.27	0.01	0.00	0.01	0.00	0.00	0.00	0.03	0.01	0.02	0.01	0.00	0.01	0.00	0.00	0.01	0.06	1.00	0.00	0.00
31I 0.92	0.00	0.00	0.00	0.00	0.00	0.00	0.00	1.00	0.00	0.02	0.00	0.00	0.00	0.00	0.00	0.00	0.00	0.34	0.00	0.00
32N 0.92	0.00	0.00	0.00	0.00	0.00	0.00	0.00	0.00	0.00	0.00	0.00	1.00	0.00	0.00	0.00	0.00	0.00	0.00	0.00	0.00
33A 0.92	1.00	0.01	0.01	0.01	0.00	0.02	0.00	0.01	0.01	0.01	0.00	0.01	0.01	0.01	0.05	0.40	0.26	0.01	0.00	0.00
34P 0.92	0.00	0.00	0.00	0.00	0.00	0.00	0.00	0.00	0.00	0.00	0.00	0.00	1.00	0.00	0.00	0.00	0.00	0.00	0.00	0.00
35Q 0.92	0.31	0.01	0.24	0.86	0.01	0.06	0.27	0.02	0.14	0.04	0.01	0.07	0.06	1.00	0.06	0.34	0.07	0.04	0.01	0.02
36Q 0.92	0.24	0.01	0.15	0.65	0.01	0.08	0.03	0.04	1.00	0.16	0.02	0.11	0.07	0.28	0.15	0.16	0.27	0.06	0.01	0.01
37V 0.92	0.01	0.00	0.00	0.00	0.21	0.00	0.00	0.47	0.00	0.21	0.01	0.00	0.00	0.00	0.00	0.00	0.01	1.00	0.00	0.01
38I 0.92	0.01	0.00	0.00	0.00	0.21	0.00	0.00	1.00	0.00	0.19	0.36	0.00	0.00	0.01	0.00	0.00	0.01	0.04	0.00	0.00
39I 0.70	0.24	0.01	0.40	1.00	0.03	0.12	0.09	0.15	0.75	0.12	0.04	0.14	0.14	0.44	0.44	0.16	0.16	0.09	0.02	0.05
40S 0.70	0.68	0.02	0.60	0.86	0.02	0.16	0.06	0.08	0.39	0.12	0.04	0.21	0.13	0.92	0.21	1.00	0.40	0.12	0.01	0.02
41H 0.70	0.23	0.05	0.21	0.12	1.00	0.22	0.51	0.09	0.14	0.17	0.06	0.26	0.09	0.10	0.12	0.43	0.20	0.12	0.04	0.19
42Y 0.70	0.00	0.00	0.00	0.00	0.00	0.00	0.00	0.00	0.00	0.00	0.00	0.00	0.00	0.00	0.00	0.00	0.00	0.00	0.00	1.00
43R 0.57	0.14	0.02	0.26	0.20	0.03	0.32	0.13	0.04	0.78	0.10	0.03	1.00	0.11	0.25	0.80	0.21	0.15	0.06	0.02	0.06
44H 0.54	0.25	0.04	0.61	1.00	0.13	0.15	0.47	0.09	0.28	0.15	0.05	0.18	0.13	0.32	0.32	0.19	0.16	0.13	0.04	0.29
45V 0.38	0.25	0.06	0.02	0.05	0.26	0.02	0.04	0.45	0.05	0.46	0.22	0.04	0.06	0.05	0.04	0.07	0.53	1.00	0.02	0.07
46L 0.35	0.04	0.02	0.01	0.01	0.57	0.01	0.01	0.09	0.01	1.00	0.05	0.01	0.02	0.01	0.01	0.03	0.03	0.07	0.30	0.65
47G 0.22	0.04	0.01	0.11	0.04	0.01	1.00	0.02	0.00	0.04	0.01	0.00	0.43	0.02	0.02	0.02	0.07	0.03	0.01	0.00	0.01
48V 0.22	0.50	0.08	0.06	0.09	0.23	0.13	0.11	0.37	0.10	0.32	0.09	0.08	0.10	0.09	0.10	0.16	0.22	1.00	0.05	0.44
49P 0.22	0.29	0.05	0.12	0.11	0.04	0.09	0.04	0.16	0.13	0.10	0.05	0.18	0.25	0.10	0.08	0.75	1.00	0.19	0.02	0.04
50L 0.24	0.10	0.02	0.02	0.03	0.11	0.04	0.01	0.21	0.04	1.00	0.13	0.02	0.12	0.03	0.03	0.04	0.05	0.15	0.02	0.02
pos	A	C	D	E	F	G	H	I	K	L	M	N	P	Q	R	S	T	V	W	Y
51D 0.32	0.61	0.10	0.97	1.00	0.28	0.44	0.29	0.23	0.63	0.38	0.23	0.61	0.26	0.47	0.40	0.67	0.47	0.32	0.08	0.50
52D 0.46	0.25	0.02	1.00	0.77	0.03	0.15	0.11	0.06	0.30	0.10	0.03	0.51	0.11	0.32	0.16	0.24	0.18	0.24	0.01	0.03
53R 0.54	0.14	0.00	0.01	0.03	0.00	0.02	0.02	0.01	0.34	0.02	0.01	0.02	0.02	0.18	1.00	0.02	0.02	0.01	0.00	0.01
54K 0.46	0.79	0.11	0.57	0.94	0.31	0.43	0.35	0.33	1.00	0.49	0.17	0.51	0.30	0.59	0.63	0.75	0.68	0.42	0.09	0.43
55A 0.46	0.96	0.22	0.39	0.41	0.71	0.64	0.56	0.41	0.39	0.69	0.24	0.48	0.33	0.36	0.40	0.68	0.50	0.56	0.19	1.00
56I 0.46	0.28	0.04	0.01	0.03	0.20	0.01	0.01	1.00	0.03	0.43	0.06	0.02	0.04	0.02	0.02	0.03	0.39	0.95	0.01	0.03
57N 0.54	0.99	0.21	0.78	0.95	0.71	0.74	0.65	0.54	0.92	0.85	0.28	0.96	0.40	0.70	0.69	0.93	0.77	0.66	0.19	1.00
58N 0.62	0.38	0.03	0.30	0.65	0.04	0.23	0.13	0.11	1.00	0.20	0.07	0.52	0.18	0.43	0.79	0.38	0.45	0.16	0.02	0.06
59Y 0.62	0.22	0.07	0.09	0.12	0.29	0.14	0.26	0.17	0.13	0.27	0.09	0.13	0.09	0.21	0.15	0.26	0.37	0.21	0.16	1.00
60V 0.54	0.57	0.18	0.26	0.36	0.70	0.36	0.55	0.41	0.37	0.68	0.23	0.35	0.23	0.34	0.39	0.46	0.44	0.52	0.18	1.00
61I 0.49	0.54	0.18	0.23	0.32	0.70	0.35	0.54	0.41	0.33	0.67	0.22	0.33	0.22	0.32	0.37	0.43	0.42	0.52	0.18	1.00
62N 0.51	0.18	0.03	0.71	0.34	0.03	0.58	0.13	0.03	0.24	0.05	0.02	1.00	0.12	0.16	0.22	0.37	0.17	0.04	0.01	0.07
63S 0.54	0.79	0.05	0.64	1.00	0.04	0.72	0.11	0.17	0.97	0.27	0.09	0.51	0.24	0.64	0.60	0.84	0.51	0.25	0.02	0.03
64T 0.62	0.75	0.05	0.62	1.00	0.05	0.40	0.12	0.19	0.93	0.31	0.11	0.49	0.29	0.58	0.53	0.73	0.66	0.28	0.02	0.04
65D 0.68	0.70	0.05	0.65	1.00	0.05	0.38	0.11	0.19	0.86	0.28	0.10	0.52	0.27	0.54	0.49	0.71	0.53	0.26	0.02	0.04
66E 0.68	0.61	0.04	0.51	1.00	0.04	0.28	0.09	0.17	0.68	0.22	0.08	0.41	0.20	0.43	0.38	0.62	0.56	0.21	0.01	0.03
67L 0.62	0.39	0.13	0.15	0.20	0.61	0.26	0.38	0.79	0.22	1.00	0.25	0.22	0.19	0.22	0.26	0.30	0.31	0.78	0.14	0.71
68P 0.51	0.09	0.01	0.07	0.20	0.02	0.04	0.01	0.03	0.06	0.15	0.02	0.02	1.00	0.04	0.04	0.05	0.04	0.05	0.00	0.01
69T 0.51	0.41	0.04	0.31	0.47	0.06	0.27	0.09	0.11	0.49	0.27	0.06	0.27	0.16	0.42	0.36	0.85	1.00	0.17	0.02	0.07
70I 0.27	0.13	0.04	0.05	0.06	0.20	0.11	0.09	1.00	0.07	0.44	0.10	0.07	0.04	0.06	0.08	0.10	0.15	0.93	0.04	0.20
71S 0.24	0.21	0.05	0.09	0.08	0.09	0.08	0.08	0.10	0.10	0.12	0.05	0.14	0.09	0.08	0.08	0.71	1.00	0.25	0.03	0.22
72Y 0.14	0.48	0.12	0.23	0.23	0.30	0.25	0.25	0.22	0.27	0.33	0.12	0.33	0.21	0.22	0.23	0.83	1.00	0.31	0.09	0.43
73S 0.22	0.60	0.03	0.60	1.00	0.04	0.25	0.08	0.11	0.55	0.18	0.06	0.31	0.30	0.39	0.29	0.81	0.35	0.17	0.01	0.03
74M 0.27	0.52	0.17	0.21	0.28	0.69	0.35	0.53	0.42	0.30	0.67	0.25	0.31	0.20	0.30	0.36	0.40	0.39	0.50	0.18	1.00
75N 0.27	0.64	0.05	0.75	1.00	0.06	0.43	0.15	0.16	0.78	0.25	0.09	0.61	0.26	0.52	0.43	0.68	0.51	0.24	0.02	0.07
pos	A	C	D	E	F	G	H	I	K	L	M	N	P	Q	R	S	T	V	W	Y
76P 0.27	0.92	0.10	0.80	1.00	0.16	0.58	0.22	0.23	0.85	0.42	0.13	0.64	0.49	0.57	0.51	0.92	0.77	0.35	0.05	0.21
77K 0.32	0.79	0.07	0.62	1.00	0.13	0.41	0.18	0.22	0.92	0.36	0.13	0.51	0.29	0.59	0.54	0.75	0.61	0.33	0.04	0.15
78P 0.27	0.00	0.00	0.00	0.00	0.00	0.00	0.00	0.00	0.00	0.00	0.00	0.00	1.00	0.00	0.00	0.00	0.00	0.00	0.00	0.00
79T 0.32	0.35	0.03	0.24	0.18	0.03	0.09	0.04	0.21	0.18	0.11	0.04	0.14	0.09	0.12	0.11	0.58	1.00	0.32	0.01	0.03
80P 0.32	0.53	0.18	0.21	0.28	0.69	0.33	0.55	0.39	0.30	0.65	0.22	0.31	0.22	0.30	0.35	0.42	0.40	0.50	0.18	1.00
81W 0.30	0.29	0.10	0.11	0.15	1.00	0.41	0.30	0.23	0.16	0.38	0.13	0.17	0.20	0.16	0.19	0.22	0.22	0.28	0.81	0.90
82A 0.27	0.72	0.06	0.61	1.00	0.10	0.35	0.14	0.18	0.82	0.29	0.10	0.45	0.25	0.54	0.47	0.66	0.51	0.27	0.03	0.09
83E 0.30	0.18	0.02	0.16	1.00	0.07	0.12	0.12	0.07	0.60	0.14	0.05	0.15	0.11	0.26	0.96	0.16	0.22	0.10	0.03	0.19
84E 0.30	0.15	0.01	0.45	1.00	0.09	0.09	0.24	0.03	0.15	0.05	0.02	0.11	0.09	0.17	0.06	0.10	0.08	0.05	0.01	0.05
85E 0.35	1.00	0.08	0.35	0.85	0.04	0.54	0.06	0.08	0.36	0.15	0.06	0.22	0.32	0.26	0.20	0.60	0.29	0.19	0.02	0.04
86T 0.35	0.06	0.01	0.05	0.12	0.01	0.03	0.01	0.02	0.04	0.02	0.01	0.14	0.09	0.03	0.02	0.20	1.00	0.03	0.00	0.01
87V 0.35	0.44	0.15	0.17	0.26	0.67	0.27	0.43	0.95	0.24	0.81	0.25	0.25	0.17	0.24	0.29	0.33	0.35	1.00	0.15	0.84
88A 0.35	0.78	0.06	0.63	1.00	0.09	0.40	0.15	0.21	0.93	0.33	0.12	0.50	0.28	0.59	0.53	0.76	0.60	0.31	0.03	0.09
89A 0.38	0.84	0.08	0.53	0.34	0.04	0.50	0.07	0.06	0.21	0.11	0.05	0.31	0.38	0.16	0.12	1.00	0.42	0.15	0.02	0.05
90A 0.57	1.00	0.09	0.33	0.52	0.08	0.53	0.09	0.11	0.40	0.20	0.08	0.24	0.28	0.28	0.24	0.62	0.34	0.23	0.03	0.09
91Q 0.59	0.87	0.12	0.64	1.00	0.33	0.47	0.33	0.32	0.94	0.53	0.18	0.56	0.32	0.64	0.61	0.81	0.67	0.46	0.09	0.44
92L 0.70	0.06	0.02	0.02	0.03	0.08	0.03	0.04	0.36	0.03	1.00	0.05	0.03	0.03	0.03	0.03	0.13	0.29	0.13	0.02	0.19
93I 0.92	0.01	0.00	0.00	0.00	0.01	0.00	0.00	0.16	0.00	1.00	0.12	0.00	0.00	0.00	0.00	0.00	0.07	0.15	0.00	0.00
94T 0.95	0.03	0.01	0.01	0.01	0.02	0.01	0.00	0.04	0.01	0.21	0.02	0.01	0.01	0.01	0.01	0.05	1.00	0.04	0.00	0.01
95M 0.89	0.24	0.05	0.09	0.07	0.04	0.07	0.04	0.09	0.10	0.37	0.21	0.17	0.10	0.07	0.06	0.72	1.00	0.13	0.02	0.05
96L 0.95	0.00	0.00	0.00	0.00	0.09	0.00	0.00	0.01	0.00	1.00	0.00	0.00	0.00	0.00	0.00	0.00	0.00	0.01	0.01	0.09
97W 0.95	0.00	0.00	0.00	0.00	0.00	0.00	0.00	0.00	0.00	0.00	0.00	0.00	0.00	0.00	0.00	0.00	0.00	0.00	1.00	0.00
98S 0.95	0.14	0.00	0.00	0.00	0.00	0.01	0.00	0.00	0.00	0.00	0.00	0.00	0.01	0.00	0.00	1.00	0.01	0.00	0.00	0.00
99L 0.95	0.02	0.16	0.00	0.00	0.02	0.00	0.00	0.11	0.00	1.00	0.02	0.00	0.00	0.00	0.00	0.00	0.01	0.21	0.00	0.00
100S 0.95	0.02	0.07	0.01	0.00	0.00	0.01	0.00	0.01	0.01	0.01	0.00	0.01	0.01	0.01	0.00	1.00	0.52	0.01	0.00	0.00
pos	A	C	D	E	F	G	H	I	K	L	M	N	P	Q	R	S	T	V	W	Y
101V 0.95	0.00	0.00	0.00	0.00	0.00	0.00	0.00	0.00	0.00	0.00	0.00	0.00	0.00	0.00	0.00	0.00	0.00	1.00	0.00	0.00
102S 0.95	0.86	0.01	0.01	0.01	0.00	0.05	0.00	0.00	0.01	0.01	0.00	0.01	0.02	0.01	0.01	1.00	0.02	0.01	0.00	0.00
103S 0.95	0.11	0.02	0.01	0.02	0.08	0.03	0.01	1.00	0.03	0.45	0.73	0.02	0.03	0.02	0.02	0.33	0.10	0.26	0.01	0.02
104F 0.95	0.00	0.00	0.00	0.00	1.00	0.00	0.00	0.00	0.00	0.00	0.00	0.00	0.00	0.00	0.00	0.00	0.00	0.00	0.00	0.00
105A 0.95	1.00	0.08	0.07	0.07	0.03	0.43	0.01	0.04	0.08	0.08	0.04	0.06	0.48	0.06	0.06	0.81	0.18	0.13	0.01	0.02
106V 0.95	0.02	0.01	0.00	0.00	0.35	0.00	0.00	0.11	0.01	0.36	0.04	0.00	0.01	0.01	0.01	0.01	0.01	1.00	0.01	0.02
107G 0.95	0.00	0.00	0.00	0.00	0.00	1.00	0.00	0.00	0.00	0.00	0.00	0.00	0.00	0.00	0.00	0.00	0.00	0.00	0.00	0.00
108G 0.95	0.00	0.00	0.00	0.00	0.00	1.00	0.00	0.00	0.00	0.00	0.00	0.00	0.00	0.00	0.00	0.00	0.00	0.00	0.00	0.00
109M 0.95	0.01	0.00	0.00	0.00	0.35	0.00	0.00	0.04	0.00	0.31	1.00	0.00	0.00	0.00	0.00	0.00	0.00	0.02	0.00	0.01
110T 0.95	0.01	0.00	0.00	0.00	0.01	0.00	0.00	1.00	0.00	0.30	0.01	0.00	0.00	0.00	0.00	0.00	0.06	0.32	0.00	0.00
111A 0.95	0.30	0.01	0.00	0.00	0.00	1.00	0.00	0.00	0.01	0.01	0.00	0.00	0.01	0.00	0.00	0.31	0.01	0.01	0.00	0.00
112S 0.95	0.00	0.00	0.00	0.00	0.00	0.00	0.00	0.00	0.00	0.00	0.00	0.00	0.00	0.00	0.00	1.00	0.00	0.00	0.00	0.00
113F 0.95	0.01	0.00	0.00	0.00	1.00	0.00	0.00	0.03	0.00	0.58	0.02	0.00	0.00	0.00	0.00	0.00	0.00	0.02	0.01	0.03
114F 0.95	0.18	0.05	0.04	0.06	0.24	0.05	0.07	0.42	0.06	1.00	0.23	0.06	0.06	0.07	0.07	0.09	0.15	0.38	0.04	0.13
115G 0.95	0.02	0.01	0.01	0.01	0.03	0.14	0.00	0.52	0.01	0.16	0.03	0.01	0.00	0.00	0.01	0.01	0.02	1.00	0.00	0.01
116G 0.95	0.02	0.00	0.00	0.00	0.00	1.00	0.00	0.00	0.00	0.00	0.00	0.00	0.01	0.00	0.00	0.04	0.00	0.00	0.00	0.00
117W 0.95	0.09	0.03	0.02	0.03	0.20	0.03	0.04	0.32	0.04	1.00	0.19	0.04	0.07	0.05	0.04	0.04	0.06	0.19	0.07	0.08
118L 0.95	0.02	0.00	0.00	0.00	0.59	0.00	0.00	0.33	0.01	1.00	0.13	0.00	0.01	0.01	0.01	0.01	0.01	0.05	0.01	0.01
119G 0.95	1.00	0.10	0.10	0.10	0.08	0.62	0.03	0.14	0.11	0.15	0.06	0.10	0.24	0.08	0.08	0.56	0.22	0.49	0.02	0.06
120D 0.95	0.01	0.00	0.50	0.02	0.00	0.03	0.01	0.00	0.01	0.00	0.00	1.00	0.01	0.16	0.01	0.02	0.01	0.00	0.00	0.00
121T 0.95	0.10	0.01	0.04	0.12	0.02	0.07	0.07	0.04	0.85	0.08	0.03	0.22	0.06	0.17	1.00	0.21	0.18	0.05	0.15	0.04
122L 0.95	0.03	0.12	0.00	0.01	0.89	0.01	0.01	0.11	0.01	1.00	0.07	0.01	0.01	0.01	0.01	0.01	0.02	0.07	0.13	0.25
123G 0.95	0.00	0.00	0.00	0.00	0.00	1.00	0.00	0.00	0.00	0.00	0.00	0.00	0.00	0.00	0.00	0.00	0.00	0.00	0.00	0.00
124R 0.95	0.00	0.00	0.00	0.00	0.00	0.00	0.00	0.00	0.06	0.00	0.00	0.00	0.00	0.01	1.00	0.00	0.00	0.00	0.00	0.00
125I 0.95	0.11	0.01	0.02	0.14	0.02	0.09	0.09	0.18	1.00	0.11	0.04	0.10	0.08	0.23	0.81	0.09	0.11	0.11	0.02	0.05
pos	A	C	D	E	F	G	H	I	K	L	M	N	P	Q	R	S	T	V	W	Y
126K 0.95	0.19	0.03	0.34	0.26	0.04	0.45	0.17	0.06	1.00	0.13	0.04	0.64	0.14	0.33	0.79	0.27	0.19	0.08	0.02	0.09
127A 0.95	1.00	0.01	0.01	0.01	0.00	0.03	0.00	0.01	0.01	0.01	0.01	0.02	0.02	0.01	0.01	0.84	0.58	0.02	0.00	0.00
128M 0.95	0.01	0.00	0.00	0.00	0.01	0.00	0.00	0.03	0.00	0.70	1.00	0.00	0.00	0.00	0.00	0.00	0.00	0.01	0.00	0.00
129L 0.95	0.00	0.00	0.00	0.00	0.00	0.00	0.00	0.00	0.00	1.00	0.00	0.00	0.00	0.00	0.00	0.00	0.00	0.00	0.00	0.00
130V 0.95	0.22	0.03	0.01	0.03	0.35	0.02	0.01	0.99	0.04	1.00	0.32	0.02	0.04	0.03	0.03	0.03	0.09	0.87	0.02	0.04
131A 0.95	1.00	0.14	0.11	0.15	0.09	0.34	0.05	0.42	0.16	0.35	0.12	0.16	0.25	0.11	0.11	0.53	0.59	0.92	0.02	0.07
132N 0.97	0.00	0.00	0.00	0.00	0.00	0.00	0.00	0.00	0.00	0.00	0.00	1.00	0.00	0.00	0.00	0.00	0.00	0.00	0.00	0.00
133I 0.97	0.09	0.01	0.00	0.01	0.02	0.00	0.00	1.00	0.01	0.70	0.02	0.00	0.01	0.01	0.01	0.16	0.03	0.64	0.00	0.01
134L 0.97	0.01	0.00	0.00	0.00	0.46	0.00	0.00	0.08	0.00	1.00	0.04	0.00	0.00	0.01	0.00	0.00	0.01	0.03	0.00	0.01
135S 1.00	1.00	0.00	0.00	0.00	0.00	0.03	0.00	0.00	0.01	0.00	0.00	0.00	0.01	0.00	0.00	0.71	0.01	0.01	0.00	0.00
136L 1.00	0.05	0.00	0.00	0.00	0.32	0.00	0.00	1.00	0.00	0.36	0.02	0.00	0.00	0.00	0.00	0.00	0.01	0.41	0.00	0.01
137V 1.00	0.42	0.03	0.01	0.02	0.02	0.00	0.00	0.46	0.02	0.54	0.03	0.01	0.03	0.01	0.01	0.02	0.45	1.00	0.00	0.01
138G 1.00	0.82	0.07	0.05	0.06	0.03	1.00	0.01	0.03	0.07	0.06	0.03	0.05	0.54	0.05	0.05	0.53	0.12	0.11	0.01	0.02
139A 1.00	1.00	0.01	0.02	0.01	0.00	0.52	0.01	0.00	0.01	0.01	0.00	0.10	0.02	0.01	0.01	0.05	0.02	0.01	0.00	0.00
140L 1.00	0.42	0.28	0.02	0.05	0.04	0.00	0.01	0.65	0.05	0.55	0.07	0.02	0.07	0.04	0.03	0.08	0.27	1.00	0.01	0.02
141L 1.00	0.00	0.00	0.00	0.00	0.08	0.00	0.00	0.01	0.00	1.00	0.01	0.00	0.00	0.00	0.00	0.00	0.00	0.01	0.00	0.00
142M 1.00	0.00	0.00	0.00	0.00	0.00	0.00	0.00	0.00	0.00	0.00	1.00	0.00	0.00	0.00	0.00	0.00	0.00	0.00	0.00	0.00
143G 1.00	0.05	0.00	0.00	0.00	0.00	1.00	0.00	0.00	0.00	0.00	0.00	0.00	0.01	0.00	0.00	0.01	0.00	0.00	0.00	0.00
144F 1.00	0.27	0.25	0.02	0.05	0.57	0.02	0.03	0.47	0.06	1.00	0.18	0.04	0.07	0.05	0.04	0.06	0.22	0.76	0.03	0.07
145S 1.00	0.47	0.19	0.01	0.02	0.01	0.09	0.00	0.01	0.02	0.02	0.01	0.01	0.04	0.01	0.01	1.00	0.04	0.03	0.00	0.01
146K 1.00	0.01	0.00	0.05	0.06	0.00	0.01	0.00	0.00	1.00	0.01	0.00	0.10	0.01	0.06	0.09	0.01	0.01	0.00	0.00	0.00
147L 1.00	0.31	0.02	0.01	0.02	0.23	0.01	0.01	1.00	0.02	0.92	0.25	0.01	0.02	0.02	0.02	0.02	0.15	0.97	0.01	0.02
148G 1.00	1.00	0.01	0.00	0.01	0.00	0.47	0.00	0.00	0.01	0.01	0.00	0.00	0.01	0.00	0.00	0.03	0.01	0.04	0.00	0.00
149P 1.00	0.53	0.03	0.35	0.72	0.03	0.22	0.08	0.11	1.00	0.21	0.06	0.28	0.38	0.41	0.44	0.41	0.36	0.16	0.01	0.03
150S 1.00	0.32	0.00	0.00	0.00	0.00	0.02	0.00	0.00	0.00	0.00	0.00	0.00	0.01	0.00	0.00	1.00	0.01	0.01	0.00	0.00
pos	A	C	D	E	F	G	H	I	K	L	M	N	P	Q	R	S	T	V	W	Y
151H 1.00	0.15	0.05	0.06	0.08	1.00	0.10	0.53	0.12	0.09	0.21	0.07	0.09	0.06	0.09	0.10	0.12	0.12	0.55	0.06	0.53
152I 1.00	0.21	0.01	0.16	1.00	0.01	0.05	0.02	0.16	0.07	0.06	0.02	0.03	0.05	0.08	0.03	0.06	0.06	0.11	0.00	0.01
153L 1.00	0.01	0.00	0.00	0.00	0.02	0.00	0.00	0.19	0.00	0.90	1.00	0.00	0.00	0.00	0.00	0.00	0.00	0.02	0.00	0.00
154I 1.00	0.01	0.00	0.00	0.00	0.02	0.00	0.00	1.00	0.00	0.95	0.03	0.00	0.00	0.00	0.00	0.00	0.01	0.04	0.00	0.00
155I 1.00	0.00	0.00	0.00	0.00	0.00	0.00	0.00	1.00	0.00	0.01	0.00	0.00	0.00	0.00	0.00	0.00	0.00	0.11	0.00	0.00
156A 1.00	0.32	0.02	0.01	0.02	0.16	0.01	0.01	0.41	0.02	1.00	0.08	0.01	0.02	0.02	0.02	0.08	0.06	0.36	0.01	0.03
157G 1.00	0.14	0.01	0.00	0.00	0.00	1.00	0.00	0.00	0.01	0.01	0.00	0.00	0.01	0.00	0.00	0.42	0.01	0.01	0.00	0.00
158R 1.00	0.00	0.00	0.00	0.00	0.00	0.00	0.00	0.00	0.00	0.00	0.00	0.00	0.00	0.00	1.00	0.00	0.00	0.00	0.00	0.00
159S 1.00	0.75	0.13	0.14	0.18	0.74	0.45	0.28	0.33	0.19	1.00	0.18	0.19	0.21	0.18	0.21	0.55	0.28	0.60	0.10	0.52
160I 1.00	0.01	0.00	0.00	0.00	0.07	0.00	0.00	1.00	0.00	0.84	0.02	0.00	0.00	0.00	0.00	0.00	0.01	0.52	0.00	0.00
161S 1.00	0.04	0.01	0.00	0.01	0.02	0.01	0.00	1.00	0.01	0.23	0.02	0.01	0.01	0.00	0.01	0.25	0.11	0.69	0.00	0.01
162G 1.00	0.00	0.00	0.00	0.00	0.00	1.00	0.00	0.00	0.00	0.00	0.00	0.00	0.00	0.00	0.00	0.00	0.00	0.00	0.00	0.00
163L 1.00	0.26	0.01	0.01	0.01	0.03	0.01	0.00	0.99	0.01	1.00	0.04	0.01	0.01	0.01	0.01	0.01	0.04	0.76	0.00	0.01
164Y 1.00	0.04	0.07	0.01	0.01	1.00	0.01	0.00	0.09	0.00	0.22	0.04	0.00	0.02	0.00	0.00	0.03	0.03	0.09	0.21	0.90
165C 1.00	0.68	1.00	0.01	0.01	0.00	0.05	0.00	0.00	0.01	0.01	0.00	0.01	0.02	0.01	0.01	0.27	0.02	0.01	0.00	0.00
166G 1.00	0.00	0.00	0.00	0.00	0.00	1.00	0.00	0.00	0.00	0.00	0.00	0.00	0.00	0.00	0.00	0.00	0.00	0.00	0.00	0.00
167L 1.00	0.00	0.00	0.00	0.00	0.01	0.00	0.00	0.26	0.00	1.00	0.01	0.00	0.00	0.00	0.00	0.00	0.00	0.10	0.00	0.00
168I 1.00	0.31	0.11	0.09	0.07	0.03	0.09	0.03	0.15	0.09	0.10	0.04	0.16	0.12	0.07	0.06	0.77	1.00	0.22	0.02	0.03
169S 1.00	0.07	0.01	0.03	0.02	0.01	0.02	0.01	0.02	0.03	0.02	0.01	0.05	0.03	0.02	0.02	1.00	0.85	0.03	0.00	0.19
170G 1.00	0.02	0.00	0.04	0.01	0.00	1.00	0.01	0.00	0.01	0.00	0.00	0.35	0.01	0.01	0.01	0.19	0.01	0.00	0.00	0.00
171L 1.00	0.39	0.06	0.02	0.05	0.67	0.01	0.02	0.40	0.05	1.00	0.13	0.03	0.07	0.04	0.03	0.05	0.26	0.97	0.02	0.04
172V 1.00	0.00	0.00	0.00	0.00	0.00	0.00	0.00	0.09	0.00	0.15	0.00	0.00	0.00	0.00	0.00	0.00	0.00	1.00	0.00	0.00
173P 1.00	0.00	0.00	0.00	0.00	0.00	0.00	0.00	0.00	0.00	0.00	0.00	0.00	1.00	0.00	0.00	0.00	0.00	0.00	0.00	0.00
174M 1.00	0.00	0.00	0.00	0.00	0.00	0.00	0.00	0.00	0.00	0.00	1.00	0.00	0.00	0.00	0.00	0.00	0.00	0.00	0.00	0.00
175Y 1.00	0.00	0.00	0.00	0.00	0.00	0.00	0.00	0.00	0.00	0.00	0.00	0.00	0.00	0.00	0.00	0.00	0.00	0.00	0.00	1.00
pos	A	C	D	E	F	G	H	I	K	L	M	N	P	Q	R	S	T	V	W	Y
176I 1.00	0.01	0.00	0.00	0.00	0.01	0.00	0.00	1.00	0.00	0.80	0.01	0.00	0.00	0.00	0.00	0.00	0.01	0.80	0.00	0.00
177G 1.00	0.02	0.00	0.01	0.00	0.00	1.00	0.00	0.00	0.00	0.00	0.00	0.01	0.01	0.00	0.00	0.10	0.00	0.00	0.00	0.00
178E 1.00	0.00	0.00	0.00	1.00	0.00	0.00	0.00	0.00	0.00	0.00	0.00	0.00	0.00	0.00	0.00	0.00	0.00	0.00	0.00	0.00
179I 1.00	0.01	0.00	0.00	0.00	0.01	0.00	0.00	1.00	0.00	0.80	0.01	0.00	0.00	0.00	0.00	0.00	0.01	0.80	0.00	0.00
180A 1.00	1.00	0.01	0.00	0.01	0.00	0.03	0.00	0.00	0.01	0.01	0.00	0.00	0.01	0.00	0.00	0.81	0.01	0.01	0.00	0.00
181P 1.00	0.00	0.00	0.00	0.00	0.00	0.00	0.00	0.00	0.00	0.00	0.00	0.00	1.00	0.00	0.00	0.00	0.00	0.00	0.00	0.00
182T 1.00	0.04	0.00	0.02	0.04	0.01	0.02	0.02	0.01	0.54	0.03	0.01	0.03	0.02	0.11	0.13	0.06	1.00	0.02	0.00	0.01
183A 1.00	0.54	0.08	0.71	0.50	0.08	0.49	0.18	0.12	0.46	0.17	0.07	0.82	0.24	0.31	0.27	0.99	1.00	0.19	0.03	0.12
184L 1.00	0.00	0.00	0.00	0.00	0.02	0.00	0.00	0.02	0.00	1.00	0.01	0.00	0.00	0.00	0.00	0.00	0.00	0.01	0.06	0.01
185R 1.00	0.00	0.00	0.00	0.00	0.00	0.00	0.00	0.00	0.00	0.00	0.00	0.00	0.00	0.00	1.00	0.00	0.00	0.00	0.00	0.00
186G 1.00	0.00	0.00	0.00	0.00	0.00	1.00	0.00	0.00	0.00	0.00	0.00	0.00	0.00	0.00	0.00	0.00	0.00	0.00	0.00	0.00
187A 1.00	1.00	0.00	0.00	0.00	0.00	0.02	0.00	0.01	0.00	0.01	0.08	0.00	0.01	0.00	0.00	0.02	0.01	0.01	0.00	0.00
188L 1.00	0.01	0.00	0.00	0.00	0.32	0.00	0.00	0.12	0.00	1.00	0.03	0.00	0.00	0.00	0.00	0.00	0.01	0.14	0.00	0.00
189G 1.00	0.00	0.00	0.00	0.00	0.00	1.00	0.00	0.00	0.00	0.00	0.00	0.00	0.00	0.00	0.00	0.00	0.00	0.00	0.00	0.00
190T 1.00	0.10	0.01	0.00	0.01	0.00	0.00	0.00	0.03	0.01	0.02	0.01	0.00	0.01	0.00	0.00	0.02	1.00	0.33	0.00	0.00
191F 1.00	0.01	0.00	0.00	0.00	0.11	0.00	0.00	0.05	0.00	1.00	0.14	0.00	0.00	0.00	0.00	0.00	0.01	0.38	0.00	0.00
192H 1.00	0.24	0.05	0.71	0.24	0.04	0.51	0.33	0.05	0.28	0.07	0.03	1.00	0.26	0.17	0.16	0.66	0.60	0.08	0.02	0.09
193Q 1.00	0.01	0.00	0.02	0.16	0.00	0.00	0.00	0.00	0.01	0.00	0.00	0.00	0.00	1.00	0.00	0.00	0.00	0.00	0.00	0.00
194L 1.00	0.00	0.00	0.00	0.00	0.01	0.00	0.00	0.02	0.00	1.00	0.01	0.00	0.00	0.00	0.00	0.00	0.00	0.14	0.00	0.00
195A 1.00	1.00	0.09	0.08	0.08	0.10	0.57	0.02	0.04	0.09	0.10	0.04	0.07	0.23	0.06	0.07	0.46	0.16	0.15	0.01	0.04
196I 1.00	0.00	0.00	0.00	0.00	0.00	0.00	0.00	1.00	0.00	0.11	0.00	0.00	0.00	0.00	0.00	0.00	0.00	0.18	0.00	0.00
197V 1.00	0.02	0.00	0.00	0.00	0.01	0.00	0.00	0.22	0.00	0.03	0.01	0.00	0.00	0.00	0.00	0.00	0.30	1.00	0.00	0.00
198T 1.00	0.02	0.00	0.00	0.00	0.01	0.00	0.00	0.66	0.00	0.11	0.01	0.00	0.00	0.00	0.00	0.00	0.44	1.00	0.00	0.00
199G 1.00	0.00	0.00	0.00	0.00	0.00	1.00	0.00	0.00	0.00	0.00	0.00	0.00	0.00	0.00	0.00	0.00	0.00	0.00	0.00	0.00
200I 1.00	0.00	0.00	0.00	0.00	0.00	0.00	0.00	1.00	0.00	0.01	0.00	0.00	0.00	0.00	0.00	0.00	0.00	0.16	0.00	0.00
pos	A	C	D	E	F	G	H	I	K	L	M	N	P	Q	R	S	T	V	W	Y
201L 1.00	0.00	0.00	0.00	0.00	0.09	0.00	0.00	0.01	0.00	1.00	0.01	0.00	0.00	0.00	0.00	0.00	0.00	0.01	0.00	0.00
202I 1.00	0.00	0.00	0.00	0.00	0.01	0.00	0.00	0.86	0.00	0.26	0.01	0.00	0.00	0.00	0.00	0.00	0.01	1.00	0.00	0.00
203S 1.00	1.00	0.00	0.00	0.00	0.00	0.02	0.00	0.00	0.00	0.00	0.00	0.00	0.01	0.00	0.00	0.27	0.01	0.01	0.00	0.00
204Q 1.00	0.00	0.00	0.00	0.00	0.00	0.00	0.00	0.00	0.00	0.00	0.00	0.00	0.00	1.00	0.00	0.00	0.00	0.00	0.00	0.00
205I 1.00	0.00	0.00	0.00	0.00	0.00	0.00	0.00	1.00	0.00	0.12	0.00	0.00	0.00	0.00	0.00	0.00	0.00	0.54	0.00	0.00
206I 1.00	0.14	0.01	0.00	0.01	1.00	0.00	0.00	0.16	0.01	0.42	0.05	0.00	0.01	0.01	0.01	0.01	0.02	0.22	0.00	0.01
207G 1.00	0.02	0.00	0.01	0.00	0.00	1.00	0.00	0.00	0.00	0.00	0.00	0.01	0.01	0.00	0.00	0.14	0.01	0.00	0.00	0.00
208L 1.00	0.00	0.00	0.00	0.00	0.00	0.00	0.00	0.00	0.00	1.00	0.00	0.00	0.00	0.00	0.00	0.00	0.00	0.00	0.00	0.00
209E 1.00	0.30	0.02	0.82	1.00	0.02	0.15	0.05	0.07	0.48	0.11	0.04	0.19	0.12	0.45	0.54	0.39	0.21	0.10	0.01	0.02
210F 1.00	0.55	0.18	0.23	0.30	0.72	0.35	0.54	0.41	0.32	0.67	0.23	0.33	0.22	0.31	0.36	0.45	0.42	0.52	0.18	1.00
211I 1.00	0.01	0.00	0.00	0.00	0.01	0.00	0.00	1.00	0.00	0.44	0.12	0.00	0.00	0.00	0.00	0.00	0.00	0.09	0.00	0.00
212L 1.00	0.00	0.00	0.00	0.00	0.01	0.00	0.00	0.02	0.00	1.00	0.25	0.00	0.00	0.00	0.00	0.00	0.00	0.01	0.00	0.00
213G 1.00	0.29	0.00	0.00	0.00	0.00	1.00	0.00	0.00	0.00	0.00	0.00	0.00	0.01	0.00	0.00	0.02	0.01	0.01	0.00	0.00
214N 1.00	0.03	0.01	0.02	0.01	0.00	0.02	0.01	0.01	0.02	0.01	0.00	1.00	0.02	0.01	0.01	0.35	0.49	0.01	0.00	0.00
215Y 1.00	0.52	0.03	0.43	1.00	0.06	0.17	0.13	0.09	0.42	0.15	0.05	0.22	0.21	0.39	0.23	0.32	0.25	0.19	0.02	0.10
216D 1.00	0.35	0.01	0.70	1.00	0.01	0.09	0.03	0.04	0.21	0.07	0.03	0.12	0.08	0.17	0.11	0.27	0.35	0.10	0.01	0.01
217L 1.00	0.49	0.14	0.35	0.28	0.54	0.45	0.41	0.42	0.38	1.00	0.26	0.46	0.21	0.29	0.36	0.43	0.34	0.43	0.13	0.68
218W 1.00	0.00	0.00	0.00	0.00	0.00	0.00	0.00	0.00	0.00	0.00	0.00	0.00	0.00	0.00	0.00	0.00	0.00	0.00	1.00	0.00
219H 1.00	0.04	0.01	0.04	0.03	0.01	0.07	0.19	0.01	0.03	0.02	0.00	0.03	1.00	0.02	0.03	0.03	0.02	0.01	0.01	0.01
220I 1.00	0.01	0.01	0.00	0.00	0.03	0.09	0.00	1.00	0.01	0.88	0.03	0.00	0.00	0.00	0.01	0.01	0.02	0.59	0.00	0.01
221L 1.00	0.00	0.00	0.00	0.00	0.00	0.00	0.00	0.00	0.00	1.00	0.00	0.00	0.00	0.00	0.00	0.00	0.00	0.00	0.00	0.00
222L 1.00	0.00	0.00	0.00	0.00	0.00	0.00	0.00	0.00	0.00	1.00	0.00	0.00	0.00	0.00	0.00	0.00	0.00	0.00	0.00	0.00
223G 1.00	0.27	0.00	0.00	0.00	0.00	1.00	0.00	0.00	0.00	0.00	0.00	0.00	0.01	0.00	0.00	0.19	0.01	0.01	0.00	0.00
224L 1.00	0.01	0.00	0.00	0.00	0.30	0.00	0.00	0.16	0.00	1.00	0.03	0.00	0.00	0.00	0.00	0.00	0.01	0.19	0.00	0.00
225S 1.00	0.03	0.01	0.01	0.01	0.00	0.01	0.00	0.21	0.01	0.01	0.00	0.02	0.01	0.01	0.01	0.37	1.00	0.02	0.00	0.00
pos	A	C	D	E	F	G	H	I	K	L	M	N	P	Q	R	S	T	V	W	Y
226G 1.00	0.25	0.04	0.04	0.05	0.14	0.14	0.04	1.00	0.06	0.48	0.10	0.04	0.06	0.04	0.05	0.13	0.10	0.96	0.02	0.11
227V 1.00	0.00	0.00	0.00	0.00	0.01	0.00	0.00	0.59	0.00	0.39	0.01	0.00	0.00	0.00	0.00	0.00	0.01	1.00	0.00	0.00
228R 1.00	0.08	0.00	0.00	0.00	0.00	0.02	0.00	0.00	0.01	0.00	0.00	0.00	1.00	0.00	0.04	0.01	0.01	0.01	0.00	0.00
229A 1.00	1.00	0.00	0.00	0.00	0.00	0.01	0.00	0.00	0.00	0.00	0.00	0.00	0.01	0.00	0.00	0.01	0.02	0.00	0.00	0.00
230I 1.00	0.16	0.01	0.01	0.01	0.06	0.11	0.00	1.00	0.01	0.94	0.06	0.01	0.01	0.01	0.01	0.02	0.03	0.81	0.01	0.02
231L 1.00	0.00	0.00	0.00	0.00	0.01	0.00	0.00	0.11	0.00	1.00	0.01	0.00	0.00	0.00	0.00	0.00	0.00	0.01	0.00	0.00
232Q 1.00	0.00	0.00	0.00	0.00	0.00	0.00	0.00	0.00	0.00	0.00	0.00	0.00	0.00	1.00	0.00	0.00	0.00	0.00	0.00	0.00
233S 1.00	0.08	0.11	0.01	0.02	0.19	0.02	0.02	0.30	0.03	1.00	0.20	0.02	0.03	0.04	0.03	0.08	0.05	0.18	0.02	0.05
234L 1.00	0.32	0.01	0.00	0.01	0.13	0.01	0.00	0.49	0.01	1.00	0.07	0.01	0.01	0.01	0.01	0.01	0.04	0.42	0.01	0.01
235L 1.00	0.51	0.05	0.02	0.05	0.16	0.03	0.04	0.30	0.05	1.00	0.08	0.04	0.06	0.04	0.04	0.12	0.26	0.51	0.02	0.07
236L 1.00	0.00	0.00	0.00	0.00	0.00	0.00	0.00	0.00	0.00	1.00	0.00	0.00	0.00	0.00	0.00	0.00	0.00	0.00	0.00	0.00
237F 1.00	0.08	0.02	0.01	0.02	0.30	0.02	0.01	0.30	0.02	1.00	0.20	0.02	0.50	0.03	0.02	0.03	0.04	0.18	0.04	0.11
238F 1.00	0.00	0.02	0.00	0.00	1.00	0.00	0.00	0.01	0.00	0.14	0.01	0.00	0.00	0.00	0.00	0.00	0.00	0.01	0.01	0.02
239C 1.00	0.41	1.00	0.03	0.04	0.75	0.18	0.01	0.08	0.04	0.16	0.04	0.03	0.09	0.03	0.03	0.18	0.09	0.14	0.06	0.22
240P 1.00	0.00	0.00	0.00	0.00	0.00	0.00	0.00	0.00	0.00	0.00	0.00	0.00	1.00	0.00	0.00	0.00	0.00	0.00	0.00	0.00
241E 1.00	0.00	0.00	0.00	1.00	0.00	0.00	0.00	0.00	0.00	0.00	0.00	0.00	0.00	0.00	0.00	0.00	0.00	0.00	0.00	0.00
242S 1.00	0.00	0.00	0.00	0.00	0.00	0.00	0.00	0.00	0.00	0.00	0.00	0.00	0.00	0.00	0.00	1.00	0.00	0.00	0.00	0.00
243P 1.00	0.00	0.00	0.00	0.00	0.00	0.00	0.00	0.00	0.00	0.00	0.00	0.00	1.00	0.00	0.00	0.00	0.00	0.00	0.00	0.00
244R 1.00	0.00	0.00	0.00	0.00	0.00	0.00	0.00	0.00	0.00	0.00	0.00	0.00	0.00	0.00	1.00	0.00	0.00	0.00	0.00	0.00
245Y 1.00	0.00	0.00	0.00	0.00	0.61	0.00	0.00	0.01	0.00	0.01	0.00	0.00	0.00	0.00	0.00	0.00	0.00	0.01	0.01	1.00
246L 1.00	0.02	0.00	0.01	0.00	0.01	0.01	0.00	0.02	0.01	1.00	0.01	0.01	0.01	0.01	0.00	0.12	0.09	0.02	0.00	0.00
247Y 1.00	0.01	0.00	0.00	0.00	0.12	0.00	0.00	0.03	0.00	1.00	0.02	0.00	0.00	0.00	0.00	0.00	0.01	0.02	0.02	0.49
248I 1.00	0.00	0.00	0.00	0.00	0.00	0.00	0.00	1.00	0.00	0.06	0.01	0.00	0.00	0.00	0.00	0.00	0.00	0.02	0.00	0.00
249K 1.00	0.24	0.02	0.24	0.53	0.03	0.15	0.12	0.17	1.00	0.15	0.05	0.61	0.14	0.64	0.64	0.21	0.20	0.10	0.02	0.06
250L 0.97	0.09	0.01	0.02	0.13	0.02	0.07	0.08	0.04	1.00	0.28	0.03	0.09	0.07	0.24	0.89	0.08	0.10	0.05	0.01	0.04
pos	A	C	D	E	F	G	H	I	K	L	M	N	P	Q	R	S	T	V	W	Y
251D 1.00	0.39	0.04	0.80	0.78	0.04	0.63	0.14	0.08	1.00	0.14	0.09	0.94	0.18	0.34	0.27	0.49	0.31	0.13	0.02	0.06
252E 1.00	0.08	0.00	0.57	1.00	0.01	0.04	0.02	0.01	0.17	0.14	0.01	0.09	0.05	0.10	0.03	0.05	0.04	0.02	0.00	0.01
253E 1.00	0.06	0.00	0.02	1.00	0.00	0.01	0.00	0.01	0.01	0.01	0.00	0.00	0.01	0.01	0.00	0.01	0.01	0.07	0.00	0.00
254V 1.00	0.73	0.05	0.65	1.00	0.05	0.40	0.12	0.16	0.82	0.27	0.09	0.52	0.26	0.53	0.46	0.68	0.51	0.27	0.02	0.04
255K 1.00	0.77	0.05	0.61	1.00	0.05	0.37	0.12	0.18	0.97	0.30	0.10	0.50	0.29	0.59	0.57	0.72	0.58	0.28	0.02	0.04
256A 1.00	1.00	0.00	0.00	0.00	0.00	0.00	0.00	0.00	0.00	0.00	0.00	0.00	0.00	0.00	0.00	0.00	0.00	0.00	0.00	0.00
257K 1.00	0.01	0.00	0.00	0.11	0.00	0.01	0.01	0.00	1.00	0.01	0.00	0.01	0.01	0.07	0.38	0.01	0.11	0.01	0.00	0.00
258Q 1.00	0.12	0.01	0.10	0.42	0.01	0.06	0.02	0.03	1.00	0.05	0.02	0.16	0.04	0.59	0.30	0.53	0.16	0.05	0.00	0.01
259S 1.00	0.90	0.07	0.02	0.05	0.04	0.05	0.01	0.69	0.05	0.24	0.07	0.03	0.08	0.04	0.03	0.58	0.24	1.00	0.01	0.02
260L 1.00	0.00	0.00	0.00	0.00	0.00	0.00	0.00	0.00	0.00	1.00	0.00	0.00	0.00	0.00	0.00	0.00	0.00	0.00	0.00	0.00
261K 1.00	0.01	0.00	0.00	0.02	0.00	0.01	0.01	0.01	1.00	0.01	0.00	0.01	0.01	0.67	0.40	0.01	0.01	0.01	0.00	0.01
262R 1.00	0.01	0.00	0.00	0.01	0.00	0.01	0.01	0.00	0.31	0.01	0.00	0.01	0.01	0.02	1.00	0.01	0.17	0.01	0.00	0.00
263L 1.00	0.00	0.00	0.00	0.00	0.01	0.00	0.00	0.05	0.00	1.00	0.01	0.00	0.00	0.00	0.00	0.00	0.00	0.01	0.00	0.00
264R 1.00	0.12	0.02	0.04	0.12	0.02	0.08	0.07	0.04	0.53	0.09	0.03	0.10	0.08	0.18	1.00	0.16	0.27	0.06	0.17	0.04
265G 1.00	0.00	0.00	0.00	0.00	0.00	1.00	0.00	0.00	0.00	0.00	0.00	0.00	0.00	0.00	0.00	0.00	0.00	0.00	0.00	0.00
266Y 1.00	0.57	0.19	0.30	0.31	0.70	0.39	0.56	0.41	0.35	0.66	0.23	0.44	0.24	0.33	0.38	0.63	0.68	0.52	0.20	1.00
267D 1.00	0.76	0.06	0.63	1.00	0.05	0.37	0.12	0.18	0.92	0.30	0.10	0.49	0.27	0.59	0.52	0.72	0.57	0.28	0.02	0.04
268D 1.00	0.00	0.00	1.00	0.01	0.00	0.01	0.00	0.00	0.01	0.00	0.00	0.07	0.00	0.00	0.00	0.07	0.00	0.00	0.00	0.00
269V 1.00	0.02	0.00	0.00	0.00	0.00	0.00	0.00	0.15	0.00	0.03	0.09	0.00	0.06	0.00	0.00	0.00	0.01	1.00	0.00	0.00
270T 1.00	0.74	0.05	0.74	1.00	0.07	0.34	0.16	0.20	0.80	0.28	0.15	0.43	0.24	0.51	0.46	0.91	0.83	0.29	0.02	0.07
271K 1.00	0.85	0.05	0.59	0.90	0.04	0.35	0.12	0.16	1.00	0.29	0.12	0.43	0.24	0.72	0.60	0.66	0.50	0.25	0.02	0.03
272D 1.00	0.13	0.00	0.97	1.00	0.00	0.02	0.01	0.01	0.05	0.01	0.00	0.02	0.03	0.06	0.01	0.02	0.02	0.10	0.00	0.01
273I 1.00	0.01	0.00	0.00	0.00	0.02	0.00	0.00	1.00	0.00	0.71	0.29	0.00	0.00	0.00	0.00	0.00	0.01	0.19	0.00	0.00
274N 1.00	0.68	0.03	0.34	1.00	0.02	0.18	0.06	0.08	0.40	0.13	0.05	0.42	0.13	0.84	0.22	0.40	0.37	0.13	0.01	0.02
275E 1.00	0.01	0.00	0.09	1.00	0.00	0.00	0.00	0.00	0.01	0.00	0.00	0.00	0.00	0.01	0.00	0.00	0.00	0.00	0.00	0.00
pos	A	C	D	E	F	G	H	I	K	L	M	N	P	Q	R	S	T	V	W	Y
276M 1.00	0.01	0.00	0.00	0.00	0.01	0.00	0.00	0.33	0.00	0.21	1.00	0.00	0.00	0.00	0.00	0.00	0.00	0.02	0.00	0.00
277R 1.00	0.02	0.00	0.00	0.11	0.00	0.01	0.02	0.01	1.00	0.12	0.01	0.02	0.02	0.11	0.72	0.02	0.02	0.01	0.00	0.01
278K 1.00	0.41	0.02	0.75	1.00	0.02	0.13	0.04	0.06	0.87	0.17	0.03	0.16	0.10	0.32	0.17	0.24	0.28	0.09	0.01	0.01
279E 1.00	0.00	0.00	0.00	1.00	0.00	0.00	0.00	0.00	0.00	0.00	0.00	0.00	0.00	0.00	0.00	0.00	0.00	0.00	0.00	0.00
280R 1.00	0.68	0.04	0.76	0.84	0.04	0.34	0.10	0.14	1.00	0.23	0.08	0.39	0.21	0.45	0.51	0.99	0.44	0.22	0.01	0.03
281E 1.00	0.55	0.03	0.24	0.95	0.04	0.15	0.07	0.15	0.42	0.16	0.13	0.20	0.12	0.34	1.00	0.28	0.25	0.22	0.01	0.05
282E 1.00	0.56	0.04	0.40	0.77	0.04	0.26	0.13	0.13	1.00	0.24	0.08	0.35	0.21	0.53	0.71	0.47	0.41	0.20	0.02	0.05
283A 1.00	0.34	0.05	0.12	0.28	0.18	0.10	0.03	0.40	0.10	1.00	0.26	0.05	0.10	0.11	0.06	0.12	0.14	0.39	0.02	0.04
284S 1.00	0.65	0.04	0.49	0.88	0.04	0.31	0.11	0.15	1.00	0.25	0.20	0.40	0.23	0.53	0.58	0.83	0.46	0.23	0.02	0.04
285S 1.00	0.85	0.07	0.52	0.77	0.06	0.35	0.13	0.18	0.88	0.27	0.10	0.51	0.28	0.62	0.67	0.98	1.00	0.27	0.03	0.06
286E 1.00	0.29	0.01	0.07	1.00	0.01	0.04	0.01	0.02	0.03	0.02	0.01	0.01	0.03	0.04	0.01	0.04	0.03	0.07	0.00	0.00
287Q 1.00	0.11	0.01	0.03	0.15	0.02	0.26	0.10	0.05	1.00	0.11	0.04	0.11	0.08	0.31	0.68	0.09	0.11	0.06	0.02	0.05
288K 1.00	0.21	0.04	0.06	0.23	0.15	0.14	0.20	0.12	1.00	0.22	0.07	0.17	0.15	0.38	0.82	0.17	0.20	0.15	0.05	0.19
289V 1.00	0.06	0.00	0.00	0.00	0.01	0.00	0.00	0.44	0.00	0.36	0.05	0.00	0.00	0.00	0.00	0.00	0.01	1.00	0.00	0.00
290S 1.00	0.01	0.00	0.01	0.00	0.00	0.00	0.00	0.00	0.00	0.00	0.00	0.01	0.01	0.00	0.00	1.00	0.61	0.01	0.00	0.00
291I 1.00	0.00	0.00	0.00	0.00	0.00	0.00	0.00	0.48	0.00	0.17	0.00	0.00	0.00	0.00	0.00	0.00	0.00	1.00	0.00	0.00
292I 1.00	0.01	0.00	0.00	0.00	0.04	0.06	0.00	0.25	0.01	1.00	0.08	0.00	0.01	0.01	0.01	0.00	0.01	0.05	0.08	0.01
293Q 1.00	0.07	0.00	0.08	1.00	0.01	0.04	0.19	0.02	0.55	0.03	0.01	0.15	0.03	0.78	0.10	0.06	0.13	0.03	0.00	0.01
294L 1.00	0.00	0.00	0.00	0.00	0.01	0.00	0.00	0.01	0.00	1.00	0.04	0.00	0.00	0.00	0.00	0.00	0.00	0.01	0.00	0.00
295F 1.00	0.01	0.09	0.00	0.00	1.00	0.00	0.00	0.02	0.00	0.18	0.01	0.00	0.00	0.00	0.00	0.00	0.00	0.02	0.01	0.04
296T 1.00	0.55	0.04	0.22	0.38	0.04	0.36	0.09	0.09	0.74	0.16	0.06	0.24	0.18	0.31	1.00	0.51	0.67	0.15	0.02	0.05
297N 1.00	0.70	0.19	0.36	0.49	0.72	0.41	0.56	0.45	0.49	0.75	0.29	0.43	0.27	0.42	0.46	0.65	0.54	0.60	0.19	1.00
298S 1.00	0.41	0.04	0.20	0.41	0.06	0.23	0.16	0.11	1.00	0.21	0.07	0.26	0.25	0.43	0.88	0.37	0.31	0.16	0.03	0.10
299S 1.00	0.29	0.01	0.05	0.07	0.01	0.03	0.01	0.02	0.16	0.03	0.06	0.36	0.11	0.04	0.04	1.00	0.34	0.03	0.00	0.01
300Y 1.00	0.04	0.01	0.02	0.02	0.06	0.02	0.19	0.07	0.03	0.72	0.04	0.02	0.02	0.03	0.03	0.03	0.03	0.06	0.01	1.00
pos	A	C	D	E	F	G	H	I	K	L	M	N	P	Q	R	S	T	V	W	Y
301R 1.00	0.01	0.00	0.00	0.01	0.03	0.01	0.00	0.01	0.02	0.02	0.01	0.00	0.00	0.01	1.00	0.01	0.01	0.03	0.00	0.00
302Q 1.00	0.45	0.15	0.45	0.47	0.17	0.80	0.20	0.20	0.69	0.47	0.11	0.33	0.48	1.00	0.61	0.35	0.31	0.24	0.44	0.16
303P 1.00	0.28	0.02	0.04	0.06	0.01	0.11	0.01	0.01	0.04	0.02	0.01	0.02	1.00	0.53	0.03	0.11	0.04	0.04	0.00	0.01
304I 1.00	0.01	0.00	0.00	0.00	0.01	0.00	0.00	1.00	0.00	0.76	0.01	0.00	0.00	0.00	0.00	0.00	0.01	0.37	0.00	0.00
305L 1.00	0.01	0.00	0.00	0.00	0.01	0.00	0.00	1.00	0.00	0.87	0.01	0.00	0.00	0.00	0.00	0.00	0.01	0.21	0.00	0.00
306V 1.00	0.08	0.02	0.01	0.01	0.04	0.02	0.00	1.00	0.02	0.23	0.05	0.01	0.02	0.01	0.01	0.34	0.07	0.81	0.01	0.02
307A 1.00	1.00	0.07	0.06	0.07	0.04	0.11	0.02	0.57	0.08	0.19	0.11	0.10	0.12	0.06	0.05	0.69	0.61	0.49	0.01	0.03
308L 1.00	0.00	0.00	0.00	0.00	0.01	0.00	0.00	1.00	0.00	0.39	0.01	0.00	0.00	0.00	0.00	0.00	0.00	0.52	0.00	0.00
309M 1.00	0.02	0.01	0.00	0.00	0.01	0.00	0.00	0.11	0.00	0.03	0.38	0.00	0.01	0.00	0.00	0.00	0.06	1.00	0.00	0.00
310L 1.00	0.00	0.00	0.00	0.00	0.01	0.00	0.00	0.01	0.00	1.00	0.01	0.00	0.00	0.00	0.00	0.00	0.00	0.06	0.00	0.00
311H 1.00	0.14	0.02	0.10	0.20	0.06	0.10	0.33	0.11	0.51	0.29	0.58	0.12	0.09	1.00	0.42	0.11	0.12	0.10	0.02	0.06
312V 1.00	0.19	0.02	0.01	0.02	0.14	0.06	0.01	0.37	0.02	1.00	0.19	0.02	0.03	0.03	0.02	0.02	0.04	0.25	0.02	0.03
313A 1.00	0.78	0.05	0.05	0.05	0.02	0.76	0.01	0.02	0.05	0.05	0.02	0.04	0.13	0.04	0.04	1.00	0.10	0.09	0.01	0.02
314Q 1.00	0.00	0.00	0.00	0.00	0.00	0.00	0.00	0.00	0.00	0.00	0.00	0.00	0.00	1.00	0.00	0.00	0.00	0.00	0.00	0.00
315Q 1.00	0.00	0.00	0.00	0.00	0.00	0.00	0.00	0.00	0.00	0.00	0.00	0.00	0.00	1.00	0.00	0.00	0.00	0.00	0.00	0.00
316F 1.00	0.01	0.00	0.00	0.00	0.30	0.00	0.00	0.03	0.00	1.00	0.02	0.00	0.00	0.00	0.00	0.00	0.00	0.02	0.00	0.01
317S 1.00	0.00	0.00	0.00	0.00	0.00	0.00	0.00	0.00	0.00	0.00	0.00	0.00	0.00	0.00	0.00	1.00	0.00	0.00	0.00	0.00
318G 1.00	0.00	0.00	0.00	0.00	0.00	1.00	0.00	0.00	0.00	0.00	0.00	0.00	0.00	0.00	0.00	0.00	0.00	0.00	0.00	0.00
319I 1.00	0.00	0.00	0.00	0.00	0.00	0.00	0.00	1.00	0.00	0.01	0.00	0.00	0.00	0.00	0.00	0.00	0.00	0.29	0.00	0.00
320N 1.00	0.00	0.00	0.00	0.00	0.00	0.00	0.00	0.00	0.00	0.00	0.00	1.00	0.00	0.00	0.00	0.00	0.00	0.00	0.00	0.00
321G 1.00	1.00	0.00	0.00	0.00	0.00	0.20	0.00	0.00	0.00	0.00	0.00	0.00	0.01	0.00	0.00	0.02	0.01	0.01	0.00	0.00
322I 1.00	0.00	0.00	0.00	0.00	0.00	0.00	0.00	0.85	0.00	0.03	0.00	0.00	0.00	0.00	0.00	0.00	0.00	1.00	0.00	0.00
323F 1.00	0.03	0.01	0.05	0.02	1.00	0.05	0.03	0.02	0.03	0.04	0.01	0.23	0.02	0.02	0.02	0.04	0.03	0.02	0.01	0.35
324Y 1.00	0.00	0.00	0.00	0.00	0.00	0.00	0.00	0.00	0.00	0.00	0.00	0.00	0.00	0.00	0.00	0.00	0.00	0.00	0.00	1.00
325Y 1.00	0.00	0.00	0.00	0.00	0.00	0.00	0.00	0.00	0.00	0.00	0.00	0.00	0.00	0.00	0.00	0.00	0.00	0.00	0.00	1.00
pos	A	C	D	E	F	G	H	I	K	L	M	N	P	Q	R	S	T	V	W	Y
326S 1.00	0.53	0.01	0.00	0.01	0.00	0.03	0.00	0.00	0.01	0.01	0.00	0.00	0.01	0.00	0.00	1.00	0.01	0.01	0.00	0.00
327T 1.00	0.15	0.03	0.49	0.14	0.02	0.15	0.04	0.04	0.09	0.04	0.02	0.23	0.09	0.07	0.05	0.38	1.00	0.06	0.01	0.03
328S 1.00	0.23	0.04	0.17	0.15	0.03	0.40	0.04	0.06	0.16	0.07	0.03	0.27	0.10	0.37	0.10	1.00	0.69	0.15	0.01	0.03
329I 1.00	0.00	0.00	0.00	0.00	0.00	0.00	0.00	1.00	0.00	0.00	0.00	0.00	0.00	0.00	0.00	0.00	0.00	0.00	0.00	0.00
330F 1.00	0.00	0.00	0.00	0.00	1.00	0.00	0.00	0.00	0.00	0.01	0.00	0.00	0.00	0.00	0.00	0.00	0.00	0.00	0.01	0.51
331Q 1.00	0.38	0.02	0.42	1.00	0.04	0.19	0.13	0.10	0.98	0.29	0.07	0.25	0.19	0.58	0.64	0.31	0.35	0.15	0.02	0.06
332T 1.00	0.34	0.03	0.57	0.43	0.03	0.17	0.06	0.09	0.66	0.18	0.05	0.24	0.13	0.26	0.38	1.00	0.68	0.14	0.01	0.03
333A 1.00	1.00	0.00	0.00	0.00	0.00	0.01	0.00	0.00	0.00	0.00	0.00	0.00	0.01	0.00	0.00	0.04	0.00	0.00	0.00	0.00
334G 1.00	0.00	0.00	0.00	0.00	0.00	1.00	0.00	0.00	0.00	0.00	0.00	0.00	0.00	0.00	0.00	0.00	0.00	0.00	0.00	0.00
335I 1.00	0.00	0.00	0.00	0.00	0.00	0.00	0.00	0.26	0.00	0.01	0.00	0.00	0.00	0.00	0.00	0.00	0.00	1.00	0.00	0.00
336S 1.00	0.75	0.05	0.58	1.00	0.05	0.42	0.11	0.17	0.93	0.28	0.10	0.48	0.29	0.75	0.50	0.82	0.58	0.26	0.02	0.03
337K 1.00	0.04	0.00	0.13	0.60	0.00	0.03	0.16	0.01	0.22	0.02	0.01	0.10	0.02	1.00	0.03	0.11	0.03	0.01	0.00	0.00
338P 1.00	0.03	0.00	0.26	0.23	0.00	0.02	0.01	0.00	0.03	0.01	0.00	0.02	1.00	0.09	0.01	0.19	0.01	0.01	0.00	0.00
339V 1.00	0.35	0.05	0.01	0.04	0.03	0.00	0.01	0.44	0.04	0.21	0.06	0.02	0.06	0.26	0.02	0.04	0.19	1.00	0.01	0.01
340Y 1.00	0.00	0.00	0.00	0.00	0.06	0.00	0.00	0.00	0.00	0.01	0.00	0.00	0.00	0.00	0.00	0.00	0.00	0.00	0.01	1.00
341A 1.00	1.00	0.01	0.00	0.01	0.01	0.02	0.00	0.03	0.01	0.03	0.01	0.00	0.02	0.01	0.01	0.03	0.03	0.53	0.00	0.00
342T 1.00	0.00	0.00	0.00	0.00	0.00	0.00	0.00	0.00	0.00	0.00	0.00	0.00	0.00	0.00	0.00	0.00	1.00	0.00	0.00	0.00
343I 1.00	0.26	0.01	0.00	0.00	0.01	0.00	0.00	1.00	0.00	0.11	0.01	0.00	0.00	0.00	0.00	0.00	0.02	0.27	0.00	0.00
344G 1.00	0.02	0.00	0.00	0.00	0.00	1.00	0.00	0.00	0.00	0.00	0.00	0.00	0.00	0.00	0.00	0.03	0.00	0.00	0.00	0.00
345V 1.00	1.00	0.02	0.03	0.02	0.01	0.05	0.01	0.05	0.03	0.04	0.02	0.04	0.05	0.02	0.02	0.91	0.82	0.65	0.00	0.01
346G 1.00	0.00	0.00	0.00	0.00	0.00	1.00	0.00	0.00	0.00	0.00	0.00	0.00	0.00	0.00	0.00	0.00	0.00	0.00	0.00	0.00
347A 1.00	0.63	0.02	0.00	0.01	0.01	0.00	0.00	0.32	0.01	0.08	0.02	0.01	0.02	0.01	0.01	0.01	0.06	1.00	0.00	0.00
348V 1.00	0.00	0.00	0.00	0.00	0.00	0.00	0.00	0.16	0.00	0.01	0.00	0.00	0.00	0.00	0.00	0.00	0.00	1.00	0.00	0.00
349N 1.00	0.00	0.00	0.00	0.00	0.00	0.00	0.00	0.00	0.00	0.00	0.00	1.00	0.00	0.00	0.00	0.00	0.00	0.00	0.00	0.00
350M 1.00	0.12	0.03	0.01	0.02	0.04	0.01	0.01	0.48	0.02	0.32	0.23	0.01	0.03	0.02	0.01	0.02	1.00	0.80	0.01	0.01
pos	A	C	D	E	F	G	H	I	K	L	M	N	P	Q	R	S	T	V	W	Y
351V 1.00	0.29	0.01	0.00	0.00	0.14	0.00	0.00	0.70	0.01	0.27	0.02	0.00	0.00	0.00	0.00	0.01	0.02	1.00	0.00	0.01
352F 1.00	0.01	0.00	0.00	0.00	1.00	0.00	0.00	0.13	0.00	0.15	0.41	0.00	0.00	0.01	0.00	0.00	0.01	0.03	0.01	0.03
353T 1.00	0.00	0.00	0.00	0.00	0.00	0.00	0.00	0.00	0.00	0.00	0.00	0.00	0.00	0.00	0.00	0.00	1.00	0.00	0.00	0.00
354A 1.00	0.31	0.01	0.00	0.01	0.13	0.01	0.00	0.51	0.01	0.47	0.09	0.00	0.01	0.01	0.01	0.01	0.02	1.00	0.00	0.01
355V 1.00	0.04	0.20	0.00	0.01	0.01	0.00	0.00	0.14	0.01	0.11	0.01	0.00	0.01	0.00	0.00	0.01	0.13	1.00	0.00	0.00
356S 1.00	0.20	0.00	0.00	0.00	0.00	0.01	0.00	0.00	0.00	0.00	0.00	0.01	0.01	0.00	0.00	1.00	0.11	0.01	0.00	0.00
357V 1.00	0.24	0.01	0.00	0.01	0.01	0.00	0.00	0.28	0.01	0.60	0.02	0.00	0.01	0.00	0.00	0.01	0.02	1.00	0.00	0.00
358F 1.00	0.01	0.00	0.00	0.00	1.00	0.00	0.00	0.04	0.00	0.30	0.02	0.00	0.00	0.00	0.00	0.00	0.01	0.18	0.01	0.02
359L 1.00	0.01	0.00	0.00	0.00	0.02	0.00	0.00	0.16	0.00	1.00	0.02	0.00	0.00	0.00	0.00	0.00	0.01	0.63	0.00	0.00
360V 1.00	0.00	0.00	0.00	0.00	0.00	0.00	0.00	0.07	0.00	0.01	0.00	0.00	0.00	0.00	0.00	0.00	0.00	1.00	0.00	0.00
361E 1.00	0.00	0.00	0.00	1.00	0.00	0.00	0.00	0.00	0.00	0.00	0.00	0.00	0.00	0.00	0.00	0.00	0.00	0.00	0.00	0.00
362K 1.00	0.06	0.01	0.01	0.08	0.01	0.04	0.05	0.03	0.63	0.26	0.02	0.05	0.04	0.13	1.00	0.05	0.06	0.03	0.01	0.07
363A 1.00	0.32	0.02	0.01	0.02	0.18	0.02	0.01	0.31	0.02	1.00	0.22	0.02	0.03	0.03	0.02	0.03	0.04	0.19	0.04	0.03
364G 1.00	0.00	0.00	0.00	0.00	0.00	1.00	0.00	0.00	0.00	0.00	0.00	0.00	0.00	0.00	0.00	0.00	0.00	0.00	0.00	0.00
365R 1.00	0.00	0.00	0.00	0.00	0.00	0.00	0.00	0.00	0.00	0.00	0.00	0.00	0.00	0.00	1.00	0.00	0.00	0.00	0.00	0.00
366R 1.00	0.00	0.00	0.00	0.00	0.00	0.00	0.00	0.00	0.00	0.00	0.00	0.00	0.00	0.00	1.00	0.00	0.00	0.00	0.00	0.00
367S 1.00	0.44	0.14	0.17	0.22	0.63	0.25	0.49	0.35	0.23	0.56	0.17	0.28	0.16	0.23	0.27	0.52	1.00	0.39	0.14	0.75
368L 1.00	0.00	0.00	0.00	0.00	0.00	0.00	0.00	0.00	0.00	1.00	0.00	0.00	0.00	0.00	0.00	0.00	0.00	0.00	0.00	0.00
369F 1.00	0.07	0.02	0.01	0.02	0.19	0.02	0.03	0.33	0.03	1.00	0.22	0.02	0.03	0.04	0.03	0.02	0.04	0.18	0.02	0.04
370L 1.00	0.00	0.00	0.00	0.00	0.01	0.00	0.00	0.01	0.00	1.00	0.15	0.00	0.00	0.00	0.00	0.00	0.00	0.01	0.00	0.00
371I 1.00	0.42	0.03	0.01	0.02	0.02	0.00	0.01	1.00	0.02	0.55	0.04	0.01	0.03	0.02	0.01	0.10	0.17	0.49	0.00	0.01
372G 1.00	0.00	0.00	0.00	0.00	0.00	1.00	0.00	0.00	0.00	0.00	0.00	0.00	0.00	0.00	0.00	0.00	0.00	0.00	0.00	0.00
373M 1.00	0.01	0.00	0.00	0.00	0.46	0.00	0.00	0.06	0.00	1.00	0.29	0.00	0.01	0.01	0.00	0.01	0.01	0.03	0.02	0.27
374S 1.00	1.00	0.06	0.05	0.05	0.03	0.73	0.01	0.14	0.06	0.06	0.10	0.04	0.14	0.04	0.04	0.71	0.12	0.10	0.01	0.02
375G 1.00	0.16	0.03	0.02	0.03	0.07	0.24	0.01	1.00	0.04	0.37	0.07	0.03	0.04	0.02	0.03	0.11	0.13	0.94	0.01	0.04
pos	A	C	D	E	F	G	H	I	K	L	M	N	P	Q	R	S	T	V	W	Y
376M 1.00	0.42	0.52	0.08	0.07	0.20	0.27	0.04	0.26	0.06	0.62	1.00	0.06	0.13	0.06	0.07	0.19	0.15	0.29	0.05	0.11
377F 1.00	1.00	0.12	0.10	0.13	0.21	0.53	0.11	0.18	0.14	0.43	0.13	0.11	0.25	0.11	0.12	0.50	0.22	0.27	0.05	0.21
378V 1.00	0.55	0.18	0.22	0.29	0.72	0.35	0.53	0.83	0.31	0.81	0.25	0.32	0.22	0.30	0.36	0.45	0.45	0.92	0.19	1.00
379C 1.00	0.58	1.00	0.00	0.00	0.00	0.03	0.00	0.00	0.01	0.01	0.00	0.00	0.01	0.00	0.00	0.11	0.01	0.01	0.00	0.00
380A 1.00	1.00	0.61	0.02	0.02	0.01	0.10	0.01	0.02	0.03	0.02	0.01	0.03	0.05	0.02	0.02	0.51	0.20	0.04	0.00	0.01
381I 1.00	0.20	0.35	0.01	0.02	0.02	0.00	0.01	1.00	0.02	0.46	0.03	0.01	0.03	0.02	0.01	0.02	0.23	0.93	0.00	0.01
382F 1.00	0.14	0.01	0.01	0.01	0.39	0.01	0.01	0.18	0.01	1.00	0.09	0.01	0.02	0.02	0.01	0.01	0.04	0.73	0.01	0.02
383M 1.00	0.00	0.00	0.00	0.00	0.01	0.00	0.00	0.02	0.00	0.55	1.00	0.00	0.00	0.00	0.00	0.00	0.00	0.01	0.00	0.00
384S 1.00	0.01	0.00	0.00	0.00	0.00	0.00	0.00	0.00	0.00	0.00	0.00	0.01	0.00	0.00	0.00	0.20	1.00	0.00	0.00	0.00
385V 1.00	0.14	0.00	0.00	0.00	0.02	0.09	0.00	0.67	0.00	0.14	0.02	0.00	0.00	0.00	0.00	0.01	0.01	1.00	0.00	0.01
386G 1.00	1.00	0.01	0.01	0.01	0.00	0.40	0.00	0.00	0.01	0.01	0.00	0.01	0.02	0.01	0.01	0.37	0.02	0.14	0.00	0.00
387L 1.00	0.00	0.00	0.00	0.00	0.00	0.00	0.00	0.00	0.00	1.00	0.00	0.00	0.00	0.00	0.00	0.00	0.00	0.00	0.00	0.00
388V 1.00	0.72	0.07	0.02	0.06	0.05	0.01	0.01	0.39	0.06	0.70	0.09	0.03	0.08	0.04	0.03	0.06	0.28	1.00	0.01	0.01
389L 1.00	0.00	0.00	0.00	0.00	0.09	0.00	0.00	0.02	0.00	1.00	0.04	0.00	0.00	0.00	0.00	0.00	0.00	0.01	0.00	0.00
390L 1.00	0.17	0.02	0.04	0.22	0.07	0.11	0.13	0.14	1.00	0.44	0.10	0.14	0.12	0.38	0.82	0.13	0.16	0.13	0.03	0.07
391N 0.97	0.02	0.00	1.00	0.63	0.00	0.05	0.02	0.00	0.03	0.00	0.00	0.52	0.02	0.02	0.01	0.36	0.02	0.00	0.00	0.01
392K 1.00	0.45	0.03	0.42	0.65	0.03	0.23	0.12	0.11	1.00	0.18	0.06	0.51	0.16	0.69	0.83	0.44	0.68	0.29	0.01	0.02
393F 0.97	0.19	0.05	0.05	0.06	0.47	0.08	0.10	0.88	0.07	0.76	0.17	0.07	0.05	0.07	0.08	0.09	0.12	1.00	0.04	0.43
394S 0.97	0.29	0.01	0.13	0.21	0.01	0.05	0.02	0.02	0.09	0.03	0.01	0.26	1.00	0.06	0.05	0.79	0.19	0.03	0.00	0.01
395W 1.00	1.00	0.09	0.18	0.33	0.05	0.55	0.05	0.06	0.15	0.11	0.05	0.15	0.23	0.11	0.10	0.55	0.30	0.16	0.70	0.06
396M 1.00	0.00	0.00	0.00	0.00	0.01	0.00	0.00	0.05	0.00	0.18	1.00	0.00	0.00	0.00	0.00	0.00	0.00	0.01	0.00	0.00
397S 1.00	0.08	0.01	0.11	0.04	0.01	0.10	0.03	0.01	0.07	0.02	0.01	0.19	0.29	0.04	0.08	1.00	0.14	0.02	0.00	0.02
398Y 1.00	0.00	0.00	0.00	0.00	0.25	0.00	0.00	0.00	0.00	0.03	0.00	0.00	0.00	0.00	0.00	0.00	0.00	0.00	0.01	1.00
399V 1.00	0.01	0.00	0.00	0.00	0.01	0.00	0.00	0.43	0.00	0.49	0.01	0.00	0.00	0.00	0.00	0.00	0.01	1.00	0.00	0.00
400S 1.00	0.33	0.25	0.04	0.03	0.01	0.27	0.01	0.01	0.04	0.03	0.01	0.04	0.08	0.02	0.02	1.00	0.07	0.05	0.00	0.01
pos	A	C	D	E	F	G	H	I	K	L	M	N	P	Q	R	S	T	V	W	Y
401M 1.00	0.01	0.00	0.00	0.00	0.01	0.00	0.00	1.00	0.00	0.06	0.26	0.00	0.00	0.00	0.00	0.00	0.00	0.03	0.00	0.00
402I 1.00	0.23	0.02	0.02	0.02	0.04	0.20	0.01	0.57	0.03	0.18	0.04	0.02	0.04	0.01	0.02	0.09	0.19	1.00	0.01	0.02
403A 1.00	1.00	0.43	0.01	0.01	0.01	0.07	0.00	0.01	0.01	0.02	0.01	0.01	0.03	0.01	0.01	0.07	0.03	0.03	0.00	0.00
404I 1.00	0.01	0.00	0.00	0.00	0.00	0.00	0.00	1.00	0.00	0.02	0.00	0.00	0.00	0.00	0.00	0.00	0.05	0.54	0.00	0.00
405F 1.00	0.02	0.00	0.00	0.00	1.00	0.00	0.00	0.42	0.01	0.55	0.05	0.00	0.01	0.01	0.01	0.00	0.01	0.05	0.01	0.02
406L 1.00	0.93	0.12	0.12	0.15	0.22	0.50	0.10	0.95	0.17	0.65	0.16	0.13	0.24	0.12	0.14	0.51	0.28	1.00	0.05	0.21
407F 1.00	0.00	0.00	0.00	0.00	1.00	0.00	0.00	0.01	0.00	0.01	0.00	0.00	0.00	0.00	0.00	0.00	0.00	0.01	0.01	0.66
408V 1.00	0.03	0.00	0.00	0.00	0.00	0.00	0.00	0.16	0.00	0.01	0.00	0.00	0.00	0.00	0.00	0.00	0.01	1.00	0.00	0.00
409S 1.00	1.00	0.06	0.02	0.04	0.03	0.08	0.01	0.57	0.05	0.18	0.05	0.03	0.08	0.03	0.03	0.31	0.19	0.57	0.01	0.01
410F 1.00	0.81	0.12	0.10	0.11	0.83	0.57	0.09	0.37	0.12	1.00	0.24	0.11	0.22	0.11	0.11	0.42	0.21	0.34	0.12	0.44
411F 1.00	0.06	0.03	0.06	0.04	1.00	0.11	0.50	0.06	0.05	0.15	0.03	0.06	0.05	0.03	0.05	0.04	0.04	0.05	0.02	0.04
412E 1.00	0.45	0.02	0.11	1.00	0.01	0.10	0.01	0.01	0.05	0.02	0.01	0.03	0.06	0.06	0.02	0.25	0.05	0.04	0.00	0.01
413I 1.00	0.00	0.00	0.00	0.00	0.01	0.00	0.00	1.00	0.00	0.30	0.01	0.00	0.00	0.00	0.00	0.00	0.00	0.37	0.00	0.00
414G 1.00	0.00	0.00	0.00	0.00	0.00	1.00	0.00	0.00	0.00	0.00	0.00	0.00	0.00	0.00	0.00	0.00	0.00	0.00	0.00	0.00
415P 1.00	0.00	0.00	0.00	0.00	0.00	0.00	0.00	0.00	0.00	0.00	0.00	0.00	1.00	0.00	0.00	0.00	0.00	0.00	0.00	0.00
416G 1.00	0.05	0.00	0.01	0.01	0.00	1.00	0.00	0.00	0.01	0.00	0.00	0.01	0.01	0.00	0.00	0.50	0.01	0.01	0.00	0.00
417P 1.00	0.00	0.00	0.00	0.00	0.00	0.00	0.00	0.00	0.00	0.00	0.00	0.00	1.00	0.00	0.00	0.00	0.00	0.00	0.00	0.00
418I 1.00	0.00	0.00	0.00	0.00	0.00	0.00	0.00	1.00	0.00	0.01	0.00	0.00	0.00	0.00	0.00	0.00	0.00	0.16	0.00	0.00
419P 1.00	0.00	0.00	0.00	0.00	0.00	0.00	0.00	0.00	0.00	0.00	0.00	0.00	1.00	0.00	0.00	0.00	0.00	0.00	0.00	0.00
420W 1.00	1.00	0.08	0.07	0.08	0.03	0.43	0.02	0.04	0.08	0.08	0.04	0.06	0.23	0.06	0.06	0.50	0.19	0.13	0.62	0.03
421F 1.00	0.01	0.00	0.00	0.00	1.00	0.00	0.00	0.06	0.00	0.51	0.04	0.00	0.01	0.01	0.00	0.00	0.01	0.21	0.01	0.02
422M 1.00	0.01	0.00	0.00	0.00	0.07	0.00	0.00	1.00	0.00	0.41	0.29	0.00	0.00	0.00	0.00	0.00	0.01	0.29	0.00	0.00
423V 1.00	0.02	0.00	0.00	0.00	0.01	0.00	0.00	0.34	0.01	0.06	0.01	0.00	0.00	0.00	0.14	0.00	0.02	1.00	0.00	0.01
424A 1.00	1.00	0.01	0.01	0.01	0.00	0.03	0.00	0.01	0.01	0.01	0.00	0.01	0.02	0.01	0.01	0.05	0.54	0.02	0.00	0.00
425E 1.00	0.01	0.00	0.01	1.00	0.00	0.03	0.00	0.00	0.01	0.00	0.00	0.00	0.00	0.01	0.00	0.01	0.00	0.00	0.00	0.00
pos	A	C	D	E	F	G	H	I	K	L	M	N	P	Q	R	S	T	V	W	Y
426F 1.00	0.01	0.00	0.00	0.00	0.28	0.00	0.00	0.58	0.00	1.00	0.03	0.00	0.00	0.00	0.00	0.00	0.01	0.13	0.00	0.01
427F 1.00	0.00	0.00	0.00	0.00	1.00	0.00	0.00	0.01	0.00	0.01	0.00	0.00	0.00	0.00	0.00	0.00	0.00	0.05	0.01	0.03
428S 1.00	1.00	0.10	0.13	0.11	0.05	0.56	0.03	0.07	0.12	0.21	0.06	0.13	0.25	0.08	0.09	0.62	0.26	0.18	0.02	0.04
429Q 1.00	0.00	0.00	0.00	0.00	0.00	0.00	0.00	0.00	0.00	0.00	0.00	0.00	0.00	1.00	0.00	0.00	0.00	0.00	0.00	0.00
430G 1.00	0.02	0.00	0.06	0.01	0.00	1.00	0.01	0.00	0.01	0.00	0.00	0.04	0.01	0.01	0.01	0.51	0.01	0.00	0.00	0.00
431P 1.00	0.03	0.00	0.01	0.00	0.00	0.02	0.00	0.00	0.00	0.00	0.00	0.01	1.00	0.00	0.00	0.51	0.01	0.01	0.00	0.00
432R 1.00	0.00	0.00	0.00	0.00	0.00	0.00	0.00	0.00	0.00	0.00	0.00	0.00	0.00	0.00	1.00	0.00	0.00	0.00	0.00	0.00
433P 1.00	0.02	0.00	0.01	0.01	0.00	0.01	0.00	0.00	0.01	0.00	0.00	0.01	1.00	0.01	0.10	0.08	0.09	0.01	0.00	0.00
434A 1.00	1.00	0.00	0.00	0.00	0.00	0.01	0.00	0.00	0.00	0.00	0.00	0.00	0.01	0.00	0.00	0.12	0.11	0.01	0.00	0.00
435A 1.00	1.00	0.00	0.00	0.00	0.00	0.00	0.00	0.00	0.00	0.00	0.00	0.00	0.00	0.00	0.00	0.00	0.00	0.00	0.00	0.00
436L 1.00	0.06	0.02	0.01	0.02	0.55	0.02	0.02	0.68	0.02	1.00	0.74	0.02	0.02	0.03	0.02	0.02	0.04	0.35	0.02	0.37
437A 1.00	1.00	0.04	0.03	0.03	0.02	0.14	0.01	0.07	0.04	0.08	0.32	0.03	0.08	0.03	0.03	0.17	0.17	0.17	0.01	0.01
438I 1.00	0.00	0.00	0.00	0.00	0.00	0.00	0.00	0.22	0.00	0.11	0.00	0.00	0.00	0.00	0.00	0.00	0.00	1.00	0.00	0.00
439A 1.00	1.00	0.02	0.18	0.03	0.01	0.28	0.01	0.01	0.02	0.02	0.01	0.04	0.04	0.02	0.02	0.10	0.03	0.03	0.00	0.01
440A 1.00	0.21	0.00	0.00	0.00	0.00	1.00	0.00	0.00	0.00	0.00	0.00	0.00	0.01	0.00	0.00	0.01	0.00	0.00	0.00	0.00
441F 1.00	0.90	0.25	0.18	0.20	0.51	0.38	0.25	0.34	0.23	0.45	0.16	0.27	0.27	0.20	0.21	0.90	1.00	0.58	0.09	0.44
442S 1.00	1.00	0.15	0.09	0.11	0.06	0.41	0.03	0.28	0.13	0.24	0.09	0.12	0.25	0.09	0.08	0.79	0.57	0.71	0.02	0.04
443N 1.00	0.01	0.00	0.05	0.01	0.00	0.04	0.47	0.00	0.02	0.00	0.00	1.00	0.01	0.01	0.01	0.03	0.01	0.00	0.00	0.01
444W 1.00	0.00	0.00	0.00	0.00	0.00	0.00	0.00	0.00	0.00	0.00	0.00	0.00	0.00	0.00	0.00	0.00	0.00	0.00	1.00	0.00
445T 1.00	0.48	0.09	0.03	0.07	0.07	0.02	0.02	0.48	0.07	0.52	0.12	0.04	0.10	0.06	0.04	0.10	0.53	1.00	0.01	0.02
446C 1.00	0.26	0.29	0.05	0.04	0.01	0.18	0.01	0.03	0.05	0.04	0.02	0.08	0.08	0.04	0.03	1.00	0.49	0.06	0.01	0.02
447N 1.00	0.00	0.00	0.00	0.00	0.00	0.00	0.00	0.00	0.00	0.00	0.00	1.00	0.00	0.00	0.00	0.00	0.00	0.00	0.00	0.00
448F 1.00	0.00	0.00	0.00	0.00	1.00	0.00	0.00	0.00	0.00	0.00	0.00	0.00	0.00	0.00	0.00	0.00	0.00	0.00	0.00	0.00
449I 1.00	0.10	0.01	0.00	0.01	0.01	0.00	0.00	1.00	0.01	0.42	0.02	0.00	0.01	0.01	0.00	0.01	0.27	0.21	0.00	0.00
450V 1.00	0.00	0.00	0.00	0.00	0.00	0.00	0.00	0.35	0.00	0.02	0.00	0.00	0.00	0.00	0.00	0.00	0.00	1.00	0.00	0.00
pos	A	C	D	E	F	G	H	I	K	L	M	N	P	Q	R	S	T	V	W	Y
451A 1.00	0.21	0.00	0.00	0.00	0.00	1.00	0.00	0.00	0.00	0.00	0.00	0.00	0.01	0.00	0.00	0.01	0.00	0.00	0.00	0.00
452L 1.00	0.01	0.00	0.00	0.00	0.14	0.00	0.00	0.03	0.00	1.00	0.62	0.00	0.00	0.00	0.00	0.00	0.00	0.02	0.00	0.00
453C 1.00	0.10	0.29	0.03	0.05	0.19	0.16	0.07	1.00	0.05	0.75	0.11	0.05	0.03	0.04	0.06	0.07	0.13	0.92	0.03	0.15
454F 1.00	0.00	0.00	0.00	0.00	1.00	0.00	0.00	0.00	0.00	0.00	0.00	0.00	0.00	0.00	0.00	0.00	0.00	0.00	0.00	0.00
455Q 1.00	0.21	0.02	0.13	0.17	0.02	0.19	0.04	0.03	0.15	0.07	0.02	0.08	1.00	0.81	0.12	0.13	0.08	0.06	0.02	0.03
456Y 1.00	0.03	0.02	0.01	0.01	0.84	0.01	0.00	0.06	0.00	0.15	0.03	0.00	0.01	0.00	0.00	0.30	0.02	0.06	0.14	1.00
457I 1.00	0.39	0.01	0.00	0.01	0.01	0.00	0.00	1.00	0.01	0.07	0.02	0.00	0.01	0.01	0.01	0.01	0.04	0.54	0.00	0.01
458A 1.00	0.72	0.01	0.43	1.00	0.02	0.10	0.04	0.03	0.20	0.05	0.02	0.08	0.12	0.53	0.08	0.14	0.13	0.07	0.01	0.02
459D 1.00	0.60	0.18	0.34	0.42	0.71	0.37	0.56	0.41	0.40	0.67	0.24	0.36	0.23	0.39	0.40	0.48	0.45	0.56	0.18	1.00
460F 1.00	0.54	0.16	0.18	0.24	0.78	0.34	0.47	0.39	0.26	0.72	0.22	0.27	0.20	0.26	0.31	0.39	0.36	0.47	0.19	1.00
461C 1.00	0.03	0.37	0.00	0.01	0.08	0.01	0.01	0.29	0.01	1.00	0.21	0.01	0.01	0.02	0.01	0.01	0.02	0.09	0.01	0.01
462G 1.00	0.00	0.00	0.00	0.00	0.00	1.00	0.00	0.00	0.00	0.00	0.00	0.00	0.00	0.00	0.00	0.00	0.00	0.00	0.00	0.00
463P 1.00	0.77	0.01	0.01	0.01	0.00	0.04	0.00	0.00	0.01	0.01	0.00	0.01	1.00	0.01	0.01	0.09	0.02	0.01	0.00	0.00
464Y 1.00	0.00	0.00	0.00	0.00	0.00	0.00	0.00	0.00	0.00	0.00	0.00	0.00	0.00	0.00	0.00	0.00	0.00	0.00	0.00	1.00
465V 1.00	0.31	0.04	0.03	0.04	0.02	0.13	0.01	0.11	0.04	0.09	0.03	0.04	0.08	0.03	0.03	0.57	0.18	1.00	0.01	0.02
466F 1.00	0.00	0.00	0.00	0.00	1.00	0.00	0.00	0.00	0.00	0.00	0.00	0.00	0.00	0.00	0.00	0.00	0.00	0.00	0.00	0.00
467F 1.00	0.01	0.00	0.00	0.00	0.27	0.00	0.00	1.00	0.00	0.34	0.01	0.00	0.00	0.00	0.00	0.00	0.01	0.32	0.00	0.00
468L 1.00	0.00	0.00	0.00	0.00	0.01	0.00	0.00	1.00	0.00	0.46	0.01	0.00	0.00	0.00	0.00	0.00	0.00	0.40	0.00	0.00
469F 1.00	0.00	0.00	0.00	0.00	1.00	0.00	0.00	0.01	0.00	0.06	0.00	0.00	0.00	0.00	0.00	0.00	0.00	0.00	0.00	0.02
470A 0.97	1.00	0.01	0.01	0.01	0.01	0.03	0.00	0.02	0.01	0.07	0.01	0.01	0.02	0.01	0.01	0.04	0.43	0.05	0.00	0.00
471G 0.97	0.96	0.10	0.09	0.10	0.11	0.55	0.03	0.86	0.12	0.40	0.10	0.09	0.23	0.08	0.09	0.52	0.29	1.00	0.02	0.08
472V 1.00	0.02	0.01	0.00	0.01	0.53	0.01	0.00	0.95	0.01	1.00	0.05	0.01	0.01	0.01	0.01	0.01	0.02	0.62	0.01	0.01
473L 1.00	0.09	0.40	0.01	0.01	0.06	0.01	0.01	0.19	0.02	1.00	0.08	0.01	0.02	0.02	0.01	0.02	0.06	0.36	0.01	0.01
474L 1.00	0.01	0.00	0.00	0.00	0.14	0.00	0.00	0.40	0.01	1.00	0.04	0.00	0.00	0.01	0.01	0.00	0.01	0.51	0.08	0.01
475A 1.00	0.34	0.09	0.11	0.15	0.42	0.29	0.27	0.48	0.16	1.00	0.13	0.16	0.11	0.15	0.18	0.27	0.29	0.61	0.09	0.50
pos	A	C	D	E	F	G	H	I	K	L	M	N	P	Q	R	S	T	V	W	Y
476F 1.00	0.02	0.01	0.00	0.01	1.00	0.01	0.00	0.04	0.00	0.10	0.02	0.00	0.01	0.00	0.00	0.02	0.35	0.04	0.13	0.33
477T 1.00	0.60	0.15	0.17	0.22	0.88	0.28	0.41	0.48	0.24	1.00	0.26	0.25	0.23	0.24	0.28	0.39	0.66	0.57	0.19	0.79
478L 1.00	0.18	0.00	0.00	0.00	0.01	0.00	0.00	1.00	0.00	0.38	0.01	0.00	0.00	0.00	0.00	0.00	0.02	0.32	0.00	0.00
479F 1.00	0.00	0.00	0.00	0.00	1.00	0.00	0.00	0.00	0.00	0.01	0.00	0.00	0.00	0.00	0.00	0.00	0.00	0.00	0.01	0.51
480T 1.00	0.36	0.11	0.02	0.04	0.03	0.03	0.01	0.65	0.05	0.18	0.06	0.04	0.07	0.04	0.03	0.14	1.00	0.54	0.01	0.01
481F 1.00	0.00	0.00	0.00	0.00	1.00	0.00	0.00	0.01	0.00	0.02	0.00	0.00	0.00	0.00	0.00	0.04	0.00	0.01	0.01	0.57
482F 1.00	0.03	0.01	0.00	0.01	0.91	0.01	0.01	0.14	0.01	1.00	0.20	0.01	0.01	0.01	0.01	0.01	0.02	0.28	0.01	0.01
483K 1.00	0.22	0.03	0.03	0.16	0.06	0.08	0.10	0.51	1.00	0.29	0.08	0.11	0.10	0.26	0.64	0.11	0.20	0.64	0.02	0.06
484V 1.00	0.00	0.00	0.00	0.00	0.06	0.00	0.00	0.27	0.00	0.02	0.00	0.00	0.00	0.00	0.00	0.00	0.00	1.00	0.00	0.00
485P 1.00	0.01	0.00	0.01	0.01	0.00	0.01	0.00	0.00	0.01	0.00	0.00	0.00	1.00	0.05	0.01	0.01	0.00	0.00	0.00	0.00
486E 1.00	0.01	0.00	0.01	1.00	0.00	0.00	0.00	0.00	0.05	0.00	0.00	0.00	0.00	0.01	0.00	0.00	0.00	0.00	0.00	0.00
487T 1.00	0.01	0.00	0.00	0.00	0.00	0.01	0.00	0.00	0.00	0.00	0.00	0.01	0.05	0.00	0.00	0.03	1.00	0.01	0.00	0.00
488K 1.00	0.00	0.00	0.00	0.01	0.00	0.00	0.00	0.00	1.00	0.00	0.00	0.00	0.00	0.01	0.34	0.00	0.00	0.00	0.00	0.00
489G 1.00	0.11	0.00	0.01	0.06	0.00	1.00	0.00	0.00	0.00	0.00	0.00	0.01	0.01	0.00	0.00	0.09	0.01	0.01	0.00	0.00
490K 1.00	0.01	0.00	0.00	0.01	0.00	0.01	0.01	0.00	0.69	0.01	0.00	0.09	0.01	0.02	1.00	0.01	0.01	0.00	0.00	0.00
491S 1.00	0.01	0.00	0.01	0.00	0.00	0.00	0.00	0.00	0.01	0.00	0.00	0.01	0.06	0.00	0.00	0.23	1.00	0.01	0.00	0.00
492F 1.00	0.00	0.00	0.00	0.00	1.00	0.00	0.00	0.01	0.00	0.06	0.00	0.00	0.00	0.00	0.00	0.00	0.00	0.00	0.00	0.02
493E 1.00	0.29	0.02	0.52	1.00	0.04	0.10	0.06	0.20	0.27	0.14	0.04	0.12	0.13	0.27	0.12	0.16	0.17	0.29	0.01	0.04
494E 1.00	0.01	0.00	0.24	1.00	0.00	0.00	0.00	0.00	0.07	0.00	0.00	0.00	0.01	0.14	0.00	0.01	0.00	0.00	0.00	0.00
495I 1.00	0.01	0.00	0.00	0.00	0.00	0.01	0.00	1.00	0.00	0.01	0.00	0.00	0.00	0.00	0.00	0.06	0.01	0.02	0.00	0.00
496A 1.00	0.35	0.05	0.15	0.16	0.03	0.10	0.04	0.09	0.18	0.09	0.04	0.27	0.13	0.14	0.11	0.77	1.00	0.13	0.02	0.03
497A 1.00	0.86	0.22	0.25	0.36	0.68	0.37	0.58	0.40	0.49	0.66	0.23	0.36	0.24	0.59	0.85	0.60	0.45	0.51	0.18	1.00
498E 1.00	0.99	0.06	0.57	1.00	0.08	0.49	0.13	0.40	0.85	0.30	0.11	0.46	0.27	0.54	0.51	0.74	0.57	0.30	0.02	0.08
499F 1.00	0.01	0.00	0.00	0.00	1.00	0.00	0.00	0.00	0.00	0.01	0.00	0.00	0.00	0.00	0.00	0.05	0.00	0.00	0.01	0.03
500Q 0.78	0.74	0.05	0.53	1.00	0.07	0.33	0.16	0.21	0.85	0.28	0.10	0.43	0.24	0.57	0.61	0.63	0.57	0.26	0.02	0.08
pos	A	C	D	E	F	G	H	I	K	L	M	N	P	Q	R	S	T	V	W	Y
501K 0.97	0.12	0.01	0.07	0.20	0.02	0.26	0.05	0.04	1.00	0.07	0.08	0.09	0.06	0.15	0.82	0.11	0.13	0.09	0.01	0.02
502K 0.97	0.07	0.01	0.02	0.10	0.02	0.05	0.06	0.03	1.00	0.07	0.18	0.07	0.06	0.78	0.71	0.06	0.25	0.04	0.01	0.03
503S 0.97	0.86	0.06	0.64	1.00	0.06	0.48	0.13	0.20	0.94	0.31	0.11	0.59	0.32	0.59	0.53	0.86	0.68	0.33	0.02	0.05
504G 0.92	0.74	0.06	0.59	0.98	0.08	0.73	0.22	0.19	1.00	0.36	0.11	0.47	0.32	0.58	0.50	0.79	0.55	0.33	0.02	0.08
505S 0.89	0.78	0.05	0.62	1.00	0.05	0.40	0.12	0.19	0.92	0.32	0.11	0.49	0.28	0.60	0.52	0.76	0.58	0.30	0.02	0.04
506A 0.89	1.00	0.06	0.43	0.61	0.09	0.36	0.12	0.15	0.57	0.43	0.09	0.32	0.21	0.37	0.40	0.88	0.39	0.30	0.03	0.11
507H 0.86	0.61	0.04	0.62	1.00	0.04	0.36	0.24	0.15	0.83	0.24	0.08	0.45	0.32	0.66	0.42	0.63	0.46	0.27	0.01	0.03
508R 0.86	0.77	0.07	0.62	1.00	0.11	0.40	0.17	0.22	0.97	0.35	0.12	0.51	0.30	0.62	0.59	0.76	0.59	0.33	0.03	0.13
509P 0.78	0.64	0.04	0.68	1.00	0.05	0.34	0.14	0.16	0.83	0.25	0.09	0.41	0.33	0.54	0.52	0.64	0.47	0.24	0.02	0.10
510K 0.78	0.13	0.01	0.10	0.15	0.01	0.20	0.03	0.02	1.00	0.03	0.01	0.10	0.18	0.08	0.11	0.15	0.06	0.03	0.01	0.02
511A 0.78	1.00	0.02	0.22	0.79	0.02	0.14	0.04	0.06	0.52	0.10	0.04	0.17	0.83	0.20	0.17	0.48	0.81	0.10	0.01	0.02
512A 0.78	0.76	0.05	0.54	1.00	0.05	0.42	0.11	0.23	0.93	0.26	0.16	0.43	0.49	0.51	0.46	0.77	0.58	0.25	0.02	0.04
513V 0.78	0.57	0.10	0.20	0.35	0.12	0.13	0.09	0.59	0.31	0.46	0.14	0.18	0.16	0.21	0.19	0.27	0.43	1.00	0.03	0.11
514E 0.78	0.01	0.00	0.03	1.00	0.00	0.00	0.00	0.00	0.10	0.00	0.00	0.00	0.01	0.13	0.01	0.01	0.00	0.00	0.00	0.00
515M 0.70	0.01	0.00	0.00	0.00	0.07	0.00	0.00	0.03	0.00	1.00	0.42	0.00	0.00	0.00	0.00	0.00	0.00	0.02	0.00	0.00
516K 0.68	0.20	0.02	0.47	1.00	0.03	0.26	0.42	0.04	0.75	0.09	0.03	0.67	0.13	0.27	0.34	0.24	0.16	0.06	0.02	0.06
517F 0.57	0.58	0.18	0.38	0.52	0.70	0.40	0.56	0.40	0.38	0.66	0.23	0.41	0.25	0.37	0.38	0.49	0.44	0.52	0.19	1.00
518L 0.57	0.01	0.00	0.00	0.00	0.01	0.00	0.00	0.16	0.00	1.00	0.02	0.00	0.00	0.00	0.00	0.00	0.00	0.02	0.00	0.00
519G 0.51	0.36	0.02	0.08	0.11	0.02	1.00	0.04	0.03	0.24	0.06	0.02	0.09	0.08	0.28	0.33	0.16	0.09	0.06	0.01	0.03
520A 0.51	1.00	0.07	0.06	0.07	0.03	0.47	0.01	0.03	0.07	0.07	0.03	0.05	0.41	0.05	0.05	0.47	0.13	0.11	0.01	0.02
521T 0.51	0.34	0.05	1.00	0.29	0.04	0.36	0.07	0.14	0.27	0.11	0.05	0.32	0.15	0.19	0.16	0.84	0.91	0.13	0.02	0.05
522E 0.51	0.11	0.01	0.20	1.00	0.01	0.06	0.03	0.02	0.24	0.03	0.01	0.07	0.06	0.11	0.07	0.43	0.07	0.03	0.00	0.01
523T 0.41	0.29	0.05	0.26	0.21	0.03	0.17	0.06	0.08	0.24	0.10	0.04	0.39	0.14	0.30	0.14	0.78	1.00	0.13	0.02	0.04
524V 0.30	0.00	0.00	0.00	0.00	0.00	0.00	0.00	0.00	0.00	0.00	0.00	0.00	0.00	0.00	0.00	0.00	0.00	1.00	0.00	0.00
