Each row corresponds to a position in the reference protein.  Below each position is the fraction of sequences that contain one of the basic amino acids.  A low fraction indicates the position is either severely gapped or unalignable and has little information.  Expect poor prediction at these positions.
Each column corresponds to one of the twenty amino acids. 
Each entry contains the score at a particular position (row) for an amino acid substitution (column).  Substitutions predicted to be intolerant are highlighted in red.




pos	A	C	D	E	F	G	H	I	K	L	M	N	P	Q	R	S	T	V	W	Y
1M 0.04	0.00	0.00	0.00	0.00	0.00	0.00	0.00	0.00	0.00	0.00	1.00	0.00	0.00	0.00	0.00	0.00	0.00	0.00	0.00	0.00
2Q 0.04	0.00	0.00	0.00	0.00	0.00	0.00	0.00	0.00	0.00	0.00	0.00	0.00	0.00	1.00	0.00	0.00	0.00	0.00	0.00	0.00
3E 0.04	0.00	0.00	0.00	1.00	0.00	0.00	0.00	0.00	0.00	0.00	0.00	0.00	0.00	0.00	0.00	0.00	0.00	0.00	0.00	0.00
4P 0.04	0.00	0.00	0.00	0.00	0.00	0.00	0.00	0.00	0.00	0.00	0.00	0.00	1.00	0.00	0.00	0.00	0.00	0.00	0.00	0.00
5L 0.04	0.00	0.00	0.00	0.00	0.00	0.00	0.00	0.00	0.00	1.00	0.00	0.00	0.00	0.00	0.00	0.00	0.00	0.00	0.00	0.00
6L 0.04	0.00	0.00	0.00	0.00	0.00	0.00	0.00	0.00	0.00	1.00	0.00	0.00	0.00	0.00	0.00	0.00	0.00	0.00	0.00	0.00
7G 0.04	0.00	0.00	0.00	0.00	0.00	1.00	0.00	0.00	0.00	0.00	0.00	0.00	0.00	0.00	0.00	0.00	0.00	0.00	0.00	0.00
8A 0.04	1.00	0.00	0.00	0.00	0.00	0.00	0.00	0.00	0.00	0.00	0.00	0.00	0.00	0.00	0.00	0.00	0.00	0.00	0.00	0.00
9E 0.08	0.00	0.00	0.00	1.00	0.00	0.00	0.00	0.00	0.00	0.00	0.00	0.00	0.00	0.00	0.00	0.00	0.00	0.00	0.00	0.00
10G 0.08	0.11	0.02	0.58	0.12	0.01	1.00	0.05	0.01	0.09	0.02	0.01	0.28	0.06	0.06	0.05	0.16	0.07	0.02	0.01	0.03
11P 0.08	0.00	0.00	0.00	0.00	0.00	0.00	0.00	0.00	0.00	0.00	0.00	0.00	1.00	0.00	0.00	0.00	0.00	0.00	0.00	0.00
12D 0.12	0.10	0.00	1.00	0.84	0.01	0.04	0.02	0.01	0.10	0.02	0.01	0.05	0.06	0.42	0.03	0.06	0.05	0.02	0.00	0.01
13Y 0.08	0.00	0.00	0.00	0.00	0.00	0.00	0.00	0.00	0.00	0.00	0.00	0.00	0.00	0.00	0.00	0.00	0.00	0.00	0.00	1.00
14D 0.23	0.02	0.00	1.00	0.30	0.00	0.01	0.01	0.00	0.02	0.01	0.00	0.02	0.01	0.03	0.01	0.02	0.01	0.01	0.00	0.00
15T 0.23	0.04	0.01	0.03	0.02	0.00	0.03	0.01	0.01	0.02	0.01	0.01	0.27	0.02	0.02	0.01	0.11	1.00	0.02	0.00	0.01
16F 0.23	0.68	0.18	0.56	0.95	0.71	0.42	0.59	0.42	0.61	0.71	0.24	0.43	0.30	0.52	0.53	0.53	0.50	0.55	0.19	1.00
17P 0.31	0.66	0.08	0.62	0.66	0.06	0.34	0.08	0.18	0.24	0.20	0.07	0.23	1.00	0.22	0.12	0.41	0.34	0.57	0.02	0.07
18E 0.31	0.63	0.05	0.56	1.00	0.06	0.36	0.12	0.16	0.76	0.28	0.09	0.41	0.24	0.52	0.43	0.63	0.47	0.24	0.02	0.06
19K 0.35	0.70	0.18	0.36	0.60	0.70	0.43	0.57	0.43	0.73	0.75	0.25	0.44	0.28	0.48	0.61	0.59	0.58	0.57	0.18	1.00
20P 0.35	0.20	0.03	0.08	0.08	0.02	0.08	0.03	0.05	0.13	0.06	0.03	0.13	1.00	0.08	0.29	0.70	0.93	0.08	0.01	0.02
21P 0.35	0.78	0.20	0.32	0.50	0.69	0.44	0.56	0.51	0.64	0.79	0.26	0.39	0.44	0.50	0.60	0.55	0.57	0.77	0.18	1.00
22P 0.35	0.16	0.02	0.06	0.06	0.01	0.25	0.02	0.01	0.28	0.03	0.01	0.07	1.00	0.05	0.08	0.10	0.05	0.03	0.00	0.01
23S 0.31	0.90	0.07	0.07	0.08	0.03	0.52	0.02	0.03	0.08	0.07	0.03	0.06	0.30	0.05	0.06	1.00	0.14	0.12	0.01	0.02
24P 0.31	0.15	0.01	0.27	0.45	0.01	0.08	0.03	0.04	0.16	0.05	0.02	0.12	1.00	0.12	0.08	0.40	0.46	0.06	0.01	0.02
25G 0.31	0.35	0.02	0.02	0.02	0.01	1.00	0.01	0.01	0.02	0.02	0.01	0.02	0.05	0.02	0.02	0.11	0.25	0.03	0.00	0.01
pos	A	C	D	E	F	G	H	I	K	L	M	N	P	Q	R	S	T	V	W	Y
26D 0.31	0.77	0.06	0.66	1.00	0.06	0.40	0.13	0.19	0.91	0.31	0.11	0.49	0.30	0.60	0.52	0.73	0.58	0.29	0.02	0.06
27R 0.35	0.06	0.00	0.04	0.27	0.01	0.04	0.03	0.02	0.70	0.04	0.01	0.05	0.03	0.09	1.00	0.22	0.05	0.03	0.01	0.01
28A 0.35	1.00	0.03	0.03	0.03	0.02	0.28	0.01	0.02	0.04	0.17	0.02	0.02	0.08	0.03	0.03	0.17	0.06	0.06	0.01	0.01
29R 0.35	0.39	0.08	0.31	0.37	0.26	0.35	0.31	0.19	1.00	0.35	0.12	0.47	0.24	0.43	0.91	0.39	0.35	0.25	0.08	0.37
30V 0.27	0.55	0.18	0.22	0.30	0.76	0.36	0.54	0.68	0.34	0.94	0.28	0.32	0.22	0.32	0.39	0.42	0.42	0.78	0.19	1.00
31G 0.27	0.70	0.09	0.31	0.19	0.12	1.00	0.13	0.10	0.24	0.17	0.07	0.37	0.23	0.16	0.18	0.66	0.67	0.19	0.19	0.16
32T 0.23	0.33	0.07	0.11	0.10	0.53	0.13	0.06	0.24	0.13	0.42	0.11	0.16	0.13	0.09	0.10	0.53	1.00	0.31	0.10	0.38
33L 0.23	1.00	0.12	0.59	0.92	0.25	0.52	0.26	0.33	0.97	0.60	0.19	0.52	0.37	0.60	0.65	0.93	0.82	0.47	0.07	0.29
34Q 0.19	0.03	0.00	0.02	0.05	0.01	0.02	0.02	0.01	0.18	0.03	0.01	0.03	0.02	1.00	0.39	0.03	0.03	0.02	0.00	0.01
35N 0.08	0.15	0.03	0.47	0.16	0.03	0.54	0.10	0.02	0.16	0.03	0.01	1.00	0.09	0.10	0.09	0.29	0.12	0.03	0.01	0.06
36K 0.15	0.03	0.00	0.01	0.04	0.01	0.02	0.03	0.01	0.95	0.03	0.01	0.03	0.02	0.07	1.00	0.03	0.03	0.02	0.00	0.01
37R 0.19	0.00	0.00	0.00	0.00	0.00	0.00	0.00	0.00	0.00	0.00	0.00	0.00	0.00	0.00	1.00	0.00	0.00	0.00	0.00	0.00
38V 0.19	0.00	0.00	0.00	0.00	0.00	0.00	0.00	0.00	0.00	0.00	0.00	0.00	0.00	0.00	0.00	0.00	0.00	1.00	0.00	0.00
39F 0.35	0.03	0.01	0.00	0.01	1.00	0.01	0.01	0.13	0.01	0.47	0.06	0.01	0.01	0.01	0.01	0.01	0.02	0.28	0.01	0.04
40L 1.00	0.00	0.00	0.00	0.00	0.01	0.00	0.00	0.04	0.00	1.00	0.01	0.00	0.00	0.00	0.00	0.00	0.00	0.01	0.00	0.00
41A 1.00	1.00	0.00	0.00	0.00	0.00	0.00	0.00	0.00	0.00	0.00	0.00	0.00	0.00	0.00	0.00	0.00	0.00	0.00	0.00	0.00
42T 1.00	1.00	0.01	0.01	0.01	0.00	0.02	0.00	0.01	0.01	0.01	0.00	0.01	0.01	0.01	0.01	0.14	0.35	0.01	0.00	0.00
43F 1.00	0.03	0.01	0.00	0.01	0.68	0.01	0.01	0.18	0.01	1.00	0.09	0.01	0.01	0.01	0.01	0.01	0.02	0.08	0.01	0.02
44A 1.00	1.00	0.01	0.01	0.01	0.00	0.04	0.00	0.00	0.01	0.01	0.00	0.01	0.02	0.00	0.01	0.72	0.02	0.01	0.00	0.00
45A 1.00	0.70	0.03	0.01	0.02	0.01	0.04	0.01	0.11	0.02	0.08	0.03	0.01	0.04	0.02	0.01	0.06	0.08	1.00	0.00	0.01
46V 1.00	0.80	0.05	0.04	0.05	0.02	0.25	0.01	0.06	0.05	0.07	0.03	0.04	0.12	0.04	0.04	1.00	0.16	0.36	0.01	0.02
47L 1.00	0.01	0.00	0.00	0.00	0.01	0.00	0.00	0.02	0.00	1.00	0.12	0.00	0.00	0.00	0.00	0.00	0.00	0.10	0.00	0.00
48G 1.00	0.17	0.10	0.01	0.01	0.00	1.00	0.00	0.00	0.01	0.01	0.00	0.01	0.02	0.01	0.01	0.05	0.02	0.02	0.00	0.00
49N 1.00	0.18	0.03	0.24	0.09	0.02	0.21	0.05	0.02	0.09	0.03	0.01	0.47	0.35	0.06	0.05	1.00	0.28	0.05	0.01	0.03
50F 1.00	0.01	0.00	0.00	0.00	0.24	0.00	0.00	0.05	0.00	1.00	0.29	0.00	0.00	0.00	0.00	0.00	0.01	0.03	0.00	0.00
pos	A	C	D	E	F	G	H	I	K	L	M	N	P	Q	R	S	T	V	W	Y
51S 1.00	0.58	0.10	0.14	0.13	0.09	0.19	0.06	0.35	0.17	0.30	0.12	0.24	0.19	0.12	0.11	0.88	1.00	0.75	0.03	0.08
52F 1.00	0.05	0.01	0.01	0.01	0.44	0.01	0.00	0.57	0.01	0.27	0.05	0.01	0.01	0.01	0.01	0.02	0.05	1.00	0.01	0.04
53G 1.00	0.00	0.00	0.00	0.00	0.00	1.00	0.00	0.00	0.00	0.00	0.00	0.00	0.00	0.00	0.00	0.00	0.00	0.00	0.00	0.00
54Y 1.00	0.00	0.00	0.00	0.00	1.00	0.00	0.00	0.01	0.00	0.01	0.00	0.00	0.00	0.00	0.00	0.00	0.00	0.01	0.01	0.32
55A 1.00	1.00	0.02	0.01	0.02	0.01	0.08	0.00	0.03	0.02	0.03	0.01	0.01	0.04	0.01	0.01	0.50	0.05	0.53	0.00	0.01
56L 1.00	0.57	0.07	0.10	0.09	0.22	0.29	0.04	0.36	0.12	1.00	0.23	0.12	0.18	0.09	0.09	0.45	0.38	0.31	0.04	0.08
57V 1.00	1.00	0.02	0.01	0.02	0.01	0.66	0.00	0.01	0.02	0.02	0.01	0.01	0.05	0.01	0.01	0.21	0.03	0.31	0.00	0.01
58Y 1.00	0.00	0.00	0.00	0.00	0.00	0.00	0.00	0.00	0.00	0.00	0.00	0.00	0.00	0.00	0.00	0.00	0.00	0.00	0.00	1.00
59T 1.00	0.01	0.00	0.01	0.00	0.00	0.00	0.00	0.00	0.00	0.00	0.00	0.01	0.01	0.00	0.00	0.34	1.00	0.01	0.00	0.00
60S 1.00	0.00	0.00	0.00	0.00	0.00	0.00	0.00	0.00	0.00	0.00	0.00	0.00	0.00	0.00	0.00	1.00	0.00	0.00	0.00	0.00
61P 1.00	0.00	0.00	0.00	0.00	0.00	0.00	0.00	0.00	0.00	0.00	0.00	0.00	1.00	0.00	0.00	0.00	0.00	0.00	0.00	0.00
62V 1.00	1.00	0.01	0.00	0.01	0.00	0.02	0.00	0.02	0.01	0.02	0.00	0.00	0.01	0.00	0.00	0.02	0.02	0.22	0.00	0.00
63I 1.00	0.01	0.00	0.00	0.00	0.02	0.00	0.00	0.84	0.00	1.00	0.02	0.00	0.00	0.00	0.00	0.00	0.01	0.28	0.00	0.01
64P 1.00	0.32	0.07	0.02	0.05	0.09	0.01	0.02	0.60	0.05	0.57	0.13	0.03	0.16	0.04	0.03	0.05	0.23	1.00	0.01	0.02
65A 1.00	0.24	0.00	0.01	0.00	0.00	0.01	0.00	0.00	0.01	0.00	0.00	0.01	0.01	0.00	0.00	1.00	0.19	0.01	0.00	0.00
66L 1.00	0.01	0.00	0.00	0.00	0.02	0.00	0.00	0.04	0.00	0.77	1.00	0.00	0.00	0.00	0.00	0.00	0.00	0.02	0.00	0.00
67E 1.00	0.73	0.05	0.61	1.00	0.05	0.37	0.12	0.18	0.91	0.29	0.10	0.49	0.27	0.59	0.54	0.72	0.59	0.28	0.02	0.04
68R 0.96	0.29	0.05	0.95	0.47	0.06	0.60	0.21	0.08	0.52	0.12	0.04	1.00	0.19	0.30	0.44	0.55	0.30	0.10	0.03	0.12
69S 0.96	0.59	0.06	0.39	0.48	0.05	0.30	0.09	0.13	0.48	0.18	0.07	0.43	0.21	0.31	0.41	0.90	1.00	0.20	0.02	0.05
70L 0.96	0.59	0.10	0.18	0.16	0.09	0.22	0.07	0.27	0.20	0.33	0.10	0.25	0.20	0.14	0.14	0.78	1.00	0.49	0.03	0.08
71D 0.96	0.53	0.11	0.14	0.22	0.24	0.11	0.11	0.68	0.21	0.94	0.24	0.14	0.16	0.16	0.15	0.27	0.47	1.00	0.05	0.18
72P 0.96	0.96	0.11	0.14	0.14	0.05	0.44	0.04	0.14	0.16	0.16	0.07	0.19	0.34	0.11	0.11	0.93	1.00	0.32	0.02	0.04
73D 0.96	0.52	0.02	0.37	0.06	0.01	0.06	0.02	0.02	0.06	0.03	0.01	0.15	0.04	0.04	0.03	1.00	0.38	0.04	0.01	0.01
74L 0.96	0.06	0.02	0.01	0.02	0.44	0.01	0.01	0.29	0.02	1.00	0.18	0.01	0.09	0.03	0.02	0.02	0.04	0.16	0.02	0.04
75H 0.96	0.29	0.02	0.30	1.00	0.03	0.15	0.39	0.08	0.43	0.12	0.04	0.19	0.11	0.24	0.49	0.27	0.25	0.18	0.01	0.04
pos	A	C	D	E	F	G	H	I	K	L	M	N	P	Q	R	S	T	V	W	Y
76L 1.00	0.01	0.00	0.00	0.00	0.01	0.00	0.00	0.27	0.00	0.76	0.02	0.00	0.00	0.00	0.00	0.00	0.01	1.00	0.00	0.00
77T 1.00	0.16	0.03	0.34	0.09	0.02	0.30	0.05	0.03	0.09	0.03	0.02	0.29	0.08	0.06	0.05	0.37	1.00	0.05	0.01	0.03
78K 1.00	0.55	0.04	0.73	1.00	0.04	0.27	0.09	0.13	0.92	0.21	0.12	0.35	0.31	0.51	0.37	0.51	0.42	0.20	0.01	0.03
79S 1.00	0.46	0.02	1.00	0.71	0.02	0.17	0.05	0.08	0.40	0.13	0.05	0.37	0.12	0.83	0.22	0.70	0.38	0.12	0.01	0.02
80Q 1.00	1.00	0.02	0.38	0.75	0.02	0.15	0.05	0.07	0.35	0.11	0.11	0.18	0.12	0.46	0.18	0.36	0.21	0.11	0.01	0.02
81A 1.00	1.00	0.02	0.01	0.01	0.01	0.42	0.00	0.11	0.02	0.02	0.01	0.01	0.04	0.01	0.01	0.08	0.03	0.03	0.00	0.00
82S 1.00	0.02	0.00	0.01	0.01	0.00	0.01	0.00	0.01	0.01	0.01	0.07	0.01	0.01	0.01	0.01	1.00	0.17	0.01	0.00	0.00
83W 1.00	0.00	0.00	0.00	0.00	0.00	0.00	0.00	0.00	0.00	0.00	0.00	0.00	0.00	0.00	0.00	0.00	0.00	0.00	1.00	0.00
84F 1.00	0.05	0.01	0.01	0.01	0.44	0.01	0.00	0.57	0.01	0.27	0.05	0.01	0.01	0.01	0.01	0.02	0.05	1.00	0.01	0.04
85G 1.00	0.00	0.00	0.00	0.00	0.00	1.00	0.00	0.00	0.00	0.00	0.00	0.00	0.00	0.00	0.00	0.00	0.00	0.00	0.00	0.00
86S 1.00	0.53	0.01	0.01	0.01	0.00	1.00	0.00	0.00	0.01	0.01	0.00	0.01	0.03	0.01	0.01	0.44	0.02	0.02	0.00	0.00
87V 1.00	0.00	0.00	0.00	0.00	0.01	0.00	0.00	1.00	0.00	0.16	0.01	0.00	0.00	0.00	0.00	0.00	0.01	0.63	0.00	0.00
88F 1.00	0.03	0.01	0.00	0.01	0.32	0.00	0.00	0.10	0.01	0.22	1.00	0.00	0.01	0.01	0.01	0.01	0.02	0.47	0.01	0.03
89T 1.00	0.10	0.02	0.03	0.02	0.01	0.05	0.01	0.02	0.03	0.02	0.01	0.04	1.00	0.02	0.02	0.16	0.83	0.04	0.00	0.01
90L 1.00	0.00	0.00	0.00	0.00	0.00	0.00	0.00	0.00	0.00	1.00	0.00	0.00	0.00	0.00	0.00	0.00	0.00	0.00	0.00	0.00
91G 1.00	1.00	0.01	0.01	0.01	0.00	0.73	0.00	0.00	0.01	0.01	0.01	0.01	0.03	0.01	0.01	0.16	0.02	0.02	0.00	0.00
92A 1.00	1.00	0.01	0.01	0.01	0.00	0.55	0.00	0.00	0.01	0.01	0.00	0.01	0.02	0.01	0.01	0.04	0.01	0.01	0.00	0.00
93A 1.00	0.51	0.03	0.02	0.03	0.11	0.09	0.01	0.21	0.03	1.00	0.13	0.02	0.06	0.03	0.03	0.09	0.07	0.18	0.02	0.02
94A 1.00	1.00	0.01	0.00	0.01	0.01	0.00	0.00	0.16	0.01	0.10	0.02	0.01	0.01	0.01	0.01	0.01	0.05	0.32	0.00	0.00
95G 1.00	0.00	0.00	0.00	0.00	0.00	1.00	0.00	0.00	0.00	0.00	0.00	0.00	0.00	0.00	0.00	0.00	0.00	0.00	0.00	0.00
96G 1.00	0.00	0.00	0.00	0.00	0.00	1.00	0.00	0.00	0.00	0.00	0.00	0.00	0.00	0.00	0.00	0.00	0.00	0.00	0.00	0.00
97L 1.00	0.00	0.00	0.00	0.00	0.01	0.00	0.00	1.00	0.00	0.27	0.01	0.00	0.00	0.00	0.00	0.00	0.01	0.37	0.00	0.00
98S 1.00	0.51	0.09	0.03	0.08	0.06	0.02	0.03	0.49	0.08	0.41	0.10	0.05	0.10	0.06	0.05	0.15	0.38	1.00	0.01	0.03
99A 1.00	0.23	0.00	0.00	0.00	0.00	1.00	0.00	0.00	0.00	0.00	0.00	0.00	0.01	0.00	0.00	0.02	0.01	0.01	0.00	0.00
100M 1.00	0.24	0.03	0.04	0.03	0.02	1.00	0.01	0.02	0.03	0.05	0.18	0.03	0.07	0.02	0.03	0.12	0.05	0.05	0.01	0.01
pos	A	C	D	E	F	G	H	I	K	L	M	N	P	Q	R	S	T	V	W	Y
101I 1.00	0.35	0.06	0.06	0.09	0.52	0.14	0.04	0.46	0.12	1.00	0.23	0.06	0.15	0.08	0.10	0.17	0.21	0.46	0.11	0.35
102L 1.00	0.01	0.07	0.00	0.00	0.22	0.00	0.00	0.05	0.00	1.00	0.06	0.00	0.00	0.01	0.00	0.00	0.01	0.03	0.00	0.01
103N 1.00	0.04	0.01	0.01	0.01	0.06	0.01	0.00	1.00	0.02	0.45	0.06	0.13	0.01	0.01	0.01	0.01	0.04	0.59	0.01	0.02
104D 1.00	0.02	0.00	0.66	1.00	0.00	0.01	0.01	0.00	0.02	0.00	0.00	0.01	0.01	0.03	0.01	0.01	0.01	0.01	0.00	0.00
105L 1.00	0.21	0.05	0.06	0.17	0.20	0.13	0.17	0.23	0.60	0.79	0.15	0.14	0.11	0.25	0.84	0.15	0.17	0.21	0.05	1.00
106L 1.00	0.21	0.01	0.01	0.01	0.07	0.01	0.01	0.20	0.01	1.00	0.10	0.01	0.02	0.02	0.01	0.07	0.03	0.11	0.01	0.01
107G 1.00	0.00	0.00	0.00	0.00	0.00	1.00	0.00	0.00	0.00	0.00	0.00	0.00	0.00	0.00	0.00	0.00	0.00	0.00	0.00	0.00
108R 1.00	0.00	0.00	0.00	0.00	0.00	0.00	0.00	0.00	0.00	0.00	0.00	0.00	0.00	0.00	1.00	0.00	0.00	0.00	0.00	0.00
109K 1.00	0.01	0.00	0.00	0.01	0.00	0.01	0.01	0.00	1.00	0.01	0.00	0.01	0.01	0.02	0.69	0.01	0.01	0.01	0.00	0.00
110L 1.00	0.44	0.07	0.44	0.36	0.09	0.35	0.17	0.14	0.69	0.23	0.08	0.58	0.23	0.34	0.51	0.89	1.00	0.21	0.04	0.13
111S 1.00	0.02	0.00	0.01	0.00	0.00	0.01	0.00	0.01	0.01	0.00	0.00	0.01	0.01	0.01	0.00	0.68	1.00	0.01	0.00	0.00
112I 1.00	0.01	0.00	0.00	0.00	0.01	0.00	0.00	1.00	0.00	0.38	0.02	0.00	0.00	0.00	0.00	0.00	0.00	0.03	0.00	0.00
113M 1.00	0.01	0.00	0.00	0.00	0.02	0.00	0.00	0.03	0.00	1.00	0.33	0.00	0.00	0.00	0.00	0.00	0.00	0.10	0.00	0.00
114F 1.00	1.00	0.15	0.16	0.21	0.36	0.54	0.26	0.22	0.23	0.41	0.14	0.20	0.27	0.20	0.22	0.58	0.36	0.35	0.09	0.47
115S 1.00	0.11	0.26	0.04	0.03	0.01	0.04	0.01	0.03	0.04	0.03	0.01	0.07	0.05	0.03	0.02	0.47	1.00	0.05	0.01	0.01
116A 1.00	1.00	0.00	0.00	0.00	0.00	0.02	0.00	0.00	0.01	0.00	0.00	0.01	0.01	0.00	0.00	0.10	0.17	0.01	0.00	0.00
117V 1.00	0.02	0.00	0.00	0.00	0.01	0.00	0.00	0.11	0.00	0.18	0.01	0.00	0.00	0.00	0.00	0.00	0.11	1.00	0.00	0.00
118P 1.00	0.00	0.00	0.00	0.00	0.00	0.00	0.00	0.00	0.00	0.00	0.00	0.00	1.00	0.00	0.00	0.00	0.00	0.00	0.00	0.00
119S 1.00	0.04	0.01	0.01	0.01	1.00	0.02	0.00	0.02	0.01	0.04	0.01	0.01	0.01	0.00	0.01	0.20	0.02	0.02	0.03	0.11
120A 1.00	0.38	0.02	0.01	0.02	0.02	0.00	0.00	1.00	0.02	0.23	0.03	0.01	0.02	0.01	0.01	0.02	0.22	0.77	0.00	0.01
121A 1.00	0.52	0.07	0.02	0.05	0.04	0.00	0.01	0.53	0.05	0.27	0.08	0.03	0.07	0.04	0.03	0.05	0.31	1.00	0.01	0.01
122G 1.00	0.18	0.01	0.01	0.01	0.00	1.00	0.00	0.01	0.01	0.01	0.01	0.01	0.03	0.01	0.01	0.79	0.02	0.02	0.00	0.00
123Y 1.00	0.05	0.02	0.01	0.02	1.00	0.01	0.01	0.09	0.01	0.22	0.05	0.01	0.02	0.01	0.01	0.14	0.03	0.09	0.32	0.86
124A 1.00	0.31	0.02	0.01	0.02	0.12	0.02	0.01	0.24	0.02	1.00	0.20	0.01	0.03	0.03	0.02	0.02	0.04	0.15	0.01	0.02
125L 1.00	0.01	0.00	0.00	0.00	0.10	0.00	0.00	0.05	0.00	1.00	0.03	0.00	0.00	0.00	0.00	0.00	0.01	0.33	0.00	0.01
pos	A	C	D	E	F	G	H	I	K	L	M	N	P	Q	R	S	T	V	W	Y
126M 1.00	0.01	0.00	0.00	0.00	0.01	0.00	0.00	1.00	0.00	0.06	0.20	0.00	0.00	0.00	0.00	0.00	0.00	0.04	0.00	0.00
127A 1.00	1.00	0.01	0.01	0.01	0.00	0.08	0.00	0.00	0.01	0.01	0.00	0.01	0.02	0.01	0.01	0.04	0.32	0.01	0.00	0.00
128G 1.00	1.00	0.73	0.16	0.19	0.44	0.62	0.30	0.23	0.21	0.49	0.14	0.32	0.20	0.19	0.22	0.42	0.28	0.33	0.10	0.54
129A 1.00	1.00	0.00	0.00	0.00	0.00	0.00	0.00	0.00	0.00	0.00	0.00	0.00	0.00	0.00	0.00	0.00	0.00	0.00	0.00	0.00
130H 1.00	0.81	0.20	0.41	0.65	0.71	0.47	0.62	0.50	0.86	0.79	0.27	0.51	0.33	0.59	0.75	0.68	0.67	0.71	0.19	1.00
131G 1.00	0.03	0.01	0.43	0.05	0.01	0.36	0.15	0.00	0.05	0.01	0.00	1.00	0.03	0.03	0.02	0.14	0.04	0.01	0.00	0.02
132L 1.00	0.01	0.00	0.00	0.00	0.01	0.00	0.00	0.15	0.00	0.33	0.01	0.00	0.00	0.00	0.00	0.00	0.01	1.00	0.00	0.00
133W 1.00	0.49	0.09	0.03	0.08	0.07	0.02	0.03	0.47	0.08	0.33	0.10	0.04	0.11	0.06	0.05	0.09	0.34	1.00	0.04	0.05
134M 1.00	0.00	0.00	0.00	0.00	0.00	0.00	0.00	0.00	0.00	0.00	1.00	0.00	0.00	0.00	0.00	0.00	0.00	0.00	0.00	0.00
135L 1.00	0.01	0.00	0.00	0.00	0.02	0.00	0.00	0.43	0.00	0.83	0.02	0.00	0.00	0.00	0.00	0.00	0.01	1.00	0.00	0.01
136L 1.00	0.00	0.00	0.00	0.00	0.10	0.00	0.00	0.02	0.00	1.00	0.01	0.00	0.00	0.00	0.00	0.00	0.00	0.01	0.00	0.01
137L 1.00	1.00	0.10	0.08	0.11	0.08	0.54	0.05	0.07	0.11	0.14	0.06	0.08	0.24	0.08	0.09	0.50	0.19	0.19	0.03	0.09
138G 1.00	0.00	0.00	0.00	0.00	0.00	1.00	0.00	0.00	0.00	0.00	0.00	0.00	0.00	0.00	0.00	0.00	0.00	0.00	0.00	0.00
139R 1.00	0.00	0.00	0.00	0.00	0.00	0.00	0.00	0.00	0.00	0.00	0.00	0.00	0.00	0.00	1.00	0.00	0.00	0.00	0.00	0.00
140T 1.00	0.70	0.14	0.12	0.18	0.69	0.17	0.24	0.53	0.19	0.86	0.19	0.18	0.18	0.18	0.19	0.38	0.67	1.00	0.09	0.44
141L 1.00	0.00	0.00	0.00	0.00	0.01	0.00	0.00	0.17	0.00	1.00	0.01	0.00	0.00	0.00	0.00	0.00	0.00	0.01	0.00	0.00
142T 1.00	0.54	0.23	0.03	0.02	0.01	0.07	0.01	0.02	0.03	0.03	0.01	0.05	0.05	0.03	0.02	0.41	1.00	0.05	0.01	0.01
143G 1.00	0.00	0.00	0.00	0.00	0.00	1.00	0.00	0.00	0.00	0.00	0.00	0.00	0.00	0.00	0.00	0.00	0.00	0.00	0.00	0.00
144F 1.00	0.02	0.00	0.00	0.00	1.00	0.00	0.00	0.08	0.00	0.60	0.05	0.00	0.01	0.01	0.00	0.00	0.01	0.16	0.01	0.02
145A 1.00	0.83	1.00	0.01	0.01	0.00	0.05	0.00	0.00	0.01	0.01	0.00	0.01	0.02	0.01	0.01	0.14	0.02	0.02	0.00	0.00
146G 1.00	1.00	0.21	0.08	0.09	0.05	0.62	0.02	0.13	0.10	0.14	0.05	0.08	0.24	0.07	0.07	0.49	0.18	0.51	0.02	0.04
147G 1.00	0.00	0.00	0.00	0.00	0.00	1.00	0.00	0.00	0.00	0.00	0.00	0.00	0.00	0.00	0.00	0.00	0.00	0.00	0.00	0.00
148L 1.00	0.01	0.00	0.00	0.00	0.01	0.00	0.00	1.00	0.00	0.31	0.01	0.00	0.00	0.00	0.00	0.00	0.01	0.58	0.00	0.00
149T 1.00	1.00	0.01	0.00	0.01	0.00	0.01	0.00	0.03	0.01	0.02	0.01	0.00	0.01	0.00	0.00	0.02	0.23	0.16	0.00	0.00
150A 1.00	0.23	0.00	0.00	0.00	0.00	0.02	0.00	0.00	0.00	0.00	0.00	0.00	0.01	0.00	0.00	1.00	0.01	0.01	0.00	0.00
pos	A	C	D	E	F	G	H	I	K	L	M	N	P	Q	R	S	T	V	W	Y
151A 1.00	0.20	0.01	0.00	0.01	0.02	0.01	0.00	0.05	0.01	1.00	0.03	0.00	0.01	0.01	0.01	0.01	0.01	0.04	0.00	0.00
152C 1.00	1.00	0.15	0.07	0.10	0.05	0.43	0.02	0.20	0.11	0.19	0.07	0.08	0.24	0.08	0.07	0.60	0.35	0.54	0.02	0.03
153I 1.00	0.26	0.01	0.00	0.01	0.17	0.01	0.01	0.34	0.01	1.00	0.11	0.01	0.02	0.02	0.01	0.01	0.02	0.12	0.01	0.02
154P 1.00	0.00	0.00	0.00	0.00	0.00	0.00	0.00	0.00	0.00	0.00	0.00	0.00	1.00	0.00	0.00	0.00	0.00	0.00	0.00	0.00
155V 1.00	0.00	0.00	0.00	0.00	0.00	0.00	0.00	0.00	0.00	0.00	0.00	0.00	0.00	0.00	0.00	0.00	0.00	1.00	0.00	0.00
156Y 1.00	0.00	0.00	0.00	0.00	0.00	0.00	0.00	0.00	0.00	0.00	0.00	0.00	0.00	0.00	0.00	0.00	0.00	0.00	0.00	1.00
157V 1.00	0.01	0.00	0.00	0.00	0.02	0.00	0.00	0.73	0.00	1.00	0.02	0.00	0.00	0.00	0.00	0.00	0.01	0.45	0.00	0.01
158S 1.00	0.09	0.01	0.02	0.01	0.00	1.00	0.00	0.00	0.01	0.01	0.00	0.02	0.02	0.01	0.01	0.69	0.02	0.01	0.00	0.00
159E 1.00	0.00	0.00	0.00	1.00	0.00	0.00	0.00	0.00	0.00	0.00	0.00	0.00	0.00	0.00	0.00	0.00	0.00	0.00	0.00	0.00
160I 1.00	0.15	0.03	0.06	0.04	0.02	0.04	0.02	0.36	0.06	0.06	0.03	0.10	0.07	0.04	0.04	0.49	1.00	0.11	0.01	0.02
161A 1.00	0.40	0.05	0.01	0.04	0.06	0.01	0.01	0.67	0.04	0.37	0.08	0.02	0.05	0.03	0.02	0.04	0.17	1.00	0.01	0.02
162P 1.00	0.61	0.08	0.55	0.75	0.15	0.49	0.25	0.15	1.00	0.30	0.10	0.49	0.40	0.90	0.78	0.50	0.37	0.23	0.06	0.40
163P 1.00	0.00	0.00	0.00	0.00	0.00	0.00	0.00	0.00	0.00	0.00	0.00	0.00	1.00	0.00	0.00	0.00	0.00	0.00	0.00	0.00
164G 1.00	0.76	0.05	0.29	1.00	0.03	0.46	0.04	0.03	0.15	0.07	0.03	0.10	0.18	0.15	0.07	0.32	0.13	0.10	0.01	0.03
165V 1.00	0.00	0.00	0.00	0.00	0.00	0.00	0.00	0.00	0.00	0.00	0.00	0.00	0.00	0.00	0.00	0.00	0.00	1.00	0.00	0.00
166R 1.00	0.00	0.00	0.00	0.00	0.00	0.00	0.00	0.00	0.00	0.00	0.00	0.00	0.00	0.00	1.00	0.00	0.00	0.00	0.00	0.00
167G 1.00	0.00	0.00	0.00	0.00	0.00	1.00	0.00	0.00	0.00	0.00	0.00	0.00	0.00	0.00	0.00	0.00	0.00	0.00	0.00	0.00
168A 1.00	0.52	0.06	0.08	0.07	0.03	0.15	0.03	0.09	0.09	0.24	0.04	0.13	0.13	0.07	0.06	0.63	1.00	0.18	0.01	0.03
169L 1.00	0.00	0.00	0.00	0.00	0.00	0.00	0.00	0.00	0.00	1.00	0.00	0.00	0.00	0.00	0.00	0.00	0.00	0.00	0.00	0.00
170G 1.00	0.00	0.00	0.00	0.00	0.00	1.00	0.00	0.00	0.00	0.00	0.00	0.00	0.00	0.00	0.00	0.00	0.00	0.00	0.00	0.00
171A 1.00	1.00	0.09	0.08	0.09	0.08	0.46	0.02	0.14	0.10	0.66	0.09	0.08	0.22	0.07	0.08	0.62	0.26	0.24	0.02	0.04
172T 1.00	0.14	0.28	0.02	0.02	0.07	0.03	0.01	0.18	0.03	1.00	0.09	0.02	0.04	0.03	0.02	0.08	0.30	0.23	0.01	0.02
173P 1.00	0.39	0.06	0.04	0.06	0.04	0.15	0.02	0.19	0.06	0.18	0.05	0.04	1.00	0.04	0.05	0.15	0.17	0.67	0.01	0.02
174Q 1.00	0.14	0.02	0.08	0.08	0.02	0.07	0.02	0.04	0.11	0.05	0.02	0.10	0.07	0.47	0.08	0.31	1.00	0.07	0.01	0.02
175L 1.00	0.56	0.08	0.03	0.07	0.16	0.07	0.02	0.57	0.07	1.00	0.22	0.04	0.11	0.07	0.05	0.12	0.26	0.85	0.02	0.03
pos	A	C	D	E	F	G	H	I	K	L	M	N	P	Q	R	S	T	V	W	Y
176M 1.00	0.03	0.01	0.00	0.01	1.00	0.01	0.01	0.16	0.01	0.62	0.80	0.01	0.01	0.02	0.01	0.01	0.02	0.09	0.02	0.04
177A 1.00	1.00	0.09	0.07	0.08	0.03	0.75	0.02	0.04	0.09	0.09	0.04	0.06	0.22	0.06	0.06	0.45	0.15	0.25	0.01	0.03
178V 1.00	0.65	0.12	0.36	0.21	0.10	0.39	0.10	0.57	0.24	0.46	0.13	0.50	0.21	0.15	0.16	0.43	0.49	1.00	0.03	0.08
179F 1.00	0.12	0.03	0.02	0.03	0.26	0.02	0.02	1.00	0.03	0.19	0.05	0.03	0.03	0.02	0.02	0.16	0.49	0.56	0.01	0.04
180G 1.00	0.00	0.00	0.00	0.00	0.00	1.00	0.00	0.00	0.00	0.00	0.00	0.00	0.00	0.00	0.00	0.00	0.00	0.00	0.00	0.00
181S 1.00	0.05	0.01	0.01	0.01	0.01	0.02	0.00	1.00	0.01	0.05	0.01	0.01	0.02	0.01	0.01	0.23	0.05	0.08	0.00	0.01
182L 1.00	0.00	0.00	0.00	0.00	0.00	0.00	0.00	0.00	0.00	1.00	0.00	0.00	0.00	0.00	0.00	0.00	0.00	0.00	0.00	0.00
183S 1.00	0.04	0.01	0.00	0.01	0.07	0.01	0.01	0.23	0.01	1.00	0.14	0.01	0.01	0.01	0.01	0.17	0.03	0.26	0.01	0.01
184L 1.00	0.75	1.00	0.01	0.02	0.02	0.06	0.00	0.05	0.02	0.39	0.02	0.01	0.03	0.01	0.01	0.06	0.04	0.09	0.00	0.01
185Y 1.00	0.00	0.00	0.00	0.00	1.00	0.00	0.00	0.01	0.00	0.02	0.00	0.00	0.00	0.00	0.00	0.00	0.00	0.01	0.02	0.93
186A 1.00	0.32	0.02	0.00	0.01	0.01	0.00	0.00	0.14	0.01	0.35	0.02	0.01	0.02	0.01	0.01	0.01	0.15	1.00	0.00	0.00
187L 1.00	1.00	0.03	0.01	0.02	0.04	0.03	0.01	0.17	0.02	0.39	0.05	0.01	0.04	0.02	0.02	0.04	0.09	0.38	0.01	0.01
188G 1.00	0.00	0.00	0.00	0.00	0.00	1.00	0.00	0.00	0.00	0.00	0.00	0.00	0.00	0.00	0.00	0.00	0.00	0.00	0.00	0.00
189L 1.00	0.60	0.14	0.32	0.43	0.41	0.31	0.35	0.31	0.49	0.49	0.17	0.40	0.25	0.36	0.40	0.87	1.00	0.42	0.12	0.58
190L 1.00	0.04	0.02	0.01	0.02	0.74	0.02	0.02	0.12	0.01	0.46	0.05	0.01	0.02	0.01	0.01	0.03	0.03	0.45	0.10	1.00
191L 1.00	0.01	0.00	0.00	0.00	0.02	0.00	0.00	0.04	0.00	1.00	0.64	0.00	0.00	0.00	0.00	0.00	0.00	0.08	0.00	0.00
192P 1.00	0.24	0.01	0.84	1.00	0.01	0.11	0.05	0.02	0.17	0.04	0.02	0.46	0.31	0.18	0.06	0.12	0.09	0.04	0.01	0.02
193W 1.00	0.00	0.00	0.00	0.00	0.00	0.00	0.00	0.00	0.00	0.00	0.00	0.00	0.00	0.00	0.00	0.00	0.00	0.00	1.00	0.00
194R 1.00	0.60	0.07	0.21	0.22	0.05	0.41	0.12	0.08	0.68	0.16	0.06	0.31	0.24	0.27	0.92	1.00	0.50	0.16	0.03	0.07
195W 1.00	0.59	0.18	0.31	0.39	0.71	0.46	0.56	0.45	0.42	0.74	0.44	0.50	0.24	0.36	0.44	0.50	0.46	0.53	0.44	1.00
196L 1.00	0.00	0.00	0.00	0.00	0.00	0.00	0.00	0.00	0.00	1.00	0.00	0.00	0.00	0.00	0.00	0.00	0.00	0.00	0.00	0.00
197A 1.00	1.00	0.00	0.00	0.00	0.00	0.00	0.00	0.00	0.00	0.00	0.00	0.00	0.00	0.00	0.00	0.00	0.00	0.00	0.00	0.00
198V 1.00	0.08	0.02	0.01	0.02	1.00	0.01	0.01	0.39	0.02	0.84	0.15	0.01	0.03	0.02	0.02	0.02	0.05	0.93	0.04	0.11
199A 1.00	0.19	0.01	0.01	0.01	0.14	0.03	0.01	0.15	0.01	1.00	0.07	0.01	0.01	0.01	0.01	0.01	0.02	0.07	0.01	0.02
200G 1.00	0.00	0.00	0.00	0.00	0.00	1.00	0.00	0.00	0.00	0.00	0.00	0.00	0.00	0.00	0.00	0.00	0.00	0.00	0.00	0.00
pos	A	C	D	E	F	G	H	I	K	L	M	N	P	Q	R	S	T	V	W	Y
201E 1.00	1.00	0.30	0.06	0.25	0.02	0.27	0.01	0.03	0.08	0.05	0.02	0.05	0.11	0.05	0.05	0.29	0.14	0.08	0.01	0.02
202A 1.00	1.00	0.12	0.01	0.02	0.02	0.00	0.01	0.21	0.02	0.15	0.03	0.01	0.03	0.02	0.01	0.06	0.15	0.69	0.00	0.01
203P 1.00	0.09	0.02	0.01	0.02	0.18	0.02	0.01	0.36	0.03	1.00	0.22	0.02	0.04	0.04	0.03	0.02	0.06	0.24	0.02	0.02
204V 1.00	0.25	0.05	0.01	0.04	0.04	0.01	0.01	0.33	0.04	0.23	0.06	0.02	1.00	0.03	0.02	0.05	0.17	0.78	0.01	0.01
205L 1.00	0.21	0.04	0.01	0.04	0.03	0.01	0.01	0.41	0.04	0.36	0.05	0.02	0.11	0.03	0.02	0.19	0.31	1.00	0.01	0.02
206I 1.00	0.07	0.02	0.01	0.02	0.19	0.01	0.01	0.35	0.02	1.00	0.22	0.02	0.03	0.04	0.02	0.02	0.04	0.21	0.02	0.03
207M 1.00	0.03	0.01	0.00	0.01	1.00	0.01	0.01	0.13	0.01	0.44	0.79	0.01	0.01	0.01	0.01	0.01	0.02	0.08	0.02	0.06
208I 1.00	0.01	0.00	0.00	0.00	0.12	0.00	0.00	0.29	0.00	1.00	0.02	0.00	0.00	0.00	0.00	0.00	0.01	0.09	0.00	0.00
209L 1.00	0.01	0.00	0.00	0.00	0.02	0.00	0.00	0.66	0.00	1.00	0.02	0.00	0.00	0.00	0.00	0.00	0.01	0.10	0.00	0.00
210L 1.00	0.00	0.00	0.00	0.00	0.01	0.00	0.00	0.02	0.00	1.00	0.04	0.00	0.00	0.00	0.00	0.00	0.04	0.01	0.00	0.00
211L 1.00	0.01	0.00	0.00	0.00	0.05	0.00	0.00	0.03	0.00	0.33	1.00	0.00	0.00	0.00	0.00	0.00	0.00	0.01	0.00	0.00
212S 0.92	0.64	0.22	0.13	0.17	0.87	0.26	0.22	0.71	0.18	1.00	0.26	0.18	0.20	0.17	0.18	0.49	0.52	0.82	0.16	0.71
213F 1.00	0.02	0.01	0.00	0.01	0.62	0.01	0.01	0.21	0.01	1.00	0.06	0.01	0.01	0.01	0.01	0.01	0.02	0.06	0.04	0.34
214M 1.00	0.05	0.01	0.00	0.01	0.04	0.01	0.00	1.00	0.01	0.20	0.70	0.01	0.01	0.01	0.01	0.02	0.17	0.18	0.00	0.01
215P 1.00	0.00	0.00	0.00	0.00	0.00	0.00	0.00	0.00	0.00	0.00	0.00	0.00	1.00	0.00	0.00	0.00	0.00	0.00	0.00	0.00
216N 1.00	0.02	0.00	0.06	1.00	0.00	0.02	0.01	0.00	0.02	0.00	0.00	0.21	0.01	0.02	0.01	0.02	0.01	0.00	0.00	0.00
217S 1.00	0.01	0.00	0.00	0.00	0.00	0.00	0.00	0.00	0.00	0.00	0.00	0.01	0.01	0.00	0.00	0.22	1.00	0.00	0.00	0.00
218P 1.00	0.00	0.00	0.00	0.00	0.00	0.00	0.00	0.00	0.00	0.00	0.00	0.00	1.00	0.00	0.00	0.00	0.00	0.00	0.00	0.00
219R 1.00	0.00	0.00	0.00	0.00	0.00	0.00	0.00	0.00	0.00	0.00	0.00	0.00	0.00	0.00	1.00	0.00	0.00	0.00	0.00	0.00
220F 1.00	0.01	0.00	0.00	0.00	0.79	0.00	0.00	0.01	0.00	0.03	0.01	0.00	0.00	0.00	0.00	0.00	0.00	0.01	1.00	0.12
221L 1.00	0.03	0.02	0.01	0.01	1.00	0.01	0.00	0.08	0.00	0.71	0.04	0.00	0.01	0.00	0.00	0.02	0.02	0.07	0.14	1.00
222L 1.00	0.01	0.00	0.00	0.00	0.01	0.00	0.00	0.22	0.00	0.74	0.02	0.00	0.00	0.00	0.00	0.00	0.01	1.00	0.00	0.00
223S 1.00	0.03	0.01	0.03	0.01	0.00	0.11	0.01	0.01	0.01	0.01	0.00	0.15	0.01	0.01	0.01	1.00	0.40	0.01	0.00	0.00
224R 1.00	0.01	0.00	0.00	0.02	0.00	0.01	0.01	0.00	0.29	0.01	0.00	0.01	0.01	0.39	1.00	0.01	0.01	0.01	0.00	0.00
225G 1.00	0.18	0.01	0.18	0.06	0.01	1.00	0.35	0.01	0.06	0.01	0.01	0.24	0.04	0.04	0.03	0.11	0.05	0.01	0.00	0.02
pos	A	C	D	E	F	G	H	I	K	L	M	N	P	Q	R	S	T	V	W	Y
226R 1.00	0.02	0.00	0.00	0.03	0.00	0.01	0.02	0.01	0.32	0.11	0.01	0.02	0.02	0.34	1.00	0.02	0.02	0.01	0.00	0.01
227D 1.00	0.53	0.16	0.42	0.69	0.64	0.33	0.55	0.42	0.35	0.61	0.21	0.32	0.21	0.33	0.41	0.43	0.41	0.54	0.17	1.00
228E 1.00	0.02	0.00	0.19	1.00	0.00	0.01	0.01	0.00	0.12	0.00	0.00	0.01	0.01	0.55	0.01	0.01	0.01	0.01	0.00	0.00
229E 1.00	0.04	0.00	0.04	1.00	0.01	0.03	0.03	0.02	0.31	0.04	0.01	0.04	0.03	0.09	0.88	0.03	0.04	0.02	0.01	0.02
230A 1.00	1.00	0.00	0.00	0.00	0.00	0.00	0.00	0.00	0.00	0.00	0.00	0.00	0.00	0.00	0.00	0.00	0.00	0.00	0.00	0.00
231L 1.00	0.08	0.02	0.01	0.04	0.16	0.02	0.03	0.31	0.12	1.00	0.31	0.03	0.04	0.07	0.36	0.03	0.05	0.18	0.02	0.03
232R 1.00	0.33	0.01	0.01	0.07	0.01	0.04	0.04	0.02	1.00	0.05	0.02	0.05	0.04	0.11	0.45	0.04	0.05	0.03	0.01	0.02
233A 1.00	1.00	0.00	0.00	0.00	0.00	0.02	0.00	0.00	0.00	0.00	0.00	0.00	0.01	0.00	0.00	0.18	0.01	0.01	0.00	0.00
234L 1.00	0.00	0.00	0.00	0.00	0.01	0.00	0.00	0.02	0.00	1.00	0.07	0.00	0.00	0.00	0.00	0.00	0.00	0.01	0.00	0.00
235A 1.00	0.80	0.04	0.49	0.80	0.05	0.31	0.11	0.15	1.00	0.25	0.09	0.40	0.23	0.78	0.81	0.72	0.50	0.32	0.02	0.04
236W 1.00	0.00	0.00	0.00	0.00	0.39	0.00	0.00	0.01	0.00	0.02	0.00	0.00	0.00	0.00	0.00	0.00	0.00	0.01	1.00	0.07
237L 1.00	0.00	0.00	0.00	0.00	0.00	0.00	0.00	0.00	0.00	1.00	0.00	0.00	0.00	0.00	0.00	0.00	0.00	0.00	0.00	0.00
238R 1.00	0.15	0.03	0.08	0.15	0.04	0.20	0.10	0.06	0.61	0.15	0.04	0.12	0.14	0.22	1.00	0.12	0.13	0.08	0.18	0.06
239G 1.00	0.00	0.00	0.00	0.00	0.00	1.00	0.00	0.00	0.00	0.00	0.00	0.00	0.00	0.00	0.00	0.00	0.00	0.00	0.00	0.00
240T 1.00	0.16	0.03	0.08	0.15	0.06	0.08	0.08	0.06	1.00	0.11	0.04	0.12	0.08	0.16	0.33	0.42	0.44	0.12	0.02	0.16
241D 1.00	0.21	0.01	0.38	1.00	0.01	0.06	0.02	0.03	0.31	0.05	0.02	0.20	0.05	0.11	0.08	0.11	0.18	0.04	0.00	0.01
242V 1.00	1.00	0.03	0.23	0.62	0.03	0.09	0.03	0.13	0.14	0.12	0.04	0.06	0.10	0.30	0.07	0.12	0.15	0.62	0.01	0.02
243D 1.00	0.04	0.01	1.00	0.06	0.01	0.42	0.04	0.00	0.05	0.01	0.00	0.31	0.03	0.03	0.03	0.10	0.04	0.01	0.00	0.02
244V 0.85	0.01	0.00	0.00	0.00	0.00	0.00	0.00	0.27	0.00	0.02	0.00	0.00	0.00	0.00	0.00	0.00	0.01	1.00	0.00	0.00
245H 0.85	0.05	0.00	0.23	1.00	0.01	0.04	0.27	0.01	0.06	0.01	0.00	0.06	0.03	0.06	0.02	0.14	0.03	0.01	0.00	0.01
246W 1.00	0.33	0.02	0.49	1.00	0.05	0.20	0.15	0.07	0.90	0.16	0.06	0.23	0.21	0.46	0.67	0.23	0.22	0.12	0.03	0.08
247E 1.00	0.00	0.00	0.00	1.00	0.00	0.00	0.00	0.00	0.00	0.00	0.00	0.00	0.00	0.00	0.00	0.00	0.00	0.00	0.00	0.00
248F 0.88	0.03	0.01	0.07	0.01	0.26	0.01	0.01	0.14	0.01	1.00	0.18	0.01	0.01	0.02	0.01	0.01	0.02	0.08	0.01	0.02
249E 0.88	0.10	0.01	0.25	0.57	0.01	0.05	0.02	0.02	1.00	0.04	0.01	0.06	0.16	0.10	0.23	0.08	0.07	0.03	0.00	0.01
250Q 0.88	0.71	0.05	0.68	1.00	0.05	0.44	0.12	0.17	0.87	0.28	0.10	0.49	0.30	0.68	0.64	0.73	0.53	0.26	0.02	0.04
pos	A	C	D	E	F	G	H	I	K	L	M	N	P	Q	R	S	T	V	W	Y
251I 0.88	0.14	0.03	0.02	0.03	0.17	0.04	0.02	0.96	0.04	1.00	0.20	0.03	0.04	0.04	0.04	0.31	0.13	0.60	0.02	0.04
252Q 1.00	0.09	0.01	0.17	0.57	0.01	0.16	0.21	0.02	0.13	0.03	0.01	0.09	0.05	1.00	0.07	0.08	0.19	0.03	0.01	0.02
253D 0.96	1.00	0.11	0.50	0.73	0.14	0.43	0.16	0.30	0.65	0.37	0.13	0.38	0.32	0.45	0.39	0.68	0.56	0.52	0.04	0.17
254N 1.00	0.20	0.02	1.00	0.68	0.02	0.17	0.06	0.04	0.36	0.07	0.03	0.54	0.42	0.18	0.13	0.37	0.15	0.07	0.01	0.02
255V 0.92	0.86	0.06	0.02	0.04	0.07	0.01	0.01	0.37	0.04	0.50	0.18	0.02	0.06	0.04	0.03	0.05	0.19	1.00	0.01	0.02
256R 0.96	0.39	0.03	0.90	1.00	0.04	0.42	0.15	0.08	0.49	0.14	0.05	0.40	0.18	0.43	0.38	0.39	0.28	0.13	0.02	0.05
257R 0.96	0.69	0.07	0.17	0.22	0.06	0.20	0.07	0.22	0.33	0.18	0.07	0.23	0.19	0.19	0.82	0.81	1.00	0.30	0.02	0.07
258Q 1.00	0.02	0.00	0.06	0.54	0.00	0.01	0.19	0.00	0.03	0.01	0.00	0.02	0.01	1.00	0.02	0.06	0.01	0.01	0.00	0.00
259S 1.00	1.00	0.06	0.12	0.08	0.03	0.36	0.21	0.03	0.08	0.06	0.03	0.13	0.14	0.06	0.06	0.69	0.14	0.09	0.01	0.03
260S 1.00	0.38	0.03	0.47	0.63	0.14	0.19	0.07	0.10	0.46	0.16	0.06	0.25	0.14	0.63	0.31	1.00	0.78	0.15	0.01	0.04
261R 1.00	0.30	0.04	0.77	0.43	0.06	0.67	0.31	0.07	0.47	0.13	0.04	0.73	0.16	0.77	1.00	0.51	0.26	0.11	0.02	0.11
262V 1.00	0.62	0.19	0.21	0.29	0.67	0.31	0.49	0.77	0.31	0.83	0.26	0.32	0.22	0.29	0.34	0.46	0.55	1.00	0.17	0.90
263S 0.96	0.89	0.04	0.31	0.48	0.04	0.20	0.20	0.11	0.62	0.17	0.06	0.27	0.15	0.54	0.30	0.79	1.00	0.16	0.02	0.04
264W 0.96	0.28	0.15	0.09	0.13	0.46	0.15	0.23	0.47	0.14	1.00	0.49	0.14	0.11	0.15	0.16	0.18	0.26	0.49	0.21	0.43
265A 1.00	0.35	0.08	0.15	0.24	0.35	0.16	0.19	0.41	0.26	1.00	0.25	0.16	0.13	0.20	0.22	0.23	0.24	0.39	0.07	0.32
266E 1.00	0.24	0.01	0.43	1.00	0.02	0.15	0.05	0.05	0.28	0.17	0.07	0.14	0.11	0.33	0.14	0.20	0.16	0.08	0.01	0.03
267A 1.00	0.29	0.01	0.01	0.01	0.04	0.02	0.00	0.07	0.01	1.00	0.05	0.01	0.02	0.01	0.01	0.02	0.02	0.06	0.01	0.01
268R 1.00	0.07	0.02	0.01	0.02	0.18	0.02	0.02	0.33	0.03	1.00	0.22	0.02	0.03	0.04	0.04	0.02	0.04	0.18	0.02	0.03
269A 1.00	0.36	0.01	0.08	0.15	0.01	0.06	0.03	0.03	1.00	0.06	0.02	0.12	0.05	0.21	0.46	0.22	0.09	0.05	0.01	0.01
270P 1.00	0.15	0.01	0.04	0.20	0.03	0.10	0.12	0.06	1.00	0.15	0.05	0.16	0.24	0.32	0.91	0.12	0.15	0.08	0.02	0.06
271H 1.00	0.93	0.13	0.66	1.00	0.36	0.66	0.50	0.39	0.95	0.56	0.19	0.72	0.34	0.65	0.68	0.94	0.73	0.48	0.10	0.49
272V 1.00	0.08	0.03	0.02	0.03	0.09	0.03	0.02	1.00	0.04	0.39	0.08	0.03	0.02	0.02	0.03	0.04	0.08	0.99	0.01	0.07
273C 0.96	0.20	0.29	0.08	0.11	0.31	0.13	0.29	0.17	0.12	1.00	0.10	0.12	0.08	0.12	0.14	0.16	0.16	0.21	0.07	0.64
274R 1.00	0.01	0.00	0.00	0.02	0.00	0.01	0.01	0.01	1.00	0.01	0.00	0.01	0.10	0.03	0.27	0.01	0.01	0.01	0.00	0.01
275P 1.00	0.12	0.00	0.00	0.00	0.00	0.02	0.00	0.00	0.00	0.00	0.00	0.00	1.00	0.00	0.00	0.02	0.01	0.01	0.00	0.00
pos	A	C	D	E	F	G	H	I	K	L	M	N	P	Q	R	S	T	V	W	Y
276I 1.00	0.01	0.00	0.00	0.00	0.20	0.00	0.00	0.37	0.00	1.00	0.03	0.00	0.00	0.00	0.00	0.00	0.01	0.31	0.00	0.01
277T 1.00	0.15	0.04	0.04	0.05	0.24	0.05	0.07	0.46	0.06	1.00	0.23	0.06	0.06	0.07	0.06	0.10	0.14	0.37	0.04	0.13
278V 1.00	0.00	0.00	0.00	0.00	0.00	0.00	0.00	1.00	0.00	0.02	0.00	0.00	0.00	0.00	0.00	0.00	0.00	0.23	0.00	0.00
279A 1.00	0.70	0.04	0.04	0.04	0.02	0.57	0.01	0.02	0.04	0.04	0.02	0.03	0.10	0.03	0.03	1.00	0.08	0.07	0.01	0.01
280L 1.00	0.01	0.00	0.00	0.00	0.01	0.00	0.00	0.28	0.00	1.00	0.01	0.00	0.00	0.00	0.00	0.00	0.00	0.12	0.00	0.00
281L 1.00	1.00	0.13	0.10	0.10	0.05	0.92	0.03	0.05	0.11	0.21	0.05	0.10	0.24	0.07	0.08	0.63	0.21	0.17	0.02	0.04
282M 1.00	0.00	0.00	0.00	0.00	0.01	0.00	0.00	0.02	0.00	1.00	0.20	0.00	0.00	0.00	0.00	0.00	0.00	0.01	0.00	0.00
283R 1.00	0.04	0.01	0.01	0.02	0.02	0.03	0.01	0.03	0.10	0.08	1.00	0.02	0.02	0.04	0.27	0.02	0.02	0.03	0.00	0.01
284L 1.00	0.28	0.02	0.01	0.02	0.90	0.01	0.02	0.28	0.02	1.00	0.14	0.02	0.03	0.03	0.02	0.03	0.07	0.43	0.02	0.04
285L 1.00	0.00	0.00	0.00	0.00	1.00	0.00	0.00	0.02	0.00	0.24	0.01	0.00	0.00	0.00	0.00	0.00	0.00	0.01	0.01	0.03
286Q 1.00	0.00	0.00	0.00	0.00	0.00	0.00	0.00	0.00	0.00	0.00	0.00	0.00	0.00	1.00	0.00	0.00	0.00	0.00	0.00	0.00
287Q 1.00	0.00	0.00	0.00	0.00	0.00	0.00	0.00	0.00	0.00	0.00	0.00	0.00	0.00	1.00	0.00	0.00	0.00	0.00	0.00	0.00
288L 1.00	0.01	0.00	0.00	0.00	0.30	0.00	0.00	0.04	0.00	1.00	0.02	0.00	0.00	0.00	0.00	0.00	0.00	0.02	0.01	0.02
289T 1.00	0.01	0.00	0.01	0.00	0.00	0.00	0.00	0.00	0.00	0.00	0.00	0.01	0.01	0.00	0.00	1.00	0.36	0.01	0.00	0.00
290G 1.00	0.00	0.00	0.00	0.00	0.00	1.00	0.00	0.00	0.00	0.00	0.00	0.00	0.00	0.00	0.00	0.00	0.00	0.00	0.00	0.00
291I 1.00	0.00	0.00	0.00	0.00	0.00	0.00	0.00	1.00	0.00	0.02	0.00	0.00	0.00	0.00	0.00	0.00	0.00	0.36	0.00	0.00
292T 1.00	0.02	0.00	0.03	0.01	0.00	0.02	0.01	0.00	0.01	0.00	0.00	1.00	0.01	0.01	0.01	0.04	0.23	0.01	0.00	0.00
293P 1.00	1.00	0.01	0.01	0.01	0.00	0.06	0.00	0.01	0.01	0.01	0.01	0.01	0.20	0.01	0.01	0.06	0.02	0.02	0.00	0.00
294I 1.00	0.00	0.00	0.00	0.00	0.00	0.00	0.00	0.43	0.00	0.02	0.00	0.00	0.00	0.00	0.00	0.00	0.00	1.00	0.00	0.00
295L 1.00	0.01	0.00	0.00	0.00	0.03	0.00	0.00	1.00	0.00	0.44	0.41	0.00	0.01	0.01	0.00	0.00	0.01	0.05	0.00	0.00
296V 1.00	0.01	0.00	0.00	0.00	1.00	0.00	0.00	0.02	0.00	0.04	0.01	0.00	0.00	0.00	0.00	0.00	0.01	0.20	0.02	0.07
297Y 1.00	0.00	0.00	0.00	0.00	0.00	0.00	0.00	0.00	0.00	0.00	0.00	0.00	0.00	0.00	0.00	0.00	0.00	0.00	0.00	1.00
298L 1.00	0.78	0.06	0.04	0.05	0.05	0.11	0.02	0.20	0.06	0.44	0.07	0.06	0.10	0.05	0.04	0.25	1.00	0.38	0.01	0.02
299Q 1.00	0.49	0.04	0.54	1.00	0.05	0.20	0.09	0.16	0.48	0.19	0.07	0.27	0.19	0.40	0.25	0.34	0.32	0.40	0.02	0.06
300S 1.00	0.22	0.04	0.11	0.07	0.02	0.08	0.03	0.06	0.10	0.06	0.03	0.17	0.11	0.29	0.07	0.89	1.00	0.10	0.01	0.03
pos	A	C	D	E	F	G	H	I	K	L	M	N	P	Q	R	S	T	V	W	Y
301I 1.00	0.00	0.00	0.00	0.00	0.00	0.00	0.00	1.00	0.00	0.00	0.00	0.00	0.00	0.00	0.00	0.00	0.00	0.00	0.00	0.00
302F 1.00	0.00	0.00	0.00	0.00	1.00	0.00	0.00	0.00	0.00	0.00	0.00	0.00	0.00	0.00	0.00	0.00	0.00	0.00	0.00	0.00
303D 1.00	0.11	0.00	0.57	1.00	0.01	0.04	0.03	0.01	0.79	0.03	0.01	0.05	0.07	0.49	0.04	0.06	0.05	0.03	0.00	0.01
304S 1.00	0.07	0.00	1.00	0.72	0.01	0.04	0.02	0.01	0.07	0.02	0.14	0.04	0.04	0.08	0.02	0.37	0.04	0.02	0.00	0.01
305T 1.00	1.00	0.01	0.01	0.01	0.00	0.02	0.00	0.01	0.01	0.01	0.00	0.01	0.01	0.01	0.01	0.24	0.28	0.01	0.00	0.00
306A 1.00	0.41	0.02	0.02	0.02	0.01	1.00	0.01	0.01	0.40	0.02	0.01	0.02	0.04	0.02	0.02	0.08	0.03	0.03	0.00	0.01
307V 1.00	1.00	0.15	0.13	0.15	0.90	0.41	0.08	0.59	0.17	0.81	0.21	0.17	0.27	0.13	0.13	0.79	0.72	0.86	0.19	0.72
308L 0.85	0.15	0.03	0.06	0.04	0.02	0.05	0.02	0.05	0.06	0.20	0.03	0.10	0.07	0.04	0.04	0.49	1.00	0.08	0.01	0.02
309L 0.85	0.01	0.00	0.00	0.00	0.01	0.00	0.00	1.00	0.00	0.44	0.01	0.00	0.00	0.00	0.00	0.00	0.01	0.41	0.00	0.00
310P 0.85	0.07	0.01	1.00	0.16	0.01	0.10	0.03	0.01	0.06	0.02	0.01	0.12	0.27	0.05	0.03	0.08	0.04	0.02	0.01	0.02
311P 0.85	1.00	0.09	0.60	0.71	0.05	0.68	0.10	0.07	0.33	0.14	0.06	0.43	0.32	0.27	0.17	0.66	0.31	0.18	0.02	0.07
312K 1.00	0.07	0.01	0.20	0.10	0.01	0.16	0.06	0.02	0.80	0.04	0.01	1.00	0.06	0.10	0.18	0.13	0.08	0.02	0.01	0.03
313D 1.00	0.17	0.04	0.03	0.04	0.18	0.02	0.02	0.83	0.04	1.00	0.22	0.03	0.05	0.04	0.03	0.04	0.13	0.82	0.02	0.04
314D 1.00	1.00	0.34	0.30	0.13	0.04	0.57	0.05	0.06	0.14	0.10	0.05	0.23	0.25	0.10	0.09	0.84	0.39	0.17	0.02	0.05
315A 1.00	0.32	0.01	0.01	0.01	0.00	0.01	0.00	0.01	0.01	0.01	0.00	0.02	0.01	0.01	0.01	0.63	1.00	0.01	0.00	0.00
316A 1.00	0.28	0.01	0.00	0.01	0.01	0.00	0.00	1.00	0.01	0.07	0.02	0.00	0.01	0.01	0.01	0.01	0.03	0.54	0.00	0.00
317I 1.00	0.01	0.00	0.00	0.00	0.01	0.00	0.00	1.00	0.00	0.03	0.01	0.00	0.00	0.00	0.00	0.00	0.16	0.23	0.00	0.00
318V 1.00	0.00	0.00	0.00	0.00	0.00	0.00	0.00	0.12	0.00	0.02	0.00	0.00	0.00	0.00	0.00	0.00	0.00	1.00	0.00	0.00
319G 1.00	0.00	0.00	0.00	0.00	0.00	1.00	0.00	0.00	0.00	0.00	0.00	0.00	0.00	0.00	0.00	0.00	0.00	0.00	0.00	0.00
320A 1.00	0.35	0.01	0.00	0.01	0.01	0.00	0.00	0.67	0.01	0.18	0.02	0.01	0.01	0.01	0.01	0.01	0.09	1.00	0.00	0.00
321V 1.00	0.00	0.00	0.00	0.00	0.00	0.00	0.00	0.36	0.00	0.02	0.00	0.00	0.00	0.00	0.00	0.00	0.00	1.00	0.00	0.00
322R 1.00	0.07	0.01	0.10	0.10	0.01	0.09	0.06	0.02	0.34	0.05	0.02	1.00	0.05	0.47	0.51	0.09	0.07	0.03	0.01	0.03
323L 1.00	0.03	0.01	0.00	0.01	1.00	0.01	0.01	0.17	0.01	0.62	0.08	0.01	0.01	0.01	0.01	0.01	0.02	0.48	0.02	0.05
324L 1.00	0.06	0.01	0.01	0.01	0.21	0.06	0.01	0.51	0.01	1.00	0.20	0.01	0.01	0.01	0.01	0.01	0.02	0.16	0.01	0.02
325S 1.00	1.00	0.09	0.08	0.08	0.14	0.45	0.02	0.05	0.09	0.11	0.04	0.07	0.21	0.06	0.06	0.55	0.21	0.16	0.02	0.06
pos	A	C	D	E	F	G	H	I	K	L	M	N	P	Q	R	S	T	V	W	Y
326V 1.00	0.03	0.01	0.00	0.00	0.00	0.00	0.00	0.02	0.01	0.02	0.01	0.01	0.01	0.00	0.00	0.02	1.00	0.23	0.00	0.00
327L 1.00	0.39	0.02	0.01	0.02	1.00	0.02	0.01	0.23	0.02	0.86	0.14	0.01	0.03	0.03	0.02	0.03	0.04	0.15	0.04	0.12
328I 1.00	0.01	0.00	0.00	0.00	0.06	0.00	0.00	1.00	0.00	0.06	0.17	0.00	0.00	0.00	0.00	0.00	0.10	0.51	0.00	0.00
329A 1.00	1.00	0.01	0.00	0.01	0.00	0.32	0.00	0.00	0.01	0.01	0.00	0.00	0.01	0.00	0.00	0.03	0.01	0.01	0.00	0.00
330A 1.00	1.00	0.09	0.04	0.08	0.05	0.07	0.02	0.65	0.08	0.30	0.09	0.07	0.12	0.06	0.05	0.25	0.79	0.85	0.01	0.02
331L 1.00	0.01	0.00	0.00	0.00	0.02	0.00	0.00	0.22	0.00	1.00	0.27	0.00	0.00	0.00	0.00	0.00	0.01	0.28	0.00	0.00
332T 1.00	0.03	0.01	0.00	0.01	0.04	0.00	0.00	0.55	0.01	1.00	0.05	0.01	0.01	0.01	0.01	0.01	0.25	0.11	0.01	0.01
333M 1.00	0.02	0.00	0.00	0.00	0.03	0.00	0.00	1.00	0.01	0.18	0.64	0.00	0.01	0.01	0.01	0.01	0.01	0.08	0.00	0.01
334D 1.00	0.00	0.00	1.00	0.00	0.00	0.00	0.00	0.00	0.00	0.00	0.00	0.00	0.00	0.00	0.00	0.00	0.00	0.00	0.00	0.00
335L 1.00	0.04	0.01	0.01	0.03	0.03	0.03	0.02	0.05	0.15	0.32	0.03	0.02	0.03	0.05	1.00	0.03	0.03	0.04	0.01	0.01
336A 1.00	0.74	0.06	0.04	0.06	0.17	0.23	0.02	0.34	0.07	1.00	0.20	0.05	0.13	0.06	0.06	0.22	0.15	0.35	0.03	0.04
337G 1.00	0.00	0.00	0.00	0.00	0.00	1.00	0.00	0.00	0.00	0.00	0.00	0.00	0.00	0.00	0.00	0.00	0.00	0.00	0.00	0.00
338R 1.00	0.00	0.00	0.00	0.00	0.00	0.00	0.00	0.00	0.00	0.00	0.00	0.00	0.00	0.00	1.00	0.00	0.00	0.00	0.00	0.00
339K 1.00	0.01	0.00	0.00	0.01	0.00	0.00	0.00	0.00	1.00	0.01	0.00	0.01	0.00	0.01	0.25	0.00	0.01	0.00	0.00	0.00
340V 1.00	0.01	0.00	0.00	0.00	0.02	0.00	0.00	1.00	0.01	0.62	0.26	0.00	0.00	0.00	0.00	0.00	0.01	0.73	0.00	0.01
341L 1.00	0.00	0.00	0.00	0.00	0.00	0.00	0.00	0.00	0.00	1.00	0.00	0.00	0.00	0.00	0.00	0.00	0.00	0.00	0.00	0.00
342L 1.00	0.00	0.00	0.00	0.00	0.00	0.00	0.00	0.00	0.00	1.00	0.00	0.00	0.00	0.00	0.00	0.00	0.00	0.00	0.00	0.00
343F 1.00	0.27	0.04	0.04	0.05	0.38	0.06	0.10	0.09	0.06	0.14	0.05	0.06	0.04	0.06	0.07	0.08	0.16	0.19	0.04	1.00
344V 1.00	0.07	0.00	0.00	0.00	0.01	0.00	0.00	0.73	0.00	0.53	0.01	0.00	0.00	0.00	0.00	0.00	0.02	1.00	0.00	0.01
345S 1.00	0.00	0.00	0.00	0.00	0.00	0.00	0.00	0.00	0.00	0.00	0.00	0.00	0.00	0.00	0.00	1.00	0.00	0.00	0.00	0.00
346A 1.00	0.44	0.05	0.98	0.50	0.04	0.72	0.17	0.06	0.42	0.11	0.04	1.00	0.18	0.28	0.23	0.63	0.29	0.10	0.02	0.08
347A 1.00	0.32	0.01	0.00	0.01	0.01	0.00	0.00	0.76	0.01	0.07	0.02	0.00	0.01	0.01	0.01	0.01	0.04	1.00	0.00	0.00
348I 1.00	0.42	0.06	0.02	0.04	0.09	0.01	0.01	0.84	0.05	0.56	0.13	0.03	0.06	0.04	0.03	0.05	0.19	1.00	0.01	0.03
349M 1.00	0.00	0.00	0.00	0.00	0.00	0.00	0.00	0.00	0.00	0.00	1.00	0.00	0.00	0.00	0.00	0.00	0.00	0.00	0.00	0.00
350F 1.00	0.02	0.11	0.00	0.00	0.31	0.01	0.00	1.00	0.01	0.10	0.02	0.00	0.00	0.00	0.01	0.01	0.02	0.90	0.00	0.01
pos	A	C	D	E	F	G	H	I	K	L	M	N	P	Q	R	S	T	V	W	Y
351A 1.00	0.51	0.06	0.02	0.05	0.51	0.02	0.03	1.00	0.05	1.00	0.15	0.03	0.06	0.05	0.04	0.06	0.31	0.81	0.02	0.06
352A 1.00	0.28	0.00	0.01	0.01	0.00	0.01	0.00	0.01	0.01	0.01	0.00	0.01	0.01	0.01	0.01	0.43	1.00	0.01	0.00	0.00
353N 1.00	0.08	0.02	0.02	0.02	0.13	0.02	0.02	0.25	0.03	1.00	0.22	0.11	0.03	0.03	0.03	0.06	0.16	0.17	0.02	0.03
354L 1.00	0.08	0.02	0.01	0.02	0.21	0.02	0.02	0.33	0.03	1.00	0.22	0.02	0.03	0.04	0.03	0.03	0.05	0.19	0.03	0.06
355T 1.00	0.79	0.05	0.01	0.04	0.03	0.00	0.01	0.45	0.04	0.19	0.06	0.02	0.06	0.03	0.02	0.04	0.75	1.00	0.00	0.01
356L 1.00	0.01	0.00	0.00	0.00	0.42	0.00	0.00	0.05	0.00	1.00	0.03	0.00	0.00	0.01	0.00	0.00	0.01	0.03	0.01	0.03
357G 1.00	0.00	0.00	0.00	0.00	0.00	1.00	0.00	0.00	0.00	0.00	0.00	0.00	0.00	0.00	0.00	0.00	0.00	0.00	0.00	0.00
358L 1.00	1.00	0.10	0.09	0.10	0.05	0.62	0.03	0.06	0.11	0.17	0.05	0.09	0.24	0.08	0.08	0.54	0.35	0.17	0.02	0.04
359Y 1.00	0.00	0.00	0.00	0.00	1.00	0.00	0.00	0.01	0.00	0.02	0.00	0.00	0.00	0.00	0.00	0.00	0.00	0.01	0.02	0.92
360I 0.88	0.01	0.00	0.00	0.00	1.00	0.00	0.00	0.24	0.00	0.07	0.01	0.00	0.00	0.00	0.00	0.00	0.01	0.02	0.02	0.06
361H 0.88	0.20	0.04	0.14	0.23	0.13	0.18	0.31	0.10	1.00	0.21	0.07	0.24	0.13	0.32	0.70	0.19	0.19	0.14	0.05	0.55
362F 0.65	0.12	0.20	0.04	0.06	0.68	0.07	0.11	0.21	0.06	1.00	0.16	0.06	0.05	0.07	0.07	0.08	0.09	0.26	0.05	0.28
363G 0.38	0.62	0.12	0.57	0.45	0.33	0.81	0.39	0.23	1.00	0.41	0.14	0.74	0.29	0.46	0.76	0.69	0.65	0.32	0.10	0.58
364P 0.38	1.00	0.19	0.47	0.65	0.24	0.47	0.23	0.38	0.55	0.46	0.16	0.40	0.53	0.55	0.37	0.71	0.66	0.76	0.07	0.31
365R 0.38	0.48	0.04	0.54	0.64	0.05	0.42	0.16	0.12	1.00	0.22	0.08	0.60	0.22	0.47	0.72	0.63	0.40	0.18	0.02	0.08
366P 0.35	0.82	0.09	0.65	1.00	0.23	0.45	0.27	0.27	0.92	0.45	0.15	0.57	0.33	0.61	0.57	0.77	0.62	0.38	0.06	0.29
367L 0.35	0.60	0.18	0.24	0.34	0.68	0.34	0.49	0.53	0.38	1.00	0.29	0.33	0.24	0.33	0.38	0.49	0.51	0.63	0.17	0.88
368S 0.35	0.38	0.05	0.45	0.19	0.03	0.43	0.07	0.04	0.17	0.07	0.12	0.35	0.13	0.12	0.10	1.00	0.23	0.08	0.01	0.05
369P 0.42	0.26	0.05	0.89	0.43	0.05	0.59	0.24	0.05	0.40	0.09	0.03	1.00	0.25	0.24	0.20	0.51	0.24	0.07	0.02	0.11
370N 0.42	0.37	0.06	0.81	0.39	0.06	0.56	0.18	0.08	0.36	0.12	0.05	1.00	0.20	0.24	0.20	0.81	0.61	0.21	0.03	0.11
371S 0.54	0.42	0.02	0.37	0.39	0.02	0.15	0.05	0.08	0.51	0.12	0.04	0.26	0.11	0.23	0.21	1.00	0.39	0.22	0.01	0.02
372T 0.54	0.89	0.20	0.50	0.74	0.71	0.52	0.60	0.48	0.72	0.79	0.27	0.55	0.34	0.57	0.59	0.81	0.75	0.63	0.19	1.00
373A 0.50	0.86	0.08	0.64	1.00	0.18	0.41	0.20	0.24	0.93	0.39	0.14	0.54	0.31	0.61	0.55	0.79	0.63	0.39	0.05	0.20
374G 0.50	0.34	0.01	0.23	0.02	0.00	1.00	0.01	0.00	0.02	0.01	0.00	0.04	0.02	0.01	0.01	0.06	0.02	0.01	0.00	0.01
375L 0.50	0.07	0.02	0.01	0.01	0.09	0.01	0.01	0.28	0.02	1.00	0.21	0.01	0.10	0.02	0.02	0.02	0.05	0.45	0.01	0.01
pos	A	C	D	E	F	G	H	I	K	L	M	N	P	Q	R	S	T	V	W	Y
376E 0.46	0.63	0.05	0.61	1.00	0.05	0.31	0.11	0.16	0.71	0.24	0.09	0.41	0.25	0.49	0.39	0.70	0.64	0.25	0.02	0.05
377S 0.62	0.73	0.16	0.51	0.85	0.04	0.31	0.10	0.15	0.79	0.25	0.09	0.45	0.32	0.51	0.43	1.00	0.53	0.27	0.01	0.04
378E 0.58	1.00	0.20	0.63	0.96	0.69	0.57	0.59	0.50	0.93	0.82	0.28	0.63	0.38	0.69	0.69	0.89	0.77	0.67	0.18	0.97
379S 0.58	0.74	0.05	0.50	0.81	0.04	0.68	0.10	0.13	0.63	0.21	0.07	0.64	0.21	0.40	0.36	1.00	0.49	0.20	0.02	0.04
380W 0.58	0.61	0.17	0.20	0.26	0.67	0.37	0.64	0.38	0.28	0.62	0.21	0.30	0.20	0.28	0.33	0.39	0.38	0.62	0.92	1.00
381G 0.38	0.26	0.01	0.01	0.01	0.00	1.00	0.00	0.00	0.01	0.01	0.00	0.01	0.02	0.01	0.01	0.05	0.02	0.01	0.00	0.00
382D 0.19	0.00	0.00	1.00	0.00	0.00	0.00	0.00	0.00	0.00	0.00	0.00	0.00	0.00	0.00	0.00	0.00	0.00	0.00	0.00	0.00
383L 0.23	0.14	0.03	0.01	0.03	0.06	0.01	0.01	0.29	0.03	1.00	0.07	0.02	0.03	0.02	0.02	0.04	0.30	0.61	0.01	0.02
384A 0.50	1.00	0.25	0.10	0.13	0.06	0.26	0.05	0.11	0.13	0.13	0.05	0.20	0.15	0.09	0.09	0.49	0.32	0.33	0.02	0.07
385Q 0.50	0.51	0.04	0.45	0.91	0.06	0.26	0.17	0.13	1.00	0.23	0.08	0.34	0.31	0.96	0.50	0.47	0.39	0.32	0.02	0.06
386P 0.46	1.00	0.08	0.07	0.09	0.04	0.53	0.02	0.13	0.10	0.09	0.04	0.06	0.70	0.07	0.07	0.41	0.15	0.14	0.01	0.04
387L 0.46	0.73	0.19	0.43	0.57	0.71	0.46	0.59	0.45	0.56	0.78	0.25	0.49	0.29	0.46	0.50	0.65	0.58	0.61	0.19	1.00
388A 0.50	1.00	0.08	0.23	0.21	0.04	0.53	0.04	0.05	0.16	0.11	0.05	0.14	0.22	0.11	0.10	0.47	0.19	0.19	0.02	0.04
389A 0.46	1.00	0.06	0.27	0.53	0.05	0.32	0.06	0.12	0.37	0.17	0.06	0.21	0.37	0.25	0.21	0.56	0.32	0.34	0.02	0.04
390P 0.46	0.45	0.05	1.00	0.66	0.06	0.51	0.21	0.10	0.56	0.17	0.06	0.87	0.63	0.50	0.31	0.71	0.38	0.16	0.02	0.09
391A 0.50	0.59	0.04	0.01	0.03	0.04	0.00	0.01	0.37	0.03	0.29	0.05	0.02	0.04	0.02	0.02	0.03	0.13	1.00	0.01	0.01
392G 0.50	0.05	0.01	0.23	0.03	0.00	1.00	0.02	0.00	0.03	0.01	0.00	0.10	0.02	0.02	0.01	0.34	0.03	0.01	0.00	0.01
393Y 0.50	0.48	0.17	0.19	0.26	0.66	0.31	0.57	0.37	0.28	0.62	0.21	0.29	0.19	0.28	0.33	0.38	0.37	0.49	0.21	1.00
394L 0.65	0.00	0.00	0.00	0.00	0.00	0.00	0.00	0.00	0.00	1.00	0.00	0.00	0.00	0.00	0.00	0.00	0.00	0.00	0.00	0.00
395T 0.50	1.00	0.05	0.06	0.06	0.02	0.81	0.01	0.03	0.07	0.06	0.03	0.06	0.14	0.04	0.05	0.31	0.55	0.09	0.01	0.02
396L 0.65	0.02	0.01	0.00	0.01	0.11	0.01	0.00	0.07	0.01	0.57	0.04	0.00	0.01	0.01	0.01	0.01	0.01	0.04	1.00	0.07
397V 0.85	0.01	0.00	0.00	0.00	0.01	0.00	0.00	0.15	0.00	1.00	0.02	0.00	0.00	0.00	0.00	0.00	0.01	0.28	0.00	0.00
398P 1.00	0.37	0.01	0.01	0.01	0.00	0.03	0.00	0.00	0.01	0.01	0.00	0.00	1.00	0.00	0.00	0.03	0.01	0.01	0.00	0.00
399L 1.00	0.01	0.00	0.00	0.00	0.02	0.00	0.00	0.04	0.00	1.00	0.02	0.00	0.00	0.00	0.00	0.00	0.01	0.32	0.00	0.00
400L 1.00	1.00	0.13	0.23	0.32	0.21	0.56	0.17	0.18	0.32	0.33	0.12	0.25	0.28	0.24	0.24	0.76	0.59	0.30	0.06	0.28
pos	A	C	D	E	F	G	H	I	K	L	M	N	P	Q	R	S	T	V	W	Y
401A 1.00	0.83	0.99	0.03	0.03	0.01	0.18	0.01	0.02	0.03	0.03	0.02	0.03	0.08	0.02	0.02	1.00	0.08	0.06	0.00	0.01
402T 1.00	0.06	0.02	0.01	0.02	0.75	0.01	0.01	0.27	0.02	1.00	0.49	0.02	0.02	0.03	0.02	0.02	0.24	0.16	0.02	0.04
403M 1.00	0.09	0.33	0.01	0.01	0.02	0.00	0.00	0.30	0.01	0.13	0.24	0.01	0.02	0.01	0.01	0.01	0.06	1.00	0.00	0.01
404L 1.00	0.01	0.00	0.00	0.00	0.02	0.00	0.00	1.00	0.00	0.89	0.02	0.00	0.00	0.00	0.00	0.00	0.01	0.55	0.00	0.01
405F 1.00	0.00	0.00	0.00	0.00	0.87	0.00	0.00	0.01	0.00	0.02	0.00	0.00	0.00	0.00	0.00	0.00	0.00	0.01	0.02	1.00
406I 1.00	0.00	0.00	0.00	0.00	0.00	0.00	0.00	1.00	0.00	0.02	0.00	0.00	0.00	0.00	0.00	0.00	0.00	0.38	0.00	0.00
407M 1.00	0.33	0.01	0.01	0.01	0.08	0.01	0.01	0.31	0.01	1.00	0.29	0.01	0.02	0.02	0.01	0.01	0.04	0.20	0.01	0.01
408G 1.00	0.00	0.00	0.00	0.00	0.00	1.00	0.00	0.00	0.00	0.00	0.00	0.00	0.00	0.00	0.00	0.00	0.00	0.00	0.00	0.00
409Y 1.00	0.00	0.00	0.00	0.00	1.00	0.00	0.00	0.00	0.00	0.01	0.00	0.00	0.00	0.00	0.00	0.00	0.00	0.00	0.01	0.23
410A 1.00	0.74	0.01	0.01	0.01	0.00	0.05	0.00	0.00	0.01	0.01	0.00	0.01	0.02	0.01	0.01	1.00	0.03	0.02	0.00	0.00
411V 1.00	0.02	0.01	0.00	0.01	0.14	0.01	0.00	0.41	0.01	0.88	0.04	0.01	0.01	0.01	0.01	0.07	0.02	1.00	0.00	0.01
412G 1.00	0.00	0.00	0.00	0.00	0.00	1.00	0.00	0.00	0.00	0.00	0.00	0.00	0.00	0.00	0.00	0.00	0.00	0.00	0.00	0.00
413W 1.00	0.01	0.00	0.00	0.00	1.00	0.00	0.00	0.02	0.00	0.04	0.01	0.00	0.00	0.00	0.00	0.01	0.00	0.07	0.64	0.13
414G 1.00	0.00	0.00	0.00	0.00	0.00	1.00	0.00	0.00	0.00	0.00	0.00	0.00	0.00	0.00	0.00	0.00	0.00	0.00	0.00	0.00
415P 1.00	0.00	0.00	0.00	0.00	0.00	0.00	0.00	0.00	0.00	0.00	0.00	0.00	1.00	0.00	0.00	0.00	0.00	0.00	0.00	0.00
416I 1.00	0.00	0.00	0.00	0.00	0.00	0.00	0.00	1.00	0.00	0.00	0.00	0.00	0.00	0.00	0.00	0.00	0.00	0.00	0.00	0.00
417T 1.00	0.03	0.00	0.01	0.01	0.00	0.02	0.00	0.01	0.01	0.01	0.00	0.01	1.00	0.01	0.01	0.04	0.23	0.01	0.00	0.00
418W 1.00	0.00	0.00	0.00	0.00	0.00	0.00	0.00	0.00	0.00	0.00	0.00	0.00	0.00	0.00	0.00	0.00	0.00	0.00	1.00	0.00
419L 1.00	0.00	0.00	0.00	0.00	0.00	0.00	0.00	0.00	0.00	1.00	0.00	0.00	0.00	0.00	0.00	0.00	0.00	0.00	0.00	0.00
420L 1.00	0.01	0.00	0.00	0.00	0.02	0.00	0.00	0.04	0.00	0.77	1.00	0.00	0.00	0.00	0.00	0.00	0.00	0.02	0.00	0.00
421M 1.00	0.00	0.00	0.00	0.00	0.01	0.00	0.00	0.02	0.00	0.18	1.00	0.00	0.00	0.00	0.00	0.00	0.00	0.01	0.00	0.00
422S 1.00	0.09	0.01	0.02	0.01	0.00	1.00	0.00	0.00	0.01	0.01	0.00	0.02	0.02	0.01	0.01	0.69	0.02	0.01	0.00	0.00
423E 1.00	0.00	0.00	0.00	1.00	0.00	0.00	0.00	0.00	0.00	0.00	0.00	0.00	0.00	0.00	0.00	0.00	0.00	0.00	0.00	0.00
424V 1.00	0.00	0.00	0.00	0.00	0.00	0.00	0.00	1.00	0.00	0.02	0.00	0.00	0.00	0.00	0.00	0.00	0.00	0.23	0.00	0.00
425L 1.00	0.01	0.00	0.00	0.00	0.32	0.00	0.00	0.04	0.00	1.00	0.03	0.00	0.00	0.00	0.00	0.00	0.00	0.02	0.01	0.02
pos	A	C	D	E	F	G	H	I	K	L	M	N	P	Q	R	S	T	V	W	Y
426P 1.00	0.00	0.00	0.00	0.00	0.00	0.00	0.00	0.00	0.00	0.00	0.00	0.00	1.00	0.00	0.00	0.00	0.00	0.00	0.00	0.00
427L 1.00	1.00	0.10	0.08	0.10	0.05	0.53	0.03	0.06	0.11	0.15	0.05	0.07	0.24	0.07	0.08	0.50	0.18	0.17	0.02	0.05
428R 1.00	0.04	0.00	0.01	0.05	0.01	0.03	0.33	0.02	1.00	0.04	0.01	0.04	0.03	0.09	0.43	0.03	0.04	0.02	0.01	0.02
429A 1.00	0.26	0.01	0.00	0.01	0.01	0.00	0.00	1.00	0.01	0.06	0.01	0.00	0.01	0.00	0.00	0.01	0.03	0.41	0.00	0.00
430R 1.00	0.01	0.00	0.00	0.01	0.00	0.00	0.01	0.00	0.35	0.01	0.00	0.01	0.01	0.02	1.00	0.01	0.01	0.00	0.00	0.00
431G 1.00	0.00	0.00	0.00	0.00	0.00	1.00	0.00	0.00	0.00	0.00	0.00	0.00	0.00	0.00	0.00	0.00	0.00	0.00	0.00	0.00
432V 1.00	0.49	0.08	0.10	0.09	0.04	0.16	0.03	0.17	0.11	0.15	0.06	0.17	0.19	0.09	0.07	0.83	1.00	0.48	0.02	0.03
433A 1.00	1.00	0.00	0.00	0.00	0.00	0.00	0.00	0.00	0.00	0.00	0.00	0.00	0.00	0.00	0.00	0.00	0.00	0.00	0.00	0.00
434S 1.00	1.00	0.01	0.01	0.01	0.00	0.03	0.00	0.01	0.01	0.01	0.00	0.02	0.02	0.01	0.01	0.34	0.47	0.02	0.00	0.00
435G 1.00	0.63	0.06	0.15	0.09	0.03	0.83	0.03	0.03	0.09	0.06	0.03	0.17	0.17	0.06	0.06	1.00	0.16	0.10	0.01	0.03
436L 1.00	0.01	0.00	0.00	0.00	0.01	0.00	0.00	0.27	0.00	0.39	0.01	0.00	0.00	0.00	0.00	0.00	0.01	1.00	0.00	0.00
437C 1.00	1.00	0.59	0.02	0.04	0.02	0.10	0.01	0.14	0.04	0.11	0.04	0.02	0.07	0.03	0.02	0.11	0.13	0.46	0.00	0.01
438V 1.00	0.10	0.02	0.01	0.02	0.01	0.01	0.00	0.09	0.02	0.06	0.02	0.02	0.02	0.01	0.01	0.06	1.00	0.78	0.00	0.01
439L 1.00	1.00	0.09	0.07	0.08	0.04	0.52	0.02	0.04	0.09	0.15	0.04	0.06	0.22	0.06	0.07	0.46	0.16	0.15	0.01	0.03
440A 1.00	0.88	0.09	0.09	0.10	1.00	0.28	0.04	0.19	0.11	0.26	0.08	0.11	0.18	0.08	0.08	0.51	0.83	0.37	0.05	0.17
441S 1.00	0.01	0.00	0.03	0.01	0.00	0.02	0.01	0.00	0.01	0.00	0.00	1.00	0.01	0.01	0.00	0.21	0.01	0.00	0.00	0.00
442W 1.00	0.00	0.00	0.00	0.00	0.00	0.00	0.00	0.00	0.00	0.00	0.00	0.00	0.00	0.00	0.00	0.00	0.00	0.00	1.00	0.00
443L 1.00	0.33	0.07	0.11	0.10	0.37	0.12	0.09	0.29	0.13	0.73	0.17	0.19	0.14	0.11	0.11	0.79	1.00	0.29	0.06	0.20
444T 1.00	0.19	1.00	0.03	0.03	0.03	0.05	0.01	0.11	0.04	0.12	0.43	0.04	0.06	0.03	0.03	0.18	0.51	0.20	0.01	0.01
445A 1.00	0.70	0.01	0.01	0.01	0.00	0.03	0.00	0.01	0.01	0.01	0.01	0.01	0.02	0.01	0.01	0.06	1.00	0.02	0.00	0.00
446F 1.00	0.00	0.00	0.00	0.00	1.00	0.00	0.00	0.00	0.00	0.00	0.00	0.00	0.00	0.00	0.00	0.00	0.00	0.00	0.00	0.00
447V 1.00	0.01	0.00	0.00	0.00	0.01	0.00	0.00	0.30	0.00	0.40	0.01	0.00	0.00	0.00	0.00	0.00	0.01	1.00	0.00	0.00
448L 1.00	0.01	0.00	0.00	0.00	0.01	0.00	0.00	0.04	0.00	0.22	0.01	0.00	0.00	0.00	0.00	0.00	0.01	1.00	0.00	0.00
449T 1.00	0.00	0.00	0.00	0.00	0.00	0.00	0.00	0.00	0.00	0.00	0.00	0.00	0.00	0.00	0.00	0.00	1.00	0.00	0.00	0.00
450K 1.00	0.00	0.00	0.00	0.00	0.00	0.00	0.00	0.00	1.00	0.00	0.00	0.00	0.00	0.00	0.00	0.00	0.00	0.00	0.00	0.00
pos	A	C	D	E	F	G	H	I	K	L	M	N	P	Q	R	S	T	V	W	Y
451S 1.00	0.10	0.02	0.06	0.34	0.01	0.04	0.01	0.03	0.05	0.03	0.01	0.08	0.05	0.04	0.03	0.56	1.00	0.04	0.01	0.01
452F 1.00	0.00	0.00	0.00	0.00	1.00	0.00	0.00	0.00	0.00	0.01	0.00	0.00	0.00	0.00	0.00	0.00	0.00	0.00	0.01	0.10
453L 1.00	0.75	0.05	0.61	1.00	0.06	0.37	0.13	0.18	0.86	0.35	0.10	0.49	0.26	0.69	0.49	0.75	0.55	0.27	0.02	0.06
454P 1.00	0.06	0.01	1.00	0.09	0.01	0.19	0.06	0.01	0.08	0.01	0.01	0.42	0.28	0.05	0.04	0.50	0.08	0.01	0.01	0.03
455V 1.00	0.02	0.01	0.00	0.01	0.04	0.01	0.00	0.79	0.01	1.00	0.39	0.00	0.01	0.01	0.01	0.01	0.02	0.72	0.00	0.01
456V 1.00	0.06	0.01	0.01	0.01	0.03	0.01	0.00	0.93	0.01	0.23	0.53	0.01	0.01	0.01	0.01	0.01	0.44	1.00	0.00	0.01
457S 1.00	0.73	0.05	0.63	1.00	0.05	0.37	0.12	0.18	0.89	0.30	0.10	0.47	0.26	0.56	0.50	0.73	0.54	0.30	0.02	0.04
458T 1.00	0.73	0.19	0.21	0.29	0.74	0.33	0.58	0.47	0.30	0.70	0.27	0.31	0.22	0.30	0.35	0.46	0.52	0.71	0.19	1.00
459F 1.00	0.04	0.01	0.00	0.01	0.37	0.01	0.01	0.70	0.01	1.00	0.57	0.01	0.02	0.02	0.01	0.01	0.02	0.11	0.01	0.01
460G 1.00	0.36	0.05	0.31	0.21	0.06	1.00	0.15	0.06	0.62	0.13	0.05	0.41	0.16	0.25	0.72	0.32	0.19	0.10	0.03	0.18
461L 1.00	0.95	0.11	0.40	0.58	0.20	0.37	0.20	0.28	0.57	0.47	0.18	0.44	0.46	0.39	0.37	0.93	1.00	0.45	0.06	0.26
462Q 1.00	0.02	0.01	0.02	0.02	0.02	0.02	1.00	0.01	0.05	0.03	0.01	0.03	0.01	0.33	0.04	0.02	0.02	0.02	0.01	0.65
463V 1.00	0.38	0.04	0.05	0.04	0.02	1.00	0.01	0.03	0.05	0.05	0.02	0.04	0.10	0.03	0.04	0.19	0.07	0.23	0.01	0.02
464P 1.00	1.00	0.02	0.02	0.02	0.01	0.09	0.00	0.02	0.02	0.02	0.01	0.02	0.24	0.02	0.02	0.11	0.28	0.05	0.00	0.01
465F 1.00	0.00	0.00	0.00	0.00	1.00	0.00	0.00	0.01	0.00	0.12	0.01	0.00	0.00	0.00	0.00	0.00	0.00	0.01	0.01	0.03
466F 1.00	0.00	0.00	0.00	0.00	0.25	0.00	0.00	0.01	0.00	0.01	0.00	0.00	0.00	0.00	0.00	0.00	0.00	0.01	1.00	0.05
467F 1.00	0.01	0.00	0.00	0.00	0.28	0.00	0.00	0.05	0.00	1.00	0.19	0.00	0.00	0.00	0.00	0.00	0.01	0.03	0.00	0.00
468F 1.00	0.31	0.02	0.02	0.02	1.00	0.07	0.01	0.05	0.03	0.07	0.02	0.02	0.04	0.02	0.02	0.11	0.25	0.09	0.01	0.05
469A 1.00	0.76	0.01	0.01	0.01	0.00	1.00	0.00	0.00	0.01	0.01	0.00	0.01	0.02	0.01	0.01	0.27	0.02	0.02	0.00	0.00
470A 1.00	1.00	0.01	0.01	0.01	0.00	0.03	0.00	0.03	0.01	0.02	0.01	0.01	0.02	0.01	0.01	0.24	0.16	0.34	0.00	0.00
471I 1.00	0.01	0.00	0.00	0.00	0.35	0.00	0.00	1.00	0.00	0.17	0.02	0.00	0.00	0.00	0.00	0.00	0.01	0.25	0.00	0.01
472C 1.00	0.02	1.00	0.00	0.00	0.00	0.01	0.00	0.01	0.00	0.01	0.00	0.00	0.01	0.00	0.00	0.01	0.01	0.09	0.00	0.00
473L 1.00	0.33	0.07	0.01	0.03	0.47	0.01	0.02	1.00	0.03	0.71	0.09	0.02	0.03	0.02	0.02	0.03	0.09	0.56	0.01	0.04
474V 1.00	0.02	0.01	0.01	0.01	0.16	0.09	0.00	0.74	0.01	0.34	0.04	0.01	0.00	0.00	0.01	0.01	0.03	1.00	0.01	0.02
475S 1.00	0.20	0.01	0.01	0.01	0.00	1.00	0.00	0.00	0.01	0.01	0.00	0.01	0.02	0.01	0.01	0.59	0.02	0.02	0.00	0.00
pos	A	C	D	E	F	G	H	I	K	L	M	N	P	Q	R	S	T	V	W	Y
476L 1.00	0.01	0.00	0.00	0.00	0.10	0.00	0.00	0.05	0.00	1.00	0.07	0.00	0.00	0.01	0.00	0.00	0.01	0.34	0.00	0.00
477V 1.00	0.10	0.02	0.01	0.02	0.57	0.01	0.01	0.47	0.02	1.00	0.12	0.01	0.02	0.02	0.02	0.02	0.05	0.59	0.01	0.02
478F 1.00	0.00	0.00	0.00	0.00	1.00	0.00	0.00	0.00	0.00	0.00	0.00	0.00	0.00	0.00	0.00	0.00	0.00	0.00	0.00	0.00
479T 1.00	0.09	0.02	0.01	0.01	0.01	0.01	0.00	0.09	0.02	0.06	0.02	0.01	0.02	0.01	0.01	0.04	0.64	1.00	0.00	0.00
480G 1.00	0.07	0.02	0.01	0.02	0.13	0.13	0.01	1.00	0.02	0.89	0.15	0.02	0.02	0.02	0.02	0.03	0.05	0.49	0.02	0.03
481C 1.00	0.48	0.16	0.06	0.11	0.31	0.08	0.13	0.68	0.12	0.66	0.18	0.09	0.12	0.11	0.11	0.14	0.37	1.00	0.05	0.24
482C 1.00	0.09	0.10	0.03	0.04	1.00	0.04	0.05	0.13	0.03	0.28	0.06	0.03	0.03	0.03	0.03	0.07	0.06	0.15	0.21	0.92
483V 1.00	0.00	0.00	0.00	0.00	0.00	0.00	0.00	0.00	0.00	0.00	0.00	0.00	0.00	0.00	0.00	0.00	0.00	1.00	0.00	0.00
484P 1.00	0.00	0.00	0.00	0.00	0.00	0.00	0.00	0.00	0.00	0.00	0.00	0.00	1.00	0.00	0.00	0.00	0.00	0.00	0.00	0.00
485E 1.00	0.00	0.00	0.00	1.00	0.00	0.00	0.00	0.00	0.00	0.00	0.00	0.00	0.00	0.00	0.00	0.00	0.00	0.00	0.00	0.00
486T 1.00	0.00	0.00	0.00	0.00	0.00	0.00	0.00	0.00	0.00	0.00	0.00	0.00	0.00	0.00	0.00	0.00	1.00	0.00	0.00	0.00
487K 1.00	0.02	0.00	0.00	0.02	0.00	0.01	0.02	0.01	1.00	0.02	0.01	0.02	0.01	0.73	0.36	0.01	0.02	0.01	0.00	0.01
488G 1.00	0.00	0.00	0.00	0.00	0.00	1.00	0.00	0.00	0.00	0.00	0.00	0.00	0.00	0.00	0.00	0.00	0.00	0.00	0.00	0.00
489R 1.00	0.01	0.00	0.00	0.01	0.00	0.01	0.01	0.00	1.00	0.01	0.00	0.01	0.01	0.02	0.54	0.01	0.01	0.00	0.00	0.00
490S 1.00	0.02	0.00	0.01	0.01	0.00	0.01	0.00	0.01	0.01	0.01	0.00	0.02	0.01	0.01	0.01	0.96	1.00	0.01	0.00	0.00
491L 1.00	0.00	0.00	0.00	0.00	0.00	0.00	0.00	0.00	0.00	1.00	0.00	0.00	0.00	0.00	0.00	0.00	0.00	0.00	0.00	0.00
492E 1.00	0.00	0.00	0.00	1.00	0.00	0.00	0.00	0.00	0.00	0.00	0.00	0.00	0.00	0.00	0.00	0.00	0.00	0.00	0.00	0.00
493Q 1.00	0.12	0.00	0.77	1.00	0.01	0.05	0.03	0.01	0.12	0.03	0.01	0.06	0.07	0.68	0.03	0.06	0.05	0.03	0.01	0.02
494I 1.00	0.00	0.00	0.00	0.00	0.00	0.00	0.00	1.00	0.00	0.02	0.00	0.00	0.00	0.00	0.00	0.00	0.00	0.10	0.00	0.00
495E 1.00	0.06	0.00	0.11	1.00	0.01	0.03	0.01	0.01	0.05	0.01	0.01	0.03	0.03	0.05	0.02	0.05	0.31	0.02	0.00	0.01
496S 0.27	1.00	0.06	0.14	0.21	0.06	0.32	0.06	0.08	0.27	0.14	0.18	0.14	0.18	0.16	0.28	0.68	0.29	0.17	0.02	0.06
497F 0.27	0.25	0.05	0.08	0.24	0.32	0.17	0.43	0.15	1.00	0.28	0.09	0.20	0.15	0.36	0.86	0.20	0.23	0.19	0.06	0.29
498F 0.27	0.01	0.00	0.00	0.00	1.00	0.00	0.00	0.03	0.00	0.25	0.02	0.00	0.00	0.00	0.00	0.00	0.00	0.02	0.01	0.05
499R 0.23	0.22	0.02	0.23	1.00	0.03	0.12	0.08	0.06	0.54	0.11	0.04	0.16	0.11	0.26	0.76	0.20	0.38	0.09	0.01	0.04
500T 0.08	0.06	0.01	0.02	0.02	0.01	0.02	0.01	0.02	0.02	0.02	0.01	0.04	0.03	0.02	0.01	0.54	1.00	0.03	0.00	0.01
pos	A	C	D	E	F	G	H	I	K	L	M	N	P	Q	R	S	T	V	W	Y
501G 0.08	0.00	0.00	0.00	0.00	0.00	1.00	0.00	0.00	0.00	0.00	0.00	0.00	0.00	0.00	0.00	0.00	0.00	0.00	0.00	0.00
502R 0.08	0.26	0.03	0.13	0.18	0.03	0.17	0.08	0.06	0.44	0.10	0.04	0.18	0.11	0.19	1.00	0.58	0.25	0.09	0.02	0.05
503R 0.08	0.00	0.00	0.00	0.00	0.00	0.00	0.00	0.00	0.00	0.00	0.00	0.00	0.00	0.00	1.00	0.00	0.00	0.00	0.00	0.00
504S 0.04	0.00	0.00	0.00	0.00	0.00	0.00	0.00	0.00	0.00	0.00	0.00	0.00	0.00	0.00	0.00	1.00	0.00	0.00	0.00	0.00
505F 0.04	0.00	0.00	0.00	0.00	1.00	0.00	0.00	0.00	0.00	0.00	0.00	0.00	0.00	0.00	0.00	0.00	0.00	0.00	0.00	0.00
506L 0.04	0.00	0.00	0.00	0.00	0.00	0.00	0.00	0.00	0.00	1.00	0.00	0.00	0.00	0.00	0.00	0.00	0.00	0.00	0.00	0.00
507R 0.04	0.00	0.00	0.00	0.00	0.00	0.00	0.00	0.00	0.00	0.00	0.00	0.00	0.00	0.00	1.00	0.00	0.00	0.00	0.00	0.00
