Each row corresponds to a position in the reference protein.  Below each position is the fraction of sequences that contain one of the basic amino acids.  A low fraction indicates the position is either severely gapped or unalignable and has little information.  Expect poor prediction at these positions.
Each column corresponds to one of the twenty amino acids. 
Each entry contains the score at a particular position (row) for an amino acid substitution (column).  Substitutions predicted to be intolerant are highlighted in red.




pos	A	C	D	E	F	G	H	I	K	L	M	N	P	Q	R	S	T	V	W	Y
1M 0.03	0.00	0.00	0.00	0.00	0.00	0.00	0.00	0.00	0.00	0.00	1.00	0.00	0.00	0.00	0.00	0.00	0.00	0.00	0.00	0.00
2E 0.03	0.00	0.00	0.00	1.00	0.00	0.00	0.00	0.00	0.00	0.00	0.00	0.00	0.00	0.00	0.00	0.00	0.00	0.00	0.00	0.00
3F 0.03	0.00	0.00	0.00	0.00	1.00	0.00	0.00	0.00	0.00	0.00	0.00	0.00	0.00	0.00	0.00	0.00	0.00	0.00	0.00	0.00
4H 0.03	0.00	0.00	0.00	0.00	0.00	0.00	1.00	0.00	0.00	0.00	0.00	0.00	0.00	0.00	0.00	0.00	0.00	0.00	0.00	0.00
5N 0.03	0.00	0.00	0.00	0.00	0.00	0.00	0.00	0.00	0.00	0.00	0.00	1.00	0.00	0.00	0.00	0.00	0.00	0.00	0.00	0.00
6G 0.03	0.00	0.00	0.00	0.00	0.00	1.00	0.00	0.00	0.00	0.00	0.00	0.00	0.00	0.00	0.00	0.00	0.00	0.00	0.00	0.00
7G 0.03	0.00	0.00	0.00	0.00	0.00	1.00	0.00	0.00	0.00	0.00	0.00	0.00	0.00	0.00	0.00	0.00	0.00	0.00	0.00	0.00
8H 0.03	0.00	0.00	0.00	0.00	0.00	0.00	1.00	0.00	0.00	0.00	0.00	0.00	0.00	0.00	0.00	0.00	0.00	0.00	0.00	0.00
9V 0.03	0.00	0.00	0.00	0.00	0.00	0.00	0.00	0.00	0.00	0.00	0.00	0.00	0.00	0.00	0.00	0.00	0.00	1.00	0.00	0.00
10S 0.03	0.00	0.00	0.00	0.00	0.00	0.00	0.00	0.00	0.00	0.00	0.00	0.00	0.00	0.00	0.00	1.00	0.00	0.00	0.00	0.00
11G 0.03	0.00	0.00	0.00	0.00	0.00	1.00	0.00	0.00	0.00	0.00	0.00	0.00	0.00	0.00	0.00	0.00	0.00	0.00	0.00	0.00
12I 0.03	0.00	0.00	0.00	0.00	0.00	0.00	0.00	1.00	0.00	0.00	0.00	0.00	0.00	0.00	0.00	0.00	0.00	0.00	0.00	0.00
13G 0.03	0.00	0.00	0.00	0.00	0.00	1.00	0.00	0.00	0.00	0.00	0.00	0.00	0.00	0.00	0.00	0.00	0.00	0.00	0.00	0.00
14G 0.03	0.00	0.00	0.00	0.00	0.00	1.00	0.00	0.00	0.00	0.00	0.00	0.00	0.00	0.00	0.00	0.00	0.00	0.00	0.00	0.00
15F 0.03	0.00	0.00	0.00	0.00	1.00	0.00	0.00	0.00	0.00	0.00	0.00	0.00	0.00	0.00	0.00	0.00	0.00	0.00	0.00	0.00
16L 0.03	0.00	0.00	0.00	0.00	0.00	0.00	0.00	0.00	0.00	1.00	0.00	0.00	0.00	0.00	0.00	0.00	0.00	0.00	0.00	0.00
17V 0.03	0.00	0.00	0.00	0.00	0.00	0.00	0.00	0.00	0.00	0.00	0.00	0.00	0.00	0.00	0.00	0.00	0.00	1.00	0.00	0.00
18S 0.03	0.00	0.00	0.00	0.00	0.00	0.00	0.00	0.00	0.00	0.00	0.00	0.00	0.00	0.00	0.00	1.00	0.00	0.00	0.00	0.00
19L 0.03	0.00	0.00	0.00	0.00	0.00	0.00	0.00	0.00	0.00	1.00	0.00	0.00	0.00	0.00	0.00	0.00	0.00	0.00	0.00	0.00
20T 0.03	0.00	0.00	0.00	0.00	0.00	0.00	0.00	0.00	0.00	0.00	0.00	0.00	0.00	0.00	0.00	0.00	1.00	0.00	0.00	0.00
21S 0.05	0.00	0.00	0.00	0.00	0.00	0.00	0.00	0.00	0.00	0.00	0.00	0.00	0.00	0.00	0.00	1.00	0.00	0.00	0.00	0.00
22R 0.05	0.05	0.01	0.02	0.07	0.01	0.04	0.04	0.02	0.72	0.05	0.02	0.05	0.04	0.10	1.00	0.05	0.05	0.03	0.01	0.02
23M 0.18	0.00	0.00	0.00	0.00	0.00	0.00	0.00	0.00	0.00	0.00	1.00	0.00	0.00	0.00	0.00	0.00	0.00	0.00	0.00	0.00
24K 0.32	0.07	0.00	0.23	1.00	0.01	0.03	0.02	0.01	0.41	0.02	0.01	0.04	0.04	0.42	0.03	0.05	0.04	0.02	0.00	0.01
25P 0.34	0.23	0.01	0.05	0.20	0.00	0.04	0.01	0.01	0.03	0.01	0.01	0.02	1.00	0.03	0.01	0.04	0.02	0.02	0.00	0.00
pos	A	C	D	E	F	G	H	I	K	L	M	N	P	Q	R	S	T	V	W	Y
26H 0.34	0.72	0.06	0.62	1.00	0.09	0.38	0.18	0.19	0.93	0.32	0.11	0.50	0.29	0.58	0.55	0.73	0.59	0.29	0.03	0.10
27T 0.47	0.23	0.02	0.16	0.28	0.02	0.12	0.07	0.07	0.62	0.12	0.04	0.17	0.11	0.36	0.50	0.68	1.00	0.10	0.01	0.03
28L 0.45	0.75	0.05	0.61	1.00	0.05	0.38	0.12	0.19	0.94	0.32	0.10	0.49	0.27	0.61	0.52	0.72	0.58	0.28	0.02	0.04
29A 0.47	0.28	0.01	0.03	0.14	0.02	0.07	0.15	0.04	1.00	0.09	0.03	0.10	0.07	0.22	0.66	0.09	0.10	0.06	0.01	0.04
30V 0.71	0.01	0.00	0.00	0.00	0.02	0.00	0.00	0.34	0.00	0.61	0.07	0.00	0.00	0.00	0.00	0.00	0.01	1.00	0.00	0.00
31T 0.71	0.01	0.00	0.01	0.01	0.00	0.01	0.00	0.00	0.01	0.00	0.00	0.01	0.01	0.06	0.01	0.03	1.00	0.01	0.00	0.00
32P 0.76	1.00	0.10	0.08	0.10	0.05	0.59	0.03	0.05	0.11	0.12	0.05	0.07	0.30	0.08	0.08	0.50	0.20	0.17	0.02	0.05
33A 0.76	0.33	0.04	0.09	0.10	0.02	0.09	0.03	0.07	0.11	0.07	0.03	0.12	0.15	0.08	0.20	0.57	1.00	0.27	0.01	0.02
34L 0.76	0.00	0.00	0.00	0.00	0.01	0.00	0.00	0.08	0.00	1.00	0.01	0.00	0.00	0.00	0.00	0.00	0.00	0.01	0.00	0.00
35I 0.76	0.34	0.01	0.00	0.01	0.02	0.00	0.00	0.62	0.01	0.31	0.27	0.01	0.01	0.01	0.01	0.01	0.04	1.00	0.00	0.01
36F 0.76	0.01	0.01	0.00	0.00	0.74	0.00	0.00	0.04	0.00	1.00	0.02	0.00	0.01	0.00	0.00	0.01	0.01	0.03	0.05	0.24
37A 0.76	1.00	0.00	0.01	0.00	0.00	0.02	0.00	0.00	0.01	0.00	0.00	0.01	0.01	0.00	0.00	0.10	0.24	0.01	0.00	0.00
38I 0.76	0.03	0.01	0.00	0.01	0.01	0.00	0.00	0.38	0.01	0.11	0.01	0.00	0.01	0.00	0.00	0.01	0.46	1.00	0.00	0.01
39T 0.76	0.57	0.18	0.22	0.28	0.84	0.40	0.51	0.51	0.31	1.00	0.27	0.33	0.23	0.30	0.35	0.57	0.61	0.56	0.18	0.95
40V 0.76	0.17	0.04	0.07	0.07	0.12	0.09	0.05	1.00	0.09	0.41	0.09	0.09	0.06	0.06	0.07	0.27	0.35	0.97	0.02	0.11
41A 0.76	1.00	0.00	0.00	0.00	0.00	0.00	0.00	0.00	0.00	0.00	0.00	0.00	0.00	0.00	0.00	0.00	0.00	0.00	0.00	0.00
42T 0.76	0.65	0.04	0.01	0.03	0.02	0.02	0.01	0.20	0.03	0.14	0.04	0.02	0.05	0.03	0.02	0.07	0.47	1.00	0.00	0.01
43I 0.76	0.02	0.01	0.00	0.01	0.50	0.00	0.00	0.54	0.01	1.00	0.07	0.01	0.01	0.01	0.01	0.01	0.01	0.07	0.01	0.01
44G 0.76	0.03	0.00	0.01	0.00	0.00	1.00	0.00	0.00	0.00	0.00	0.00	0.01	0.01	0.00	0.00	0.09	0.01	0.00	0.00	0.00
45S 0.92	0.02	0.00	0.00	0.00	0.06	0.01	0.00	0.00	0.00	0.01	0.00	0.01	0.01	0.00	0.00	1.00	0.01	0.01	0.00	0.01
46F 0.92	0.00	0.00	0.00	0.00	1.00	0.00	0.00	0.02	0.00	0.32	0.01	0.00	0.00	0.00	0.00	0.00	0.00	0.01	0.01	0.02
47Q 0.92	0.02	0.00	0.01	0.01	0.02	0.01	0.00	0.03	0.02	0.20	0.02	0.01	0.01	1.00	0.02	0.01	0.01	0.02	0.00	0.00
48F 0.92	0.00	0.00	0.00	0.00	1.00	0.00	0.00	0.01	0.00	0.02	0.00	0.00	0.00	0.00	0.00	0.00	0.00	0.01	0.02	0.91
49G 0.92	0.08	0.00	0.00	0.00	0.00	1.00	0.00	0.00	0.00	0.00	0.00	0.00	0.01	0.00	0.00	0.01	0.00	0.00	0.00	0.00
50Y 0.92	0.00	0.00	0.00	0.00	0.00	0.00	0.00	0.00	0.00	0.00	0.00	0.00	0.00	0.00	0.00	0.00	0.00	0.00	0.00	1.00
pos	A	C	D	E	F	G	H	I	K	L	M	N	P	Q	R	S	T	V	W	Y
51N 0.92	0.00	0.00	0.15	0.01	0.00	0.01	0.00	0.00	0.01	0.00	0.00	1.00	0.00	0.00	0.00	0.06	0.00	0.00	0.00	0.00
52T 0.92	0.13	0.03	0.01	0.02	0.07	0.02	0.00	0.93	0.03	0.43	0.08	0.02	0.03	0.02	0.02	0.03	0.15	1.00	0.01	0.03
53G 0.92	0.45	0.01	0.01	0.01	0.00	1.00	0.00	0.00	0.01	0.01	0.00	0.01	0.02	0.00	0.00	0.41	0.01	0.01	0.00	0.00
54V 0.92	0.21	0.01	0.00	0.00	0.00	0.00	0.00	0.03	0.00	0.02	0.01	0.00	0.01	0.00	0.00	0.01	0.05	1.00	0.00	0.00
55I 0.92	0.01	0.08	0.00	0.00	0.00	0.00	0.00	1.00	0.00	0.03	0.00	0.00	0.00	0.00	0.00	0.00	0.01	0.50	0.00	0.00
56N 0.92	0.00	0.00	0.00	0.00	0.00	0.00	0.00	0.00	0.00	0.00	0.00	1.00	0.00	0.00	0.00	0.00	0.00	0.00	0.00	0.00
57A 0.92	1.00	0.00	0.01	0.01	0.00	0.02	0.00	0.00	0.01	0.01	0.00	0.01	0.01	0.01	0.04	0.41	0.23	0.01	0.00	0.00
58P 0.92	0.00	0.00	0.00	0.00	0.00	0.00	0.00	0.00	0.00	0.00	0.00	0.00	1.00	0.00	0.00	0.00	0.00	0.00	0.00	0.00
59E 0.92	0.45	0.02	0.32	1.00	0.03	0.15	0.27	0.07	0.36	0.12	0.04	0.20	0.12	0.84	0.20	0.61	0.45	0.11	0.01	0.03
60T 0.92	0.51	0.03	0.38	0.87	0.03	0.23	0.07	0.11	1.00	0.23	0.06	0.30	0.28	0.42	0.32	0.44	0.51	0.21	0.01	0.02
61I 0.92	0.01	0.00	0.00	0.00	0.20	0.01	0.00	0.72	0.01	0.34	0.02	0.00	0.00	0.00	0.01	0.01	0.02	1.00	0.00	0.17
62I 0.92	0.01	0.00	0.00	0.00	0.19	0.00	0.00	1.00	0.00	0.19	0.38	0.00	0.00	0.01	0.00	0.00	0.01	0.04	0.00	0.00
63K 0.92	0.05	0.00	0.03	0.50	0.00	0.02	0.01	0.01	1.00	0.02	0.01	0.03	0.02	0.30	0.24	0.10	0.14	0.02	0.00	0.01
64E 0.95	0.64	0.02	0.66	1.00	0.02	0.16	0.19	0.07	0.44	0.12	0.04	0.21	0.13	0.58	0.21	0.47	0.23	0.12	0.01	0.02
65F 0.95	0.07	0.01	0.01	0.02	1.00	0.02	0.08	0.03	0.02	0.04	0.01	0.02	0.01	0.02	0.02	0.13	0.03	0.10	0.01	0.10
66I 0.95	0.01	0.00	0.00	0.00	0.04	0.00	0.00	0.27	0.01	0.38	0.03	0.00	0.00	0.01	0.00	0.01	0.01	0.16	0.01	1.00
67N 0.95	0.01	0.00	0.03	0.01	0.00	0.12	0.01	0.00	0.01	0.00	0.00	1.00	0.01	0.01	0.00	0.02	0.01	0.00	0.00	0.00
68K 0.95	0.62	0.05	0.60	1.00	0.06	0.32	0.13	0.15	0.77	0.25	0.09	0.41	0.21	0.53	0.46	0.57	0.45	0.28	0.02	0.19
69T 0.95	0.02	0.00	0.01	0.01	0.00	0.01	0.00	0.01	0.01	0.01	0.05	0.01	0.04	0.01	0.01	0.20	1.00	0.01	0.00	0.04
70L 0.95	0.43	0.15	0.19	0.23	0.59	0.28	0.50	0.33	0.24	0.77	0.19	0.26	0.17	0.25	0.29	0.34	0.33	0.44	0.29	1.00
71T 0.95	0.52	0.18	0.22	0.30	0.70	0.34	0.54	0.39	0.31	0.65	0.22	0.32	0.21	0.30	0.36	0.41	0.41	0.50	0.18	1.00
72D 0.95	0.41	0.04	1.00	0.97	0.05	0.39	0.24	0.11	0.51	0.17	0.06	0.42	0.16	0.41	0.57	0.56	0.32	0.16	0.02	0.10
73K 0.95	0.01	0.00	0.00	0.05	0.00	0.00	0.00	0.00	0.15	0.01	0.00	0.01	0.00	0.09	1.00	0.04	0.01	0.00	0.00	0.00
74A 0.95	0.52	0.18	0.22	0.29	0.70	0.34	0.55	0.39	0.31	0.65	0.22	0.32	0.21	0.30	0.36	0.42	0.41	0.51	0.18	1.00
75N 0.95	0.56	0.03	0.49	0.94	0.03	1.00	0.13	0.10	0.58	0.17	0.06	0.52	0.28	0.33	0.29	0.52	0.32	0.16	0.01	0.03
pos	A	C	D	E	F	G	H	I	K	L	M	N	P	Q	R	S	T	V	W	Y
76A 0.95	0.59	0.04	0.46	1.00	0.03	0.29	0.08	0.14	0.62	0.20	0.07	0.35	0.22	0.39	0.42	0.49	0.53	0.19	0.01	0.03
77P 0.95	0.52	0.18	0.22	0.29	0.70	0.34	0.54	0.39	0.31	0.66	0.22	0.32	0.22	0.30	0.36	0.41	0.40	0.50	0.18	1.00
78P 0.95	0.86	0.09	0.08	0.10	0.20	0.45	0.04	0.52	0.13	1.00	0.27	0.08	0.27	0.10	0.10	0.42	0.20	0.41	0.03	0.06
79S 0.95	0.61	0.04	0.86	0.93	0.04	0.33	0.10	0.15	0.74	0.28	0.08	0.46	0.28	0.47	0.45	1.00	0.57	0.23	0.01	0.03
80E 0.95	0.65	0.04	0.56	1.00	0.04	0.35	0.09	0.13	0.64	0.21	0.07	0.37	0.30	0.43	0.35	0.62	0.43	0.20	0.01	0.04
81V 0.92	0.80	0.08	0.63	1.00	0.17	0.41	0.20	0.24	0.93	0.39	0.14	0.52	0.29	0.61	0.55	0.76	0.61	0.36	0.05	0.19
82L 0.92	0.51	0.14	0.18	0.20	0.42	0.22	0.31	0.41	0.24	0.64	0.20	0.29	0.21	0.22	0.24	0.76	1.00	0.54	0.11	0.55
83L 0.95	0.00	0.00	0.00	0.00	0.01	0.00	0.00	0.09	0.00	1.00	0.09	0.00	0.00	0.00	0.00	0.00	0.00	0.08	0.00	0.00
84T 0.95	0.03	0.01	0.01	0.01	0.01	0.01	0.00	0.03	0.01	0.18	0.02	0.01	0.01	0.01	0.01	0.04	1.00	0.03	0.00	0.01
85N 0.95	0.24	0.05	0.09	0.07	0.04	0.07	0.04	0.09	0.10	0.43	0.16	0.21	0.10	0.08	0.06	0.69	1.00	0.14	0.02	0.05
86L 0.95	0.00	0.00	0.00	0.00	0.06	0.00	0.00	0.01	0.00	1.00	0.00	0.00	0.00	0.00	0.00	0.00	0.00	0.00	0.01	0.06
87W 0.95	0.00	0.00	0.00	0.00	0.00	0.00	0.00	0.00	0.00	0.00	0.00	0.00	0.00	0.00	0.00	0.00	0.00	0.00	1.00	0.00
88S 0.95	0.12	0.00	0.00	0.00	0.00	0.01	0.00	0.00	0.00	0.00	0.00	0.00	0.01	0.00	0.00	1.00	0.01	0.00	0.00	0.00
89L 0.95	0.03	0.16	0.00	0.01	0.02	0.00	0.00	0.15	0.01	1.00	0.02	0.00	0.01	0.01	0.00	0.01	0.02	0.45	0.00	0.00
90S 0.95	0.02	0.09	0.01	0.01	0.00	0.01	0.00	0.01	0.01	0.01	0.00	0.02	0.01	0.01	0.01	1.00	0.77	0.01	0.00	0.00
91V 0.95	0.00	0.00	0.00	0.00	0.00	0.00	0.00	0.00	0.00	0.00	0.00	0.00	0.00	0.00	0.00	0.00	0.00	1.00	0.00	0.00
92A 0.95	0.75	0.01	0.01	0.01	0.00	0.04	0.00	0.00	0.01	0.01	0.00	0.01	0.02	0.01	0.01	1.00	0.02	0.01	0.00	0.00
93I 0.95	0.07	0.01	0.01	0.01	0.05	0.02	0.01	1.00	0.02	0.28	0.68	0.01	0.02	0.01	0.01	0.23	0.06	0.17	0.01	0.01
94F 0.95	0.00	0.00	0.00	0.00	1.00	0.00	0.00	0.00	0.00	0.00	0.00	0.00	0.00	0.00	0.00	0.00	0.00	0.00	0.00	0.00
95S 0.95	1.00	0.08	0.06	0.07	0.03	0.43	0.01	0.04	0.08	0.08	0.04	0.06	0.46	0.05	0.06	0.74	0.18	0.13	0.01	0.02
96V 0.95	0.02	0.01	0.00	0.00	0.26	0.01	0.00	0.37	0.01	0.27	0.02	0.00	0.00	0.00	0.01	0.08	0.02	1.00	0.00	0.01
97G 0.95	0.00	0.00	0.00	0.00	0.00	1.00	0.00	0.00	0.00	0.00	0.00	0.00	0.00	0.00	0.00	0.00	0.00	0.00	0.00	0.00
98G 0.95	0.00	0.00	0.00	0.00	0.00	1.00	0.00	0.00	0.00	0.00	0.00	0.00	0.00	0.00	0.00	0.00	0.00	0.00	0.00	0.00
99M 0.95	0.01	0.00	0.00	0.00	0.43	0.00	0.00	0.06	0.00	0.51	1.00	0.00	0.00	0.01	0.00	0.00	0.01	0.03	0.00	0.01
100I 0.95	0.11	0.01	0.00	0.00	0.01	0.00	0.00	1.00	0.00	0.31	0.01	0.00	0.01	0.00	0.00	0.00	0.07	0.49	0.00	0.00
pos	A	C	D	E	F	G	H	I	K	L	M	N	P	Q	R	S	T	V	W	Y
101G 0.95	0.20	0.00	0.00	0.00	0.00	1.00	0.00	0.00	0.00	0.00	0.00	0.00	0.01	0.00	0.00	0.22	0.01	0.01	0.00	0.00
102S 0.95	0.01	0.00	0.00	0.00	0.00	0.00	0.00	0.00	0.00	0.00	0.00	0.00	0.00	0.00	0.00	1.00	0.13	0.00	0.00	0.00
103F 0.95	0.01	0.00	0.00	0.00	1.00	0.00	0.00	0.05	0.00	0.86	0.03	0.00	0.00	0.00	0.00	0.00	0.01	0.03	0.01	0.04
104S 0.95	0.16	0.04	0.03	0.04	0.22	0.04	0.05	0.54	0.05	1.00	0.22	0.04	0.05	0.06	0.05	0.06	0.11	0.48	0.03	0.10
105V 0.95	0.01	0.00	0.00	0.00	0.02	0.12	0.00	0.31	0.00	0.08	0.01	0.00	0.00	0.00	0.00	0.01	0.01	1.00	0.00	0.01
106G 0.95	0.02	0.00	0.01	0.01	0.00	1.00	0.00	0.00	0.11	0.00	0.00	0.01	0.01	0.00	0.01	0.05	0.01	0.00	0.00	0.00
107L 0.95	0.08	0.02	0.02	0.03	0.19	0.03	0.03	0.32	0.03	1.00	0.22	0.03	0.08	0.04	0.03	0.03	0.05	0.17	0.06	0.06
108F 0.95	0.02	0.01	0.00	0.01	0.60	0.00	0.00	0.46	0.01	1.00	0.13	0.01	0.01	0.01	0.01	0.01	0.01	0.06	0.01	0.01
109V 0.95	1.00	0.10	0.10	0.10	0.07	0.60	0.03	0.13	0.11	0.15	0.06	0.09	0.24	0.08	0.08	0.54	0.21	0.40	0.02	0.06
110N 0.95	0.01	0.00	0.41	0.03	0.00	0.04	0.01	0.00	0.16	0.00	0.00	1.00	0.01	0.14	0.01	0.03	0.01	0.00	0.00	0.01
111R 0.95	0.24	0.03	0.13	0.29	0.06	0.14	0.12	0.09	1.00	0.16	0.06	0.27	0.13	0.31	1.00	0.34	0.31	0.22	0.11	0.09
112F 0.95	0.03	0.11	0.00	0.01	0.94	0.01	0.01	0.11	0.01	1.00	0.07	0.01	0.01	0.01	0.01	0.01	0.02	0.07	0.12	0.25
113G 0.95	0.00	0.00	0.00	0.00	0.00	1.00	0.00	0.00	0.00	0.00	0.00	0.00	0.00	0.00	0.00	0.00	0.00	0.00	0.00	0.00
114R 0.95	0.00	0.00	0.00	0.00	0.00	0.00	0.00	0.00	0.05	0.00	0.00	0.00	0.00	0.01	1.00	0.00	0.00	0.00	0.00	0.00
115R 0.95	0.06	0.01	0.01	0.08	0.01	0.07	0.05	0.16	1.00	0.06	0.02	0.06	0.05	0.14	0.70	0.05	0.07	0.08	0.01	0.03
116N 0.95	0.19	0.03	0.39	0.27	0.04	0.53	0.24	0.06	1.00	0.13	0.04	0.74	0.15	0.34	0.80	0.29	0.20	0.08	0.03	0.09
117S 0.95	1.00	0.01	0.02	0.01	0.00	0.03	0.00	0.01	0.02	0.01	0.01	0.03	0.03	0.01	0.01	0.91	0.82	0.02	0.00	0.00
118M 0.95	0.01	0.00	0.00	0.00	0.02	0.00	0.00	0.03	0.00	0.93	1.00	0.00	0.00	0.00	0.00	0.00	0.00	0.02	0.00	0.00
119L 0.95	0.00	0.00	0.00	0.00	0.00	0.00	0.00	0.00	0.00	1.00	0.00	0.00	0.00	0.00	0.00	0.00	0.00	0.00	0.00	0.00
120I 0.95	0.24	0.03	0.01	0.03	0.32	0.02	0.01	0.85	0.03	1.00	0.29	0.02	0.04	0.04	0.03	0.03	0.09	0.72	0.02	0.04
121V 0.95	1.00	0.14	0.11	0.14	0.09	0.33	0.05	0.42	0.16	0.35	0.13	0.21	0.24	0.11	0.10	0.52	0.59	0.96	0.02	0.07
122N 0.97	0.00	0.00	0.00	0.00	0.00	0.00	0.00	0.00	0.00	0.00	0.00	1.00	0.00	0.00	0.00	0.00	0.00	0.00	0.00	0.00
123L 0.97	0.07	0.01	0.01	0.01	0.05	0.12	0.00	1.00	0.02	0.56	0.04	0.01	0.01	0.01	0.01	0.09	0.04	0.75	0.01	0.03
124L 0.97	0.02	0.00	0.00	0.00	0.63	0.00	0.00	0.11	0.01	1.00	0.05	0.00	0.01	0.01	0.01	0.00	0.01	0.04	0.01	0.01
125A 1.00	1.00	0.00	0.00	0.00	0.00	0.02	0.00	0.00	0.00	0.00	0.00	0.00	0.01	0.00	0.00	0.59	0.01	0.01	0.00	0.00
pos	A	C	D	E	F	G	H	I	K	L	M	N	P	Q	R	S	T	V	W	Y
126A 1.00	0.12	0.00	0.00	0.00	0.25	0.00	0.00	1.00	0.00	0.25	0.02	0.00	0.00	0.00	0.00	0.00	0.01	0.29	0.00	0.01
127T 1.00	0.41	0.04	0.01	0.03	0.03	0.00	0.01	0.46	0.03	0.46	0.05	0.02	0.04	0.02	0.02	0.18	0.42	1.00	0.00	0.01
128G 1.00	1.00	0.07	0.06	0.07	0.03	0.95	0.01	0.03	0.07	0.07	0.03	0.05	0.57	0.05	0.05	0.54	0.13	0.12	0.01	0.02
129G 1.00	1.00	0.01	0.02	0.01	0.00	0.48	0.00	0.00	0.01	0.01	0.00	0.07	0.02	0.01	0.01	0.04	0.01	0.01	0.00	0.00
130C 1.00	0.42	0.33	0.02	0.05	0.04	0.00	0.01	0.72	0.05	0.63	0.07	0.02	0.07	0.04	0.03	0.08	0.27	1.00	0.01	0.02
131L 1.00	0.00	0.00	0.00	0.00	0.03	0.00	0.00	0.01	0.00	1.00	0.01	0.00	0.00	0.00	0.00	0.00	0.00	0.01	0.00	0.00
132M 1.00	0.00	0.00	0.00	0.00	0.00	0.00	0.00	0.00	0.00	0.00	1.00	0.00	0.00	0.00	0.00	0.00	0.00	0.00	0.00	0.00
133G 1.00	0.16	0.00	0.00	0.00	0.00	1.00	0.00	0.00	0.00	0.00	0.00	0.00	0.01	0.00	0.00	0.01	0.00	0.00	0.00	0.00
134L 1.00	0.32	0.21	0.03	0.06	0.36	0.02	0.04	0.55	0.06	1.00	0.21	0.04	0.08	0.06	0.05	0.07	0.24	0.81	0.03	0.08
135C 1.00	0.42	0.19	0.01	0.01	0.01	0.09	0.00	0.01	0.02	0.02	0.01	0.01	0.04	0.01	0.01	1.00	0.04	0.03	0.00	0.00
136K 1.00	0.04	0.00	0.06	0.09	0.00	0.02	0.01	0.01	1.00	0.13	0.01	0.10	0.02	0.08	0.12	0.04	0.03	0.02	0.00	0.01
137I 1.00	0.38	0.05	0.02	0.05	0.23	0.02	0.04	1.00	0.05	0.91	0.24	0.03	0.05	0.23	0.04	0.05	0.22	0.98	0.02	0.07
138A 1.00	1.00	0.00	0.00	0.00	0.00	0.33	0.00	0.00	0.00	0.00	0.00	0.00	0.01	0.00	0.00	0.02	0.01	0.03	0.00	0.00
139E 1.00	0.64	0.04	0.47	0.93	0.04	0.37	0.09	0.14	1.00	0.25	0.08	0.37	0.35	0.49	0.52	0.55	0.45	0.21	0.01	0.03
140S 1.00	0.43	0.00	0.00	0.00	0.00	0.03	0.00	0.00	0.00	0.00	0.00	0.00	0.01	0.00	0.00	1.00	0.01	0.01	0.00	0.00
141V 1.00	0.10	0.03	0.04	0.05	1.00	0.06	0.35	0.08	0.06	0.13	0.04	0.06	0.04	0.06	0.07	0.08	0.07	0.48	0.03	0.38
142E 1.00	0.12	0.01	0.08	1.00	0.01	0.02	0.01	0.11	0.03	0.02	0.01	0.01	0.03	0.04	0.01	0.03	0.03	0.04	0.00	0.00
143M 1.00	0.01	0.00	0.00	0.00	0.02	0.00	0.00	0.15	0.00	0.74	1.00	0.00	0.00	0.00	0.00	0.00	0.00	0.02	0.00	0.00
144L 1.00	0.01	0.00	0.00	0.00	0.02	0.00	0.00	0.85	0.00	1.00	0.03	0.00	0.00	0.00	0.00	0.00	0.01	0.04	0.00	0.00
145I 1.00	0.00	0.00	0.00	0.00	0.00	0.00	0.00	1.00	0.00	0.01	0.00	0.00	0.00	0.00	0.00	0.00	0.00	0.10	0.00	0.00
146L 1.00	0.31	0.02	0.01	0.02	0.16	0.01	0.01	0.52	0.02	1.00	0.06	0.01	0.02	0.01	0.01	0.06	0.06	0.53	0.01	0.02
147G 1.00	0.12	0.01	0.00	0.00	0.00	1.00	0.00	0.00	0.01	0.01	0.00	0.00	0.01	0.00	0.00	0.44	0.01	0.01	0.00	0.00
148R 1.00	0.00	0.00	0.00	0.00	0.00	0.00	0.00	0.00	0.00	0.00	0.00	0.00	0.00	0.00	1.00	0.00	0.00	0.00	0.00	0.00
149L 1.00	0.49	0.08	0.08	0.11	0.76	0.28	0.18	0.22	0.12	1.00	0.12	0.12	0.13	0.11	0.13	0.39	0.18	0.49	0.07	0.32
150V 1.00	0.01	0.00	0.00	0.00	0.06	0.00	0.00	1.00	0.00	0.83	0.01	0.00	0.00	0.00	0.00	0.00	0.01	0.52	0.00	0.00
pos	A	C	D	E	F	G	H	I	K	L	M	N	P	Q	R	S	T	V	W	Y
151I 1.00	0.03	0.01	0.00	0.01	0.02	0.01	0.00	1.00	0.01	0.22	0.17	0.00	0.01	0.00	0.01	0.20	0.09	0.71	0.00	0.01
152G 1.00	0.00	0.00	0.00	0.00	0.00	1.00	0.00	0.00	0.00	0.00	0.00	0.00	0.00	0.00	0.00	0.00	0.00	0.00	0.00	0.00
153L 1.00	0.19	0.01	0.00	0.00	0.02	0.00	0.00	1.00	0.01	0.74	0.02	0.00	0.01	0.00	0.00	0.01	0.02	0.52	0.00	0.01
154F 1.00	0.12	0.06	0.06	0.06	1.00	0.07	0.08	0.14	0.05	0.30	0.07	0.07	0.05	0.05	0.05	0.10	0.09	0.15	0.22	0.93
155C 1.00	0.91	1.00	0.02	0.02	0.01	0.31	0.00	0.01	0.02	0.02	0.01	0.02	0.06	0.02	0.02	0.32	0.04	0.04	0.00	0.01
156G 1.00	0.00	0.00	0.00	0.00	0.00	1.00	0.00	0.00	0.00	0.00	0.00	0.00	0.00	0.00	0.00	0.00	0.00	0.00	0.00	0.00
157L 1.00	0.01	0.00	0.00	0.00	0.01	0.00	0.00	0.37	0.00	1.00	0.01	0.00	0.00	0.00	0.00	0.00	0.00	0.26	0.00	0.00
158C 1.00	0.39	0.15	0.09	0.07	0.03	0.10	0.03	0.17	0.09	0.10	0.04	0.16	0.13	0.07	0.06	0.82	1.00	0.23	0.02	0.03
159T 1.00	0.16	0.03	0.07	0.05	0.04	0.05	0.03	0.06	0.07	0.14	0.03	0.12	0.08	0.05	0.05	0.92	1.00	0.08	0.02	0.14
160G 1.00	0.02	0.00	0.06	0.02	0.00	1.00	0.01	0.00	0.02	0.00	0.00	0.43	0.01	0.01	0.01	0.36	0.02	0.00	0.00	0.01
161F 1.00	0.36	0.06	0.02	0.05	0.48	0.01	0.02	0.39	0.05	0.71	0.11	0.03	0.06	0.04	0.03	0.05	0.24	1.00	0.01	0.03
162V 1.00	0.00	0.00	0.00	0.00	0.00	0.00	0.00	0.07	0.00	0.27	0.01	0.00	0.00	0.00	0.00	0.00	0.00	1.00	0.00	0.00
163P 1.00	0.00	0.00	0.00	0.00	0.00	0.00	0.00	0.00	0.00	0.00	0.00	0.00	1.00	0.00	0.00	0.00	0.00	0.00	0.00	0.00
164M 1.00	0.00	0.00	0.00	0.00	0.00	0.00	0.00	0.00	0.00	0.00	1.00	0.00	0.00	0.00	0.00	0.00	0.00	0.00	0.00	0.00
165Y 1.00	0.00	0.00	0.00	0.00	0.00	0.00	0.00	0.00	0.00	0.00	0.00	0.00	0.00	0.00	0.00	0.00	0.00	0.00	0.00	1.00
166I 1.00	0.01	0.00	0.00	0.00	0.02	0.00	0.00	0.94	0.00	1.00	0.02	0.00	0.00	0.00	0.00	0.00	0.01	0.72	0.00	0.01
167G 1.00	0.03	0.00	0.01	0.00	0.00	1.00	0.00	0.00	0.00	0.00	0.00	0.01	0.01	0.00	0.00	0.20	0.01	0.00	0.00	0.00
168E 1.00	0.00	0.00	0.00	1.00	0.00	0.00	0.00	0.00	0.00	0.00	0.00	0.00	0.00	0.00	0.00	0.00	0.00	0.00	0.00	0.00
169I 1.00	0.01	0.00	0.00	0.00	0.01	0.00	0.00	1.00	0.00	0.76	0.01	0.00	0.00	0.00	0.00	0.00	0.01	0.67	0.00	0.00
170S 1.00	1.00	0.01	0.01	0.01	0.00	0.05	0.00	0.00	0.01	0.01	0.00	0.01	0.02	0.01	0.01	0.99	0.02	0.02	0.00	0.00
171P 1.00	0.00	0.00	0.00	0.00	0.00	0.00	0.00	0.00	0.00	0.00	0.00	0.00	1.00	0.00	0.00	0.00	0.00	0.00	0.00	0.00
172T 1.00	0.07	0.01	0.03	0.08	0.01	0.04	0.04	0.02	0.86	0.05	0.02	0.06	0.04	0.16	0.24	0.10	1.00	0.03	0.01	0.02
173A 1.00	0.67	0.08	0.86	0.82	0.08	0.56	0.20	0.15	0.68	0.23	0.09	0.89	0.29	0.46	0.38	1.00	0.91	0.24	0.03	0.12
174L 1.00	0.00	0.00	0.00	0.00	0.01	0.00	0.00	0.12	0.00	1.00	0.01	0.00	0.00	0.00	0.00	0.00	0.00	0.01	0.05	0.00
175R 1.00	0.00	0.00	0.00	0.00	0.00	0.00	0.00	0.00	0.00	0.00	0.00	0.00	0.00	0.00	1.00	0.00	0.00	0.00	0.00	0.00
pos	A	C	D	E	F	G	H	I	K	L	M	N	P	Q	R	S	T	V	W	Y
176G 1.00	0.00	0.00	0.00	0.00	0.00	1.00	0.00	0.00	0.00	0.00	0.00	0.00	0.00	0.00	0.00	0.00	0.00	0.00	0.00	0.00
177A 1.00	1.00	0.00	0.00	0.00	0.00	0.03	0.00	0.00	0.00	0.01	0.08	0.00	0.01	0.00	0.00	0.13	0.01	0.01	0.00	0.00
178F 1.00	0.01	0.00	0.00	0.00	0.32	0.00	0.00	0.08	0.00	1.00	0.03	0.00	0.00	0.00	0.00	0.00	0.01	0.12	0.00	0.00
179G 1.00	0.00	0.00	0.00	0.00	0.00	1.00	0.00	0.00	0.00	0.00	0.00	0.00	0.00	0.00	0.00	0.00	0.00	0.00	0.00	0.00
180T 1.00	0.10	0.01	0.01	0.01	0.01	0.01	0.00	0.05	0.01	0.04	0.01	0.01	0.02	0.13	0.01	0.04	1.00	0.42	0.00	0.00
181L 1.00	0.02	0.01	0.00	0.07	0.11	0.00	0.00	0.10	0.01	1.00	0.16	0.00	0.01	0.01	0.01	0.01	0.01	0.47	0.01	0.01
182N 1.00	0.20	0.04	0.30	0.11	0.03	0.21	0.38	0.05	0.14	0.06	0.03	0.74	0.31	0.10	0.08	0.72	1.00	0.09	0.02	0.05
183Q 1.00	0.13	0.00	0.04	0.21	0.00	0.01	0.00	0.00	0.02	0.00	0.00	0.01	0.01	1.00	0.01	0.01	0.01	0.00	0.00	0.00
184L 1.00	0.00	0.00	0.00	0.00	0.01	0.00	0.00	0.14	0.00	1.00	0.01	0.00	0.00	0.00	0.00	0.00	0.00	0.15	0.00	0.00
185G 1.00	1.00	0.10	0.08	0.09	0.06	0.55	0.02	0.05	0.10	0.10	0.04	0.07	0.24	0.07	0.07	0.49	0.17	0.16	0.02	0.04
186I 1.00	0.00	0.00	0.00	0.00	0.00	0.00	0.00	1.00	0.00	0.08	0.00	0.00	0.00	0.00	0.00	0.00	0.00	0.16	0.00	0.00
187V 1.00	0.06	0.14	0.00	0.01	0.01	0.00	0.00	0.24	0.01	0.05	0.01	0.00	0.01	0.01	0.01	0.01	0.37	1.00	0.00	0.00
188I 1.00	0.02	0.01	0.00	0.00	0.01	0.00	0.00	1.00	0.01	0.22	0.01	0.00	0.00	0.00	0.00	0.01	0.37	0.99	0.00	0.01
189G 1.00	0.00	0.00	0.00	0.00	0.00	1.00	0.00	0.00	0.00	0.00	0.00	0.00	0.00	0.00	0.00	0.00	0.00	0.00	0.00	0.00
190I 1.00	0.00	0.00	0.00	0.00	0.00	0.00	0.00	1.00	0.00	0.01	0.00	0.00	0.00	0.00	0.00	0.00	0.00	0.27	0.00	0.00
191L 1.00	0.00	0.00	0.00	0.00	0.20	0.00	0.00	0.02	0.00	1.00	0.01	0.00	0.00	0.00	0.00	0.00	0.00	0.01	0.00	0.01
192V 1.00	0.01	0.00	0.00	0.00	0.01	0.00	0.00	0.68	0.00	0.23	0.01	0.00	0.00	0.00	0.00	0.00	0.17	1.00	0.00	0.00
193A 1.00	1.00	0.00	0.00	0.00	0.00	0.13	0.00	0.00	0.00	0.00	0.00	0.00	0.01	0.00	0.00	0.21	0.01	0.01	0.00	0.00
194Q 1.00	0.00	0.00	0.00	0.00	0.00	0.00	0.00	0.00	0.00	0.00	0.00	0.00	0.00	1.00	0.00	0.00	0.00	0.00	0.00	0.00
195I 1.00	0.00	0.00	0.00	0.00	0.01	0.00	0.00	1.00	0.00	0.26	0.01	0.00	0.00	0.00	0.00	0.00	0.00	0.49	0.00	0.00
196F 1.00	0.11	0.01	0.00	0.00	1.00	0.00	0.00	0.13	0.01	0.50	0.04	0.00	0.01	0.01	0.01	0.01	0.02	0.15	0.00	0.01
197G 1.00	0.02	0.00	0.01	0.00	0.00	1.00	0.00	0.00	0.00	0.00	0.00	0.01	0.01	0.00	0.00	0.13	0.00	0.00	0.00	0.00
198L 1.00	0.00	0.00	0.00	0.00	0.00	0.00	0.00	0.00	0.00	1.00	0.00	0.00	0.00	0.00	0.00	0.00	0.00	0.00	0.00	0.00
199E 1.00	0.46	0.03	0.70	1.00	0.03	0.23	0.08	0.11	0.63	0.18	0.06	0.29	0.27	0.49	0.55	0.49	0.33	0.17	0.01	0.03
200L 1.00	0.77	0.19	0.41	0.62	0.73	0.46	0.57	0.45	0.60	0.75	0.25	0.47	0.29	0.49	0.52	0.68	0.58	0.60	0.19	1.00
pos	A	C	D	E	F	G	H	I	K	L	M	N	P	Q	R	S	T	V	W	Y
201I 1.00	0.01	0.00	0.00	0.00	0.01	0.00	0.00	1.00	0.00	0.51	0.11	0.00	0.00	0.00	0.00	0.00	0.00	0.09	0.00	0.00
202L 0.97	0.00	0.00	0.00	0.00	0.01	0.00	0.00	0.02	0.00	1.00	0.22	0.00	0.00	0.00	0.00	0.00	0.00	0.01	0.00	0.00
203G 1.00	0.27	0.00	0.00	0.01	0.00	1.00	0.00	0.00	0.01	0.00	0.00	0.00	0.01	0.00	0.07	0.03	0.01	0.01	0.00	0.00
204S 1.00	0.07	0.01	0.07	0.04	0.01	0.05	0.02	0.02	0.23	0.02	0.01	1.00	0.04	0.13	0.04	0.50	0.62	0.03	0.00	0.01
205E 1.00	0.40	0.02	0.31	1.00	0.03	0.11	0.08	0.06	0.27	0.09	0.03	0.13	0.17	0.35	0.14	0.19	0.15	0.13	0.01	0.07
206E 1.00	0.47	0.02	0.68	1.00	0.02	0.16	0.05	0.08	0.47	0.13	0.04	0.21	0.12	0.25	0.22	0.51	0.40	0.15	0.01	0.02
207L 1.00	0.58	0.19	0.31	0.32	0.71	0.45	0.56	0.43	0.39	0.79	0.24	0.43	0.24	0.34	0.42	0.50	0.47	0.53	0.19	1.00
208W 1.00	0.00	0.00	0.00	0.00	0.00	0.00	0.00	0.00	0.00	0.00	0.00	0.00	0.00	0.00	0.00	0.00	0.00	0.00	1.00	0.00
209P 1.00	0.02	0.00	0.02	0.02	0.00	0.04	0.13	0.01	0.02	0.01	0.00	0.02	1.00	0.01	0.02	0.02	0.01	0.01	0.00	0.01
210V 1.00	0.02	0.01	0.01	0.01	0.03	0.08	0.00	1.00	0.01	0.69	0.03	0.01	0.00	0.00	0.01	0.01	0.02	0.73	0.00	0.15
211L 1.00	0.00	0.00	0.00	0.00	0.00	0.00	0.00	0.00	0.00	1.00	0.00	0.00	0.00	0.00	0.00	0.00	0.00	0.00	0.00	0.00
212L 1.00	0.00	0.00	0.00	0.00	0.11	0.00	0.00	0.01	0.00	1.00	0.01	0.00	0.00	0.00	0.00	0.00	0.00	0.01	0.00	0.01
213G 1.00	0.23	0.00	0.00	0.00	0.00	1.00	0.00	0.00	0.00	0.00	0.00	0.00	0.01	0.00	0.00	0.15	0.01	0.01	0.00	0.00
214F 1.00	0.01	0.00	0.00	0.00	0.33	0.00	0.00	0.18	0.00	1.00	0.03	0.00	0.00	0.00	0.00	0.00	0.01	0.34	0.00	0.01
215T 1.00	0.04	0.01	0.02	0.01	0.00	0.01	0.01	0.29	0.02	0.01	0.01	0.03	0.02	0.01	0.01	0.33	1.00	0.02	0.00	0.00
216I 1.00	0.14	0.03	0.02	0.03	0.10	0.08	0.02	1.00	0.04	0.42	0.08	0.03	0.03	0.02	0.03	0.07	0.08	0.96	0.02	0.07
217L 1.00	0.01	0.00	0.00	0.00	0.01	0.09	0.00	0.61	0.00	0.38	0.01	0.00	0.00	0.00	0.00	0.00	0.01	1.00	0.00	0.01
218P 1.00	0.07	0.00	0.00	0.00	0.00	0.01	0.00	0.00	0.01	0.00	0.00	0.00	1.00	0.00	0.03	0.01	0.01	0.00	0.00	0.00
219A 1.00	1.00	0.00	0.00	0.00	0.00	0.00	0.00	0.00	0.00	0.00	0.00	0.00	0.00	0.00	0.00	0.00	0.00	0.00	0.00	0.00
220I 0.97	0.13	0.01	0.01	0.01	0.05	0.10	0.00	1.00	0.01	0.82	0.05	0.01	0.01	0.01	0.01	0.02	0.03	0.94	0.01	0.02
221L 0.97	0.00	0.00	0.00	0.00	0.01	0.00	0.00	0.13	0.00	1.00	0.01	0.00	0.00	0.00	0.00	0.00	0.00	0.13	0.00	0.00
222Q 1.00	0.08	0.00	0.01	0.01	0.00	0.01	0.00	0.00	0.01	0.00	0.00	0.00	0.01	1.00	0.01	0.01	0.01	0.01	0.00	0.00
223S 1.00	0.22	0.15	0.04	0.05	0.23	0.08	0.07	0.32	0.06	1.00	0.20	0.05	0.07	0.07	0.06	0.17	0.11	0.26	0.04	0.14
224A 1.00	0.38	0.01	0.01	0.01	0.12	0.01	0.01	0.46	0.02	1.00	0.09	0.01	0.02	0.02	0.01	0.01	0.04	0.41	0.01	0.01
225A 1.00	0.71	0.17	0.08	0.14	0.28	0.10	0.17	0.52	0.14	0.85	0.15	0.12	0.14	0.13	0.13	0.29	0.45	1.00	0.06	0.30
pos	A	C	D	E	F	G	H	I	K	L	M	N	P	Q	R	S	T	V	W	Y
226L 1.00	0.01	0.00	0.00	0.00	0.01	0.00	0.00	0.02	0.00	1.00	0.01	0.00	0.05	0.00	0.00	0.00	0.00	0.01	0.00	0.00
227P 1.00	0.06	0.01	0.01	0.01	0.24	0.02	0.01	0.20	0.02	0.75	0.13	0.01	1.00	0.02	0.02	0.02	0.03	0.12	0.03	0.08
228C 1.00	0.01	0.08	0.00	0.00	1.00	0.00	0.00	0.02	0.00	0.14	0.01	0.00	0.00	0.00	0.00	0.00	0.00	0.01	0.01	0.03
229C 1.00	0.20	0.71	0.02	0.03	0.72	0.05	0.02	0.33	0.03	1.00	0.20	0.02	0.05	0.04	0.03	0.07	0.08	0.26	0.06	0.18
230P 1.00	0.00	0.00	0.00	0.00	0.00	0.00	0.00	0.00	0.00	0.00	0.00	0.00	1.00	0.00	0.00	0.00	0.00	0.00	0.00	0.00
231E 1.00	0.01	0.00	0.11	1.00	0.00	0.00	0.00	0.00	0.01	0.00	0.00	0.00	0.00	0.01	0.00	0.00	0.00	0.00	0.00	0.00
232S 1.00	0.00	0.00	0.00	0.00	0.00	0.00	0.00	0.00	0.00	0.00	0.00	0.00	0.00	0.00	0.00	1.00	0.00	0.00	0.00	0.00
233P 1.00	0.00	0.00	0.00	0.00	0.00	0.00	0.00	0.00	0.00	0.00	0.00	0.00	1.00	0.00	0.00	0.00	0.00	0.00	0.00	0.00
234R 1.00	0.00	0.00	0.00	0.00	0.00	0.00	0.00	0.00	0.00	0.00	0.00	0.00	0.00	0.00	1.00	0.00	0.00	0.00	0.00	0.00
235F 1.00	0.00	0.00	0.00	0.00	0.57	0.00	0.00	0.01	0.00	0.01	0.00	0.00	0.00	0.00	0.00	0.00	0.00	0.00	0.01	1.00
236L 1.00	0.02	0.00	0.00	0.00	0.01	0.01	0.00	0.01	0.01	1.00	0.01	0.01	0.01	0.00	0.00	0.11	0.08	0.01	0.00	0.00
237L 1.00	0.01	0.00	0.00	0.00	0.07	0.00	0.00	0.02	0.00	1.00	0.01	0.00	0.00	0.00	0.00	0.00	0.00	0.01	0.01	0.34
238I 1.00	0.00	0.00	0.00	0.00	0.01	0.00	0.00	1.00	0.00	0.16	0.01	0.00	0.00	0.00	0.00	0.00	0.00	0.02	0.00	0.00
239N 1.00	0.54	0.04	0.53	1.00	0.05	0.37	0.13	0.23	0.99	0.23	0.08	0.87	0.22	0.78	0.54	0.53	0.42	0.21	0.02	0.05
240R 0.97	0.06	0.01	0.01	0.08	0.01	0.04	0.05	0.02	1.00	0.26	0.02	0.06	0.04	0.16	0.80	0.05	0.06	0.03	0.01	0.03
241K 1.00	0.45	0.03	0.44	0.70	0.03	0.41	0.13	0.11	1.00	0.18	0.10	0.56	0.16	0.42	0.37	0.44	0.34	0.17	0.01	0.02
242K 1.00	0.11	0.00	0.56	1.00	0.01	0.06	0.03	0.02	0.25	0.13	0.01	0.23	0.06	0.13	0.05	0.08	0.06	0.03	0.00	0.01
243E 1.00	0.05	0.00	0.07	1.00	0.00	0.01	0.00	0.00	0.02	0.00	0.00	0.01	0.06	0.02	0.01	0.01	0.01	0.04	0.00	0.00
244E 1.00	0.77	0.05	0.60	1.00	0.05	0.37	0.11	0.17	0.86	0.28	0.10	0.49	0.26	0.55	0.50	0.69	0.53	0.28	0.02	0.04
245N 1.00	0.85	0.08	0.61	1.00	0.05	0.37	0.12	0.18	1.00	0.29	0.10	0.53	0.32	0.60	0.67	0.71	0.62	0.28	0.02	0.04
246A 1.00	1.00	0.00	0.00	0.01	0.00	0.01	0.00	0.00	0.05	0.01	0.00	0.01	0.01	0.01	0.08	0.01	0.01	0.01	0.00	0.00
247T 1.00	0.07	0.01	0.04	0.19	0.01	0.04	0.04	0.02	1.00	0.05	0.02	0.06	0.04	0.27	0.53	0.06	0.24	0.17	0.01	0.02
248R 1.00	0.08	0.01	0.07	0.34	0.01	0.04	0.02	0.02	1.00	0.03	0.01	0.12	0.03	0.40	0.32	0.39	0.12	0.03	0.00	0.01
249I 1.00	1.00	0.06	0.02	0.05	0.04	0.05	0.01	0.65	0.05	0.21	0.06	0.03	0.08	0.03	0.03	0.45	0.21	0.87	0.01	0.01
250L 1.00	0.00	0.00	0.00	0.00	0.11	0.00	0.00	0.01	0.00	1.00	0.01	0.00	0.00	0.00	0.00	0.00	0.00	0.01	0.00	0.01
pos	A	C	D	E	F	G	H	I	K	L	M	N	P	Q	R	S	T	V	W	Y
251Q 1.00	0.02	0.00	0.00	0.03	0.00	0.01	0.02	0.01	0.93	0.02	0.01	0.02	0.01	1.00	0.42	0.02	0.02	0.01	0.00	0.01
252R 1.00	0.03	0.00	0.01	0.03	0.00	0.02	0.02	0.01	0.36	0.02	0.01	0.02	0.02	0.05	1.00	0.11	0.31	0.01	0.00	0.01
253L 1.00	0.00	0.00	0.00	0.00	0.11	0.00	0.00	0.04	0.00	1.00	0.01	0.00	0.00	0.00	0.00	0.00	0.00	0.01	0.00	0.00
254W 1.00	0.19	0.03	0.04	0.19	0.10	0.11	0.13	0.17	0.85	0.47	0.11	0.14	0.12	0.30	1.00	0.18	0.27	0.17	0.12	0.09
255G 1.00	0.00	0.00	0.00	0.00	0.00	1.00	0.00	0.00	0.00	0.00	0.00	0.00	0.00	0.00	0.00	0.00	0.00	0.00	0.00	0.00
256T 1.00	0.56	0.18	0.27	0.34	0.70	0.38	0.56	0.40	0.47	0.67	0.23	0.39	0.24	0.36	0.48	0.51	0.51	0.52	0.20	1.00
257Q 1.00	0.77	0.06	0.64	1.00	0.05	0.37	0.12	0.18	0.92	0.30	0.10	0.49	0.27	0.59	0.52	0.72	0.57	0.28	0.02	0.04
258D 1.00	0.00	0.00	1.00	0.01	0.00	0.01	0.00	0.00	0.01	0.00	0.00	0.07	0.00	0.00	0.00	0.11	0.00	0.00	0.00	0.00
259V 1.00	0.02	0.00	0.00	0.00	0.00	0.00	0.00	0.09	0.00	0.02	0.08	0.00	0.05	0.00	0.00	0.00	0.01	1.00	0.00	0.00
260S 1.00	0.60	0.04	0.73	0.82	0.05	0.25	0.13	0.17	0.59	0.20	0.14	0.32	0.18	0.38	0.34	1.00	0.74	0.23	0.02	0.05
261Q 1.00	0.90	0.05	0.59	0.88	0.04	0.35	0.13	0.16	1.00	0.29	0.13	0.42	0.23	0.89	0.77	0.65	0.48	0.24	0.01	0.03
262D 1.00	0.10	0.00	0.75	1.00	0.00	0.02	0.01	0.01	0.04	0.01	0.00	0.02	0.03	0.05	0.01	0.02	0.02	0.07	0.00	0.01
263I 1.00	0.01	0.00	0.00	0.00	0.02	0.00	0.00	1.00	0.00	0.78	0.28	0.00	0.00	0.00	0.00	0.00	0.01	0.39	0.00	0.01
264Q 1.00	0.46	0.01	0.19	1.00	0.01	0.09	0.03	0.04	0.20	0.06	0.02	0.27	0.07	0.73	0.11	0.22	0.19	0.06	0.00	0.01
265E 1.00	0.01	0.00	0.09	1.00	0.00	0.00	0.00	0.00	0.01	0.00	0.00	0.00	0.00	0.01	0.00	0.00	0.00	0.00	0.00	0.00
266M 1.00	0.01	0.00	0.00	0.00	0.01	0.00	0.00	0.43	0.00	0.20	1.00	0.00	0.00	0.00	0.00	0.00	0.01	0.20	0.00	0.00
267K 1.00	0.12	0.00	0.02	0.13	0.01	0.03	0.03	0.02	1.00	0.18	0.01	0.04	0.03	0.14	0.75	0.04	0.05	0.02	0.01	0.02
268D 1.00	0.50	0.02	0.77	1.00	0.02	0.16	0.06	0.08	0.71	0.17	0.04	0.21	0.13	0.33	0.22	0.31	0.30	0.12	0.01	0.02
269E 1.00	0.01	0.00	0.01	1.00	0.00	0.00	0.00	0.00	0.01	0.00	0.00	0.00	0.00	0.01	0.00	0.05	0.00	0.00	0.00	0.00
270S 1.00	0.64	0.03	0.65	0.68	0.03	0.28	0.08	0.11	0.83	0.18	0.06	0.31	0.17	0.36	0.47	1.00	0.35	0.17	0.01	0.02
271A 1.00	0.86	0.07	0.41	1.00	0.09	0.26	0.12	0.29	0.72	0.32	0.16	0.34	0.22	0.48	0.96	0.50	0.47	0.54	0.03	0.09
272R 1.00	0.96	0.04	0.46	1.00	0.04	0.29	0.11	0.14	0.98	0.24	0.08	0.37	0.21	0.75	0.90	0.54	0.49	0.29	0.02	0.04
273M 1.00	0.59	0.05	0.49	0.97	0.11	0.28	0.17	0.20	1.00	0.38	0.18	0.34	0.24	0.55	0.70	0.47	0.41	0.27	0.04	0.12
274S 1.00	0.70	0.04	0.49	0.88	0.04	0.31	0.11	0.15	1.00	0.25	0.20	0.40	0.23	0.53	0.64	0.88	0.46	0.23	0.02	0.04
275Q 1.00	0.92	0.06	0.62	1.00	0.06	0.41	0.13	0.22	0.93	0.31	0.11	0.51	0.28	0.72	0.65	0.81	0.63	0.29	0.02	0.05
pos	A	C	D	E	F	G	H	I	K	L	M	N	P	Q	R	S	T	V	W	Y
276E 0.97	0.56	0.07	0.03	1.00	0.06	0.01	0.02	0.46	0.06	0.43	0.10	0.03	0.08	0.05	0.04	0.06	0.25	0.82	0.01	0.02
277K 1.00	0.12	0.01	0.03	0.16	0.02	0.23	0.10	0.05	1.00	0.11	0.04	0.11	0.09	0.31	0.75	0.10	0.12	0.09	0.02	0.05
278Q 1.00	0.68	0.19	0.34	0.52	0.73	0.42	0.59	0.44	0.72	0.74	0.25	0.43	0.29	0.51	0.63	0.58	0.53	0.57	0.19	1.00
279V 1.00	0.05	0.00	0.00	0.00	0.01	0.00	0.00	0.33	0.00	0.29	0.04	0.00	0.00	0.00	0.00	0.00	0.01	1.00	0.00	0.00
280T 1.00	0.02	0.00	0.01	0.01	0.00	0.01	0.00	0.01	0.01	0.01	0.00	0.01	0.01	0.01	0.08	1.00	0.63	0.01	0.00	0.00
281V 1.00	0.08	0.00	0.00	0.00	0.00	0.00	0.00	0.37	0.00	0.14	0.01	0.00	0.00	0.00	0.00	0.00	0.01	1.00	0.00	0.00
282L 1.00	0.01	0.00	0.00	0.00	0.03	0.04	0.00	0.17	0.00	1.00	0.05	0.00	0.00	0.01	0.00	0.00	0.01	0.03	0.06	0.00
283E 1.00	0.13	0.10	0.12	1.00	0.01	0.07	0.16	0.03	0.45	0.06	0.02	0.17	0.05	0.54	0.12	0.13	0.16	0.05	0.00	0.01
284L 1.00	0.06	0.00	0.00	0.00	0.01	0.00	0.00	0.02	0.00	1.00	0.04	0.00	0.00	0.00	0.00	0.00	0.00	0.01	0.00	0.00
285F 1.00	0.01	0.10	0.00	0.00	1.00	0.00	0.00	0.06	0.00	0.41	0.11	0.00	0.01	0.01	0.00	0.00	0.01	0.03	0.01	0.01
286R 1.00	0.33	0.02	0.10	0.17	0.02	0.23	0.05	0.05	0.45	0.08	0.03	0.12	0.09	0.16	1.00	0.27	0.42	0.08	0.01	0.03
287V 1.00	0.86	0.20	0.48	0.68	0.72	0.50	0.58	0.46	0.67	0.78	0.31	0.52	0.32	0.53	0.56	0.80	0.62	0.63	0.19	1.00
288S 1.00	0.56	0.05	0.29	0.53	0.13	0.26	0.21	0.16	0.92	0.33	0.10	0.31	0.55	0.50	1.00	0.55	0.37	0.22	0.04	0.18
289S 1.00	0.45	0.03	0.12	0.17	0.08	0.10	0.08	0.08	0.23	0.12	0.08	0.38	0.14	0.12	0.12	1.00	0.45	0.11	0.02	0.26
290Y 1.00	0.07	0.03	0.03	0.04	0.10	0.05	0.22	0.06	0.04	0.59	0.04	0.04	0.03	0.04	0.05	0.06	0.06	0.23	0.11	1.00
291R 1.00	0.01	0.00	0.00	0.01	0.03	0.00	0.01	0.00	0.04	0.01	0.00	0.01	0.01	0.07	1.00	0.01	0.01	0.03	0.00	0.00
292Q 0.97	0.58	0.19	0.56	0.59	0.21	1.00	0.25	0.26	0.87	0.60	0.14	0.42	0.60	0.75	0.77	0.44	0.39	0.30	0.35	0.21
293P 0.97	0.37	0.03	0.06	0.10	0.01	0.16	0.01	0.02	0.07	0.04	0.02	0.04	1.00	0.67	0.05	0.16	0.07	0.06	0.01	0.01
294I 0.97	0.01	0.00	0.00	0.00	0.01	0.00	0.00	1.00	0.00	0.75	0.01	0.00	0.00	0.00	0.00	0.00	0.01	0.55	0.00	0.00
295I 1.00	0.01	0.00	0.00	0.00	0.01	0.00	0.00	1.00	0.00	0.88	0.01	0.00	0.00	0.00	0.00	0.00	0.01	0.38	0.00	0.00
296I 1.00	0.18	0.04	0.03	0.03	0.04	0.02	0.01	1.00	0.04	0.20	0.05	0.04	0.05	0.03	0.02	0.51	0.38	0.76	0.01	0.02
297S 1.00	0.89	0.08	0.02	0.06	0.05	0.01	0.02	0.73	0.06	0.28	0.12	0.04	0.09	0.05	0.04	0.48	0.36	1.00	0.01	0.02
298I 1.00	0.00	0.00	0.00	0.00	0.01	0.00	0.00	1.00	0.00	0.27	0.01	0.00	0.00	0.00	0.00	0.00	0.00	0.51	0.00	0.00
299V 1.00	0.02	0.00	0.00	0.00	0.00	0.00	0.00	0.08	0.00	0.02	0.28	0.00	0.00	0.00	0.00	0.00	0.05	1.00	0.00	0.00
300L 1.00	0.03	0.01	0.00	0.01	0.01	0.00	0.00	0.05	0.01	1.00	0.02	0.00	0.06	0.01	0.00	0.01	0.12	0.11	0.00	0.00
pos	A	C	D	E	F	G	H	I	K	L	M	N	P	Q	R	S	T	V	W	Y
301Q 1.00	0.10	0.02	0.02	0.06	0.18	0.03	0.11	0.33	0.16	1.00	0.45	0.04	0.05	0.38	0.14	0.04	0.07	0.20	0.03	0.05
302L 1.00	0.21	0.02	0.01	0.02	0.15	0.05	0.01	0.34	0.02	1.00	0.21	0.02	0.03	0.03	0.02	0.02	0.04	0.22	0.02	0.03
303S 1.00	1.00	0.14	0.07	0.08	0.04	0.66	0.02	0.04	0.09	0.09	0.04	0.07	0.22	0.06	0.06	0.73	0.17	0.15	0.04	0.03
304Q 1.00	0.01	0.00	0.02	0.02	0.00	0.02	0.01	0.00	0.03	0.01	0.00	0.02	0.01	1.00	0.02	0.01	0.01	0.01	0.00	0.10
305Q 1.00	0.00	0.00	0.00	0.00	0.00	0.00	0.00	0.00	0.00	0.00	0.00	0.00	0.00	1.00	0.00	0.00	0.00	0.00	0.00	0.00
306L 1.00	0.00	0.00	0.00	0.00	0.21	0.00	0.00	0.02	0.00	1.00	0.01	0.00	0.00	0.00	0.00	0.00	0.00	0.01	0.00	0.01
307S 1.00	0.04	0.10	0.01	0.01	0.00	0.02	0.00	0.00	0.01	0.01	0.00	0.01	0.01	0.00	0.00	1.00	0.02	0.01	0.00	0.00
308G 1.00	0.00	0.00	0.00	0.00	0.00	1.00	0.00	0.00	0.00	0.00	0.00	0.00	0.00	0.00	0.00	0.00	0.00	0.00	0.00	0.00
309I 1.00	0.00	0.00	0.00	0.00	0.00	0.00	0.00	1.00	0.00	0.14	0.00	0.00	0.00	0.00	0.00	0.00	0.00	0.36	0.00	0.00
310N 1.00	0.00	0.00	0.00	0.00	0.00	0.00	0.00	0.00	0.00	0.00	0.00	1.00	0.00	0.00	0.00	0.00	0.00	0.00	0.00	0.00
311A 1.00	1.00	0.00	0.00	0.00	0.00	0.14	0.00	0.00	0.00	0.00	0.00	0.00	0.01	0.00	0.00	0.01	0.00	0.00	0.00	0.00
312V 1.00	0.00	0.00	0.00	0.00	0.01	0.00	0.00	0.98	0.00	0.03	0.01	0.00	0.00	0.00	0.00	0.00	0.01	1.00	0.00	0.00
313F 1.00	0.04	0.01	0.02	0.02	1.00	0.03	0.05	0.03	0.03	0.06	0.02	0.20	0.02	0.03	0.03	0.04	0.03	0.04	0.16	0.44
314Y 1.00	0.00	0.00	0.00	0.00	0.13	0.00	0.00	0.00	0.00	0.01	0.00	0.00	0.00	0.00	0.00	0.00	0.00	0.00	0.01	1.00
315Y 1.00	0.00	0.00	0.00	0.00	0.00	0.00	0.00	0.00	0.00	0.00	0.00	0.00	0.00	0.00	0.00	0.00	0.00	0.00	0.00	1.00
316S 1.00	0.48	0.01	0.09	0.01	0.00	0.01	0.00	0.01	0.01	0.01	0.00	0.02	0.01	0.01	0.01	1.00	0.23	0.01	0.00	0.00
317T 1.00	0.15	0.03	0.83	0.22	0.02	0.33	0.10	0.03	0.16	0.04	0.02	0.67	0.10	0.18	0.08	0.41	1.00	0.04	0.01	0.06
318G 0.97	0.22	0.03	0.16	0.14	0.02	0.41	0.04	0.05	0.15	0.07	0.03	0.24	0.10	0.32	0.09	1.00	0.67	0.14	0.01	0.03
319I 1.00	0.00	0.00	0.00	0.00	0.00	0.00	0.00	1.00	0.00	0.00	0.00	0.00	0.00	0.00	0.00	0.00	0.00	0.00	0.00	0.00
320F 1.00	0.00	0.00	0.00	0.00	1.00	0.00	0.00	0.00	0.00	0.01	0.00	0.00	0.00	0.00	0.00	0.00	0.00	0.00	0.01	0.51
321K 1.00	0.63	0.04	0.55	1.00	0.05	0.34	0.13	0.16	0.99	0.31	0.09	0.42	0.25	0.59	0.60	0.59	0.50	0.24	0.02	0.05
322D 1.00	0.39	0.03	0.60	0.49	0.03	0.20	0.07	0.10	0.81	0.19	0.06	0.27	0.15	0.30	0.40	1.00	0.62	0.15	0.01	0.03
323A 1.00	1.00	0.00	0.00	0.00	0.00	0.02	0.00	0.00	0.00	0.00	0.00	0.00	0.06	0.00	0.00	0.04	0.01	0.01	0.00	0.00
324G 1.00	0.03	0.00	0.01	0.01	0.00	1.00	0.00	0.01	0.01	0.06	0.00	0.01	0.01	0.00	0.01	0.02	0.01	0.01	0.00	0.00
325V 1.00	0.01	0.00	0.06	0.00	0.01	0.00	0.00	0.38	0.00	0.04	0.01	0.00	0.00	0.00	0.00	0.00	0.01	1.00	0.00	0.00
pos	A	C	D	E	F	G	H	I	K	L	M	N	P	Q	R	S	T	V	W	Y
326Q 1.00	0.67	0.04	0.51	1.00	0.04	0.38	0.09	0.14	0.78	0.22	0.08	0.39	0.20	0.84	0.41	0.69	0.53	0.21	0.01	0.03
327Q 1.00	0.07	0.00	0.30	0.62	0.01	0.03	0.25	0.01	0.37	0.02	0.01	0.04	0.03	1.00	0.03	0.17	0.04	0.02	0.00	0.01
328P 1.00	0.20	0.04	0.22	0.10	0.03	0.07	0.03	0.21	0.12	0.07	0.03	0.19	1.00	0.08	0.07	0.68	0.76	0.23	0.01	0.03
329I 1.00	0.51	0.09	0.11	0.19	0.06	0.05	0.04	0.47	0.13	0.32	0.10	0.07	0.13	0.14	0.07	0.13	0.34	1.00	0.01	0.04
330Y 1.00	0.00	0.00	0.00	0.00	0.05	0.00	0.00	0.00	0.00	0.01	0.00	0.00	0.00	0.00	0.00	0.00	0.00	0.00	0.01	1.00
331A 1.00	1.00	0.03	0.01	0.02	0.04	0.06	0.01	0.09	0.02	0.08	0.02	0.01	0.04	0.02	0.02	0.07	0.07	0.71	0.01	0.10
332T 1.00	0.00	0.00	0.00	0.00	0.00	0.00	0.00	0.00	0.00	0.00	0.00	0.00	0.00	0.00	0.00	0.00	1.00	0.00	0.00	0.00
333I 1.00	0.31	0.01	0.00	0.01	0.01	0.00	0.00	1.00	0.01	0.27	0.02	0.00	0.01	0.00	0.00	0.01	0.02	0.32	0.00	0.01
334S 1.00	0.10	0.00	0.00	0.00	0.00	1.00	0.00	0.00	0.00	0.00	0.00	0.00	0.01	0.00	0.00	0.21	0.01	0.01	0.00	0.00
335A 1.00	0.90	0.02	0.02	0.02	0.01	0.03	0.01	0.03	0.02	0.03	0.01	0.03	0.03	0.02	0.01	0.75	1.00	0.45	0.00	0.01
336G 1.00	0.00	0.00	0.00	0.00	0.00	1.00	0.00	0.00	0.00	0.00	0.00	0.00	0.00	0.00	0.00	0.00	0.00	0.00	0.00	0.00
337V 1.00	0.63	0.03	0.02	0.03	0.04	0.24	0.01	0.61	0.03	0.20	0.04	0.02	0.06	0.02	0.03	0.14	0.07	1.00	0.01	0.02
338V 1.00	0.00	0.00	0.00	0.00	0.00	0.00	0.00	0.25	0.00	0.01	0.00	0.00	0.00	0.00	0.00	0.00	0.00	1.00	0.00	0.00
339N 1.00	0.01	0.00	0.02	0.11	0.00	0.02	0.00	0.00	0.01	0.00	0.00	1.00	0.00	0.01	0.00	0.01	0.01	0.00	0.00	0.00
340T 1.00	0.10	0.02	0.01	0.02	0.03	0.00	0.00	0.39	0.02	0.25	0.18	0.01	0.02	0.01	0.01	0.02	1.00	0.72	0.00	0.01
341I 1.00	0.29	0.01	0.00	0.01	0.15	0.01	0.00	0.81	0.01	0.61	0.03	0.00	0.01	0.00	0.01	0.01	0.02	1.00	0.00	0.01
342F 1.00	0.18	0.01	0.00	0.01	1.00	0.01	0.01	0.20	0.01	0.37	0.53	0.01	0.01	0.01	0.01	0.01	0.02	0.10	0.01	0.03
343T 1.00	0.11	0.00	0.00	0.00	0.00	0.01	0.00	0.00	0.00	0.00	0.00	0.00	0.00	0.00	0.00	0.02	1.00	0.01	0.00	0.00
344L 1.00	0.23	0.00	0.00	0.00	0.10	0.00	0.00	0.54	0.01	0.48	0.08	0.00	0.00	0.00	0.00	0.01	0.02	1.00	0.00	0.01
345L 1.00	0.07	0.24	0.00	0.01	0.14	0.00	0.00	0.24	0.01	0.24	0.03	0.01	0.01	0.01	0.01	0.01	0.15	1.00	0.00	0.01
346S 1.00	0.16	0.00	0.00	0.00	0.00	0.01	0.00	0.00	0.00	0.00	0.00	0.01	0.01	0.00	0.00	1.00	0.16	0.00	0.00	0.00
347L 1.00	0.16	0.01	0.01	0.01	0.04	0.13	0.00	0.57	0.01	0.58	0.04	0.01	0.01	0.01	0.01	0.01	0.03	1.00	0.01	0.02
348F 1.00	0.01	0.00	0.00	0.00	1.00	0.00	0.00	0.05	0.00	0.42	0.03	0.00	0.00	0.00	0.00	0.00	0.01	0.18	0.01	0.02
349L 1.00	0.01	0.00	0.00	0.00	0.02	0.00	0.00	0.19	0.00	1.00	0.02	0.00	0.00	0.00	0.00	0.00	0.01	0.86	0.00	0.01
350V 1.00	0.00	0.00	0.00	0.00	0.00	0.00	0.00	0.17	0.00	0.01	0.00	0.00	0.00	0.00	0.00	0.00	0.00	1.00	0.00	0.00
pos	A	C	D	E	F	G	H	I	K	L	M	N	P	Q	R	S	T	V	W	Y
351E 1.00	0.00	0.00	0.00	1.00	0.00	0.00	0.00	0.00	0.00	0.00	0.00	0.00	0.00	0.00	0.00	0.00	0.00	0.00	0.00	0.00
352R 0.97	0.06	0.01	0.01	0.08	0.02	0.04	0.16	0.03	0.57	0.24	0.02	0.06	0.04	0.13	1.00	0.05	0.06	0.04	0.01	0.07
353A 1.00	0.47	0.05	0.03	0.05	0.20	0.13	0.04	0.33	0.06	1.00	0.22	0.04	0.09	0.06	0.05	0.16	0.12	0.25	0.05	0.08
354G 1.00	0.02	0.00	0.01	0.01	0.00	1.00	0.00	0.00	0.01	0.01	0.00	0.01	0.01	0.00	0.01	0.01	0.01	0.00	0.05	0.00
355R 1.00	0.07	0.00	0.00	0.01	0.00	0.01	0.00	0.00	0.02	0.00	0.00	0.00	0.01	0.01	1.00	0.01	0.01	0.00	0.00	0.00
356R 1.00	0.00	0.00	0.00	0.00	0.00	0.00	0.00	0.00	0.00	0.00	0.00	0.00	0.00	0.00	1.00	0.00	0.00	0.00	0.00	0.00
357T 1.00	0.55	0.18	0.23	0.30	0.74	0.34	0.58	0.42	0.32	0.71	0.22	0.34	0.27	0.31	0.36	0.51	0.73	0.52	0.19	1.00
358L 1.00	0.00	0.00	0.00	0.00	0.00	0.00	0.00	0.00	0.00	1.00	0.00	0.00	0.00	0.00	0.00	0.00	0.00	0.00	0.00	0.00
359H 1.00	0.07	0.02	0.01	0.02	0.18	0.02	0.02	0.33	0.03	1.00	0.22	0.02	0.03	0.04	0.03	0.02	0.04	0.18	0.02	0.03
360M 0.97	0.00	0.00	0.00	0.00	0.01	0.00	0.00	0.13	0.00	1.00	0.19	0.00	0.00	0.00	0.00	0.00	0.00	0.01	0.00	0.00
361I 0.97	0.16	0.01	0.01	0.01	0.06	0.10	0.01	1.00	0.02	0.50	0.05	0.01	0.01	0.01	0.02	0.03	0.07	0.66	0.01	0.03
362G 0.97	0.00	0.00	0.00	0.00	0.00	1.00	0.00	0.00	0.00	0.00	0.00	0.00	0.00	0.00	0.00	0.00	0.00	0.00	0.00	0.00
363L 1.00	0.02	0.01	0.00	0.00	0.63	0.00	0.00	0.06	0.00	1.00	0.22	0.00	0.01	0.01	0.00	0.01	0.01	0.04	0.02	0.20
364G 1.00	0.86	0.04	0.03	0.04	0.02	1.00	0.01	0.13	0.05	0.05	0.10	0.03	0.11	0.03	0.03	0.85	0.09	0.07	0.01	0.02
365G 1.00	0.23	0.05	0.05	0.06	0.18	0.23	0.06	1.00	0.07	0.72	0.15	0.06	0.08	0.06	0.07	0.15	0.17	0.93	0.03	0.13
366M 1.00	0.06	0.33	0.01	0.02	0.24	0.02	0.01	0.22	0.02	0.71	1.00	0.01	0.02	0.02	0.02	0.02	0.04	0.14	0.04	0.18
367A 1.00	1.00	0.12	0.08	0.11	0.18	0.51	0.08	0.13	0.11	0.32	0.09	0.09	0.23	0.09	0.10	0.46	0.19	0.22	0.04	0.15
368F 1.00	0.53	0.18	0.22	0.29	0.70	0.34	0.54	0.43	0.31	0.67	0.23	0.32	0.21	0.30	0.36	0.42	0.41	0.54	0.18	1.00
369C 1.00	0.51	1.00	0.01	0.01	0.16	0.05	0.00	0.01	0.01	0.01	0.01	0.01	0.03	0.01	0.01	0.14	0.15	0.03	0.00	0.01
370S 1.00	1.00	0.45	0.07	0.07	0.14	0.29	0.03	0.06	0.08	0.09	0.04	0.09	0.16	0.06	0.06	0.70	0.43	0.15	0.01	0.04
371T 1.00	0.28	0.25	0.08	0.10	0.23	0.24	0.15	1.00	0.11	0.49	0.10	0.11	0.08	0.10	0.12	0.24	0.27	0.93	0.06	0.29
372L 1.00	0.23	0.03	0.01	0.03	0.32	0.01	0.01	0.23	0.03	0.89	0.07	0.02	0.04	0.02	0.02	0.03	0.27	1.00	0.01	0.02
373M 1.00	0.01	0.00	0.00	0.00	0.01	0.00	0.00	0.03	0.00	0.79	1.00	0.00	0.00	0.00	0.00	0.00	0.00	0.01	0.00	0.00
374T 1.00	0.01	0.00	0.00	0.00	0.00	0.00	0.00	0.00	0.00	0.00	0.00	0.00	0.00	0.00	0.00	0.14	1.00	0.00	0.00	0.00
375V 1.00	0.19	0.00	0.00	0.00	0.02	0.08	0.00	0.71	0.00	0.13	0.01	0.00	0.00	0.00	0.00	0.01	0.01	1.00	0.00	0.01
pos	A	C	D	E	F	G	H	I	K	L	M	N	P	Q	R	S	T	V	W	Y
376S 1.00	1.00	0.01	0.01	0.01	0.00	0.32	0.00	0.01	0.01	0.01	0.00	0.01	0.02	0.01	0.01	0.42	0.20	0.14	0.00	0.00
377L 1.00	0.00	0.00	0.00	0.00	0.00	0.00	0.00	0.00	0.00	1.00	0.00	0.00	0.00	0.00	0.00	0.00	0.00	0.00	0.00	0.00
378L 1.00	0.70	0.08	0.02	0.06	0.05	0.01	0.02	0.42	0.06	0.65	0.10	0.03	0.09	0.05	0.04	0.07	0.38	1.00	0.01	0.02
379L 1.00	0.00	0.00	0.00	0.00	0.08	0.00	0.00	0.01	0.00	1.00	0.03	0.00	0.00	0.00	0.00	0.00	0.00	0.01	0.00	0.00
380K 1.00	0.16	0.02	0.04	0.22	0.06	0.11	0.12	0.12	1.00	0.40	0.09	0.14	0.12	0.41	0.80	0.12	0.16	0.12	0.03	0.07
381N 0.97	0.02	0.00	1.00	0.49	0.00	0.04	0.01	0.00	0.02	0.00	0.00	0.53	0.01	0.02	0.01	0.25	0.02	0.00	0.00	0.01
382H 1.00	0.49	0.04	0.46	0.71	0.03	0.25	0.34	0.12	1.00	0.20	0.07	0.47	0.18	0.70	0.96	0.48	0.81	0.29	0.01	0.03
383Y 1.00	0.55	0.13	0.14	0.19	0.75	0.23	0.37	0.60	0.20	0.79	0.22	0.21	0.14	0.21	0.24	0.28	0.28	0.91	0.18	1.00
384N 0.97	0.23	0.01	0.13	0.20	0.01	0.05	0.02	0.02	0.08	0.03	0.01	0.27	1.00	0.05	0.04	0.76	0.16	0.03	0.00	0.01
385G 0.97	1.00	0.09	0.18	0.33	0.05	0.57	0.05	0.06	0.15	0.11	0.05	0.15	0.23	0.11	0.10	0.55	0.30	0.16	0.79	0.06
386M 1.00	0.00	0.00	0.00	0.00	0.01	0.00	0.00	0.06	0.00	0.19	1.00	0.00	0.00	0.00	0.00	0.00	0.00	0.13	0.00	0.00
387S 1.00	0.20	0.03	0.22	0.09	0.02	0.20	0.06	0.03	0.15	0.04	0.02	0.30	0.41	0.08	0.13	1.00	0.32	0.05	0.01	0.03
388F 1.00	0.00	0.00	0.00	0.00	0.26	0.00	0.00	0.00	0.00	0.04	0.00	0.00	0.00	0.00	0.00	0.00	0.00	0.00	0.01	1.00
389V 1.00	0.01	0.00	0.00	0.00	0.01	0.00	0.00	0.53	0.00	0.67	0.01	0.00	0.00	0.00	0.00	0.00	0.01	1.00	0.00	0.00
390C 1.00	0.33	0.26	0.04	0.03	0.01	0.27	0.01	0.01	0.04	0.03	0.01	0.04	0.08	0.03	0.03	1.00	0.07	0.05	0.00	0.01
391I 1.00	0.00	0.00	0.00	0.00	0.01	0.00	0.00	1.00	0.00	0.04	0.18	0.00	0.00	0.00	0.00	0.00	0.00	0.02	0.00	0.00
392G 1.00	0.19	0.02	0.01	0.02	0.03	0.19	0.00	0.50	0.02	0.16	0.03	0.02	0.03	0.01	0.02	0.08	0.14	1.00	0.01	0.02
393A 1.00	1.00	0.48	0.01	0.02	0.01	0.22	0.00	0.01	0.02	0.02	0.01	0.01	0.04	0.01	0.01	0.09	0.03	0.03	0.00	0.01
394I 1.00	0.01	0.00	0.00	0.00	0.00	0.00	0.00	1.00	0.00	0.02	0.00	0.00	0.00	0.00	0.00	0.00	0.04	0.43	0.00	0.00
395L 1.00	0.03	0.01	0.00	0.01	1.00	0.01	0.01	0.56	0.01	0.95	0.09	0.01	0.01	0.01	0.01	0.01	0.02	0.09	0.01	0.02
396V 1.00	0.98	0.12	0.12	0.15	0.20	0.54	0.09	0.92	0.16	0.59	0.14	0.12	0.24	0.12	0.13	0.53	0.27	1.00	0.05	0.19
397F 1.00	0.00	0.00	0.00	0.00	1.00	0.00	0.00	0.17	0.00	0.03	0.01	0.00	0.00	0.00	0.00	0.00	0.00	0.01	0.02	0.79
398V 1.00	0.04	0.00	0.00	0.00	0.00	0.00	0.00	0.27	0.00	0.01	0.00	0.00	0.00	0.00	0.00	0.00	0.01	1.00	0.00	0.00
399A 1.00	1.00	0.05	0.02	0.04	0.03	0.07	0.01	0.52	0.04	0.15	0.05	0.02	0.07	0.03	0.03	0.23	0.17	0.49	0.01	0.01
400C 1.00	1.00	0.13	0.13	0.14	0.25	0.58	0.14	0.14	0.15	0.28	0.10	0.14	0.26	0.13	0.14	0.55	0.26	0.26	0.06	0.26
pos	A	C	D	E	F	G	H	I	K	L	M	N	P	Q	R	S	T	V	W	Y
401F 1.00	0.05	0.03	0.06	0.04	1.00	0.11	0.50	0.06	0.04	0.14	0.03	0.06	0.05	0.03	0.05	0.04	0.04	0.05	0.02	0.04
402E 1.00	1.00	0.14	0.10	0.46	0.03	0.46	0.02	0.04	0.10	0.09	0.04	0.08	0.21	0.07	0.07	0.52	0.19	0.15	0.01	0.03
403I 1.00	0.01	0.00	0.00	0.00	0.01	0.00	0.00	1.00	0.00	0.26	0.01	0.00	0.00	0.00	0.00	0.13	0.01	0.38	0.00	0.00
404G 1.00	0.00	0.00	0.00	0.00	0.00	1.00	0.00	0.00	0.00	0.00	0.00	0.00	0.00	0.00	0.00	0.00	0.00	0.00	0.00	0.00
405P 1.00	0.00	0.00	0.00	0.00	0.00	0.00	0.00	0.00	0.00	0.00	0.00	0.00	1.00	0.00	0.00	0.00	0.00	0.00	0.00	0.00
406G 1.00	0.13	0.01	0.00	0.00	0.00	1.00	0.00	0.00	0.01	0.01	0.00	0.00	0.01	0.00	0.00	0.43	0.01	0.01	0.00	0.00
407P 1.00	0.10	0.01	0.01	0.01	0.01	0.16	0.00	0.06	0.01	0.01	0.01	0.01	1.00	0.01	0.01	0.05	0.02	0.02	0.00	0.00
408I 1.00	0.00	0.00	0.00	0.00	0.00	0.00	0.00	1.00	0.00	0.02	0.00	0.00	0.00	0.00	0.06	0.00	0.00	0.18	0.00	0.00
409P 1.00	0.02	0.00	0.00	0.00	0.00	0.01	0.00	0.00	0.00	0.00	0.00	0.00	1.00	0.00	0.00	0.06	0.01	0.00	0.00	0.00
410W 0.97	1.00	0.09	0.08	0.09	0.26	0.41	0.06	0.08	0.10	0.15	0.06	0.08	0.24	0.08	0.08	0.52	0.22	0.17	0.80	0.15
411F 0.97	0.02	0.00	0.00	0.00	1.00	0.00	0.00	0.31	0.01	0.56	0.05	0.00	0.01	0.01	0.01	0.01	0.01	0.31	0.01	0.01
412I 1.00	0.01	0.00	0.00	0.00	0.08	0.00	0.00	1.00	0.00	0.65	0.23	0.00	0.00	0.00	0.00	0.00	0.01	0.29	0.00	0.00
413V 1.00	0.04	0.01	0.01	0.01	0.02	0.01	0.00	0.41	0.01	0.11	0.02	0.01	0.01	0.01	0.13	0.01	0.14	1.00	0.00	0.07
414A 1.00	1.00	0.01	0.01	0.01	0.00	0.20	0.00	0.00	0.01	0.01	0.00	0.01	0.03	0.01	0.01	0.06	0.59	0.02	0.00	0.00
415E 1.00	0.01	0.00	0.01	1.00	0.00	0.03	0.00	0.00	0.01	0.00	0.00	0.00	0.00	0.01	0.00	0.01	0.00	0.00	0.00	0.00
416L 1.00	0.01	0.00	0.00	0.00	0.38	0.00	0.00	0.63	0.00	1.00	0.04	0.00	0.01	0.01	0.00	0.00	0.01	0.14	0.00	0.01
417F 1.00	0.00	0.00	0.00	0.00	1.00	0.00	0.00	0.00	0.00	0.01	0.00	0.00	0.00	0.00	0.00	0.00	0.00	0.04	0.01	0.02
418S 1.00	1.00	0.10	0.22	0.18	0.07	0.60	0.07	0.09	0.24	0.24	0.07	0.25	0.27	0.15	0.18	0.69	0.35	0.19	0.02	0.07
419Q 1.00	0.00	0.00	0.00	0.00	0.00	0.00	0.00	0.00	0.00	0.00	0.00	0.00	0.00	1.00	0.00	0.00	0.00	0.00	0.00	0.00
420G 1.00	0.03	0.00	0.08	0.01	0.00	1.00	0.01	0.00	0.01	0.00	0.00	0.05	0.01	0.01	0.01	0.75	0.01	0.01	0.00	0.01
421P 1.00	0.10	0.01	0.03	0.02	0.00	0.15	0.01	0.00	0.02	0.01	0.00	0.03	1.00	0.16	0.01	0.53	0.03	0.02	0.00	0.00
422R 1.00	0.00	0.00	0.00	0.00	0.00	0.00	0.00	0.00	0.00	0.00	0.00	0.00	0.00	0.00	1.00	0.00	0.00	0.00	0.00	0.00
423P 1.00	0.02	0.00	0.01	0.01	0.00	0.01	0.00	0.00	0.01	0.00	0.00	0.01	1.00	0.01	0.09	0.07	0.08	0.01	0.00	0.00
424A 1.00	1.00	0.00	0.00	0.00	0.00	0.02	0.00	0.00	0.00	0.00	0.00	0.00	0.07	0.00	0.00	0.11	0.09	0.01	0.00	0.00
425A 1.00	1.00	0.00	0.00	0.00	0.00	0.01	0.00	0.00	0.00	0.00	0.00	0.00	0.01	0.00	0.00	0.01	0.06	0.01	0.00	0.00
pos	A	C	D	E	F	G	H	I	K	L	M	N	P	Q	R	S	T	V	W	Y
426M 1.00	0.14	0.05	0.04	0.06	0.89	0.07	0.10	0.62	0.07	1.00	0.75	0.06	0.06	0.07	0.08	0.09	0.10	0.34	0.18	0.58
427A 0.97	1.00	0.08	0.02	0.06	0.06	0.03	0.02	0.48	0.06	0.35	0.35	0.03	0.09	0.05	0.04	0.10	0.32	0.78	0.01	0.02
428V 0.97	0.00	0.00	0.00	0.00	0.00	0.00	0.00	0.32	0.00	0.10	0.00	0.00	0.00	0.00	0.00	0.00	0.00	1.00	0.00	0.00
429A 1.00	1.00	0.03	0.19	0.06	0.01	0.32	0.02	0.01	0.05	0.03	0.01	0.09	0.08	0.03	0.03	0.17	0.06	0.05	0.05	0.02
430G 1.00	0.15	0.00	0.00	0.00	0.00	1.00	0.00	0.00	0.00	0.00	0.00	0.00	0.01	0.00	0.00	0.01	0.00	0.00	0.00	0.00
431C 1.00	0.77	0.24	0.26	0.32	0.70	0.40	0.50	0.44	0.35	0.67	0.23	0.39	0.29	0.34	0.36	0.86	1.00	0.64	0.17	0.90
432S 1.00	1.00	0.13	0.09	0.11	0.06	0.40	0.03	0.30	0.13	0.26	0.09	0.11	0.25	0.09	0.08	0.64	0.56	0.71	0.02	0.04
433N 1.00	0.01	0.00	0.05	0.01	0.00	0.03	0.47	0.00	0.02	0.00	0.00	1.00	0.01	0.01	0.01	0.03	0.01	0.00	0.00	0.01
434W 1.00	0.00	0.00	0.00	0.00	0.00	0.00	0.00	0.00	0.00	0.00	0.00	0.00	0.00	0.00	0.00	0.00	0.00	0.00	1.00	0.00
435T 1.00	0.48	0.09	0.03	0.07	0.08	0.02	0.02	0.50	0.07	0.52	0.13	0.04	0.11	0.06	0.04	0.11	0.41	1.00	0.01	0.02
436S 1.00	0.13	0.24	0.03	0.02	0.01	0.10	0.01	0.02	0.03	0.02	0.01	0.04	0.04	0.02	0.02	1.00	0.32	0.03	0.00	0.01
437N 1.00	0.00	0.00	0.00	0.00	0.00	0.00	0.00	0.00	0.00	0.00	0.00	1.00	0.00	0.00	0.00	0.00	0.00	0.00	0.00	0.00
438F 1.00	0.00	0.00	0.00	0.00	1.00	0.00	0.00	0.00	0.00	0.00	0.00	0.00	0.00	0.00	0.00	0.00	0.00	0.00	0.00	0.00
439L 1.00	0.33	0.02	0.01	0.02	0.02	0.00	0.00	1.00	0.02	0.53	0.03	0.01	0.02	0.01	0.01	0.02	0.37	0.37	0.00	0.01
440V 1.00	0.00	0.00	0.00	0.00	0.00	0.00	0.00	0.27	0.00	0.01	0.00	0.00	0.00	0.00	0.00	0.00	0.00	1.00	0.00	0.00
441G 1.00	0.15	0.00	0.00	0.00	0.00	1.00	0.00	0.00	0.00	0.00	0.00	0.00	0.01	0.00	0.00	0.01	0.00	0.00	0.00	0.00
442L 1.00	0.01	0.00	0.00	0.00	0.12	0.00	0.00	0.03	0.00	1.00	0.49	0.00	0.00	0.00	0.00	0.00	0.00	0.02	0.00	0.00
443L 1.00	0.10	0.16	0.03	0.04	0.17	0.11	0.06	1.00	0.05	0.74	0.12	0.05	0.03	0.04	0.05	0.06	0.11	0.95	0.03	0.13
444F 1.00	0.00	0.00	0.00	0.00	1.00	0.00	0.00	0.00	0.00	0.00	0.00	0.00	0.00	0.00	0.00	0.00	0.00	0.00	0.00	0.00
445P 1.00	0.10	0.01	0.06	0.08	0.01	0.10	0.02	0.02	0.07	0.03	0.01	0.04	1.00	0.56	0.06	0.07	0.04	0.03	0.01	0.01
446S 0.97	0.04	0.02	0.01	0.01	0.99	0.01	0.00	0.07	0.00	0.18	0.04	0.00	0.01	0.00	0.00	0.30	0.03	0.07	0.16	1.00
447A 1.00	0.38	0.01	0.00	0.01	0.02	0.00	0.00	1.00	0.01	0.17	0.02	0.00	0.01	0.00	0.01	0.01	0.03	0.50	0.00	0.01
448A 1.00	0.77	0.04	0.46	1.00	0.04	0.14	0.06	0.21	0.33	0.18	0.06	0.15	0.17	0.58	0.16	0.25	0.30	0.36	0.01	0.04
449Y 1.00	0.87	0.20	0.56	0.82	0.71	0.50	0.58	0.47	0.76	0.77	0.27	0.53	0.33	0.61	0.59	0.74	0.65	0.65	0.19	1.00
450Y 1.00	0.51	0.17	0.20	0.27	0.70	0.34	0.53	0.39	0.28	0.65	0.22	0.30	0.20	0.29	0.34	0.40	0.38	0.49	0.19	1.00
pos	A	C	D	E	F	G	H	I	K	L	M	N	P	Q	R	S	T	V	W	Y
451L 1.00	0.10	0.30	0.00	0.01	0.07	0.01	0.01	0.27	0.01	1.00	0.18	0.01	0.01	0.01	0.01	0.01	0.03	0.11	0.01	0.01
452G 1.00	0.01	0.00	0.11	0.01	0.00	1.00	0.00	0.00	0.01	0.00	0.00	0.02	0.00	0.00	0.00	0.01	0.00	0.00	0.00	0.00
453A 1.00	1.00	0.02	0.02	0.02	0.01	0.10	0.01	0.03	0.03	0.13	0.01	0.03	0.99	0.02	0.02	0.21	0.32	0.06	0.00	0.01
454Y 1.00	0.00	0.00	0.00	0.00	0.00	0.00	0.00	0.00	0.00	0.00	0.00	0.00	0.00	0.00	0.00	0.00	0.00	0.00	0.00	1.00
455V 1.00	0.49	0.16	0.04	0.06	0.03	0.18	0.01	0.18	0.06	0.14	0.05	0.05	0.12	0.04	0.04	0.61	0.26	1.00	0.01	0.02
456F 1.00	0.00	0.00	0.00	0.00	1.00	0.00	0.00	0.00	0.00	0.00	0.00	0.00	0.00	0.00	0.00	0.00	0.00	0.00	0.00	0.00
457I 1.00	0.01	0.00	0.00	0.00	0.19	0.00	0.00	1.00	0.00	0.45	0.01	0.00	0.00	0.00	0.00	0.00	0.01	0.27	0.00	0.00
458I 1.00	0.00	0.00	0.00	0.00	0.01	0.00	0.00	1.00	0.00	0.35	0.01	0.00	0.00	0.00	0.00	0.00	0.00	0.48	0.00	0.00
459F 0.97	0.00	0.00	0.00	0.00	1.00	0.00	0.00	0.00	0.00	0.00	0.00	0.00	0.00	0.00	0.00	0.00	0.00	0.00	0.00	0.00
460T 0.97	1.00	0.01	0.01	0.01	0.00	0.12	0.00	0.00	0.01	0.05	0.00	0.01	0.02	0.01	0.01	0.05	0.38	0.02	0.00	0.00
461G 0.97	1.00	0.11	0.10	0.11	0.11	0.58	0.04	0.78	0.13	0.38	0.10	0.11	0.25	0.09	0.10	0.61	0.41	0.96	0.03	0.08
462F 0.97	0.14	0.01	0.00	0.01	0.53	0.01	0.00	1.00	0.01	0.75	0.05	0.01	0.01	0.01	0.01	0.01	0.03	0.54	0.01	0.01
463L 0.97	0.11	0.42	0.01	0.02	0.09	0.01	0.01	0.24	0.02	1.00	0.12	0.01	0.03	0.02	0.02	0.02	0.07	0.30	0.01	0.02
464I 0.97	0.01	0.00	0.00	0.00	0.11	0.00	0.00	0.47	0.00	1.00	0.11	0.00	0.00	0.00	0.00	0.00	0.01	0.48	0.00	0.01
465T 0.97	0.42	0.12	0.15	0.19	0.53	0.32	0.36	0.52	0.21	1.00	0.17	0.21	0.14	0.20	0.24	0.35	0.47	0.63	0.12	0.66
466F 0.97	0.91	0.11	0.24	0.15	0.88	0.67	0.07	0.10	0.18	0.20	0.07	0.28	0.27	0.12	0.12	0.76	1.00	0.20	0.05	0.17
467L 0.97	0.26	0.07	0.07	0.09	0.60	0.11	0.14	0.41	0.10	1.00	0.24	0.10	0.09	0.11	0.11	0.17	0.21	0.37	0.12	0.51
468A 0.97	0.17	0.00	0.00	0.00	0.01	0.00	0.00	1.00	0.00	0.24	0.01	0.00	0.00	0.00	0.00	0.00	0.01	0.35	0.00	0.00
469F 0.97	0.00	0.00	0.00	0.00	1.00	0.00	0.00	0.01	0.00	0.02	0.00	0.00	0.00	0.00	0.00	0.00	0.00	0.01	0.01	0.76
470T 0.97	0.41	0.07	0.02	0.06	0.09	0.01	0.02	0.84	0.06	0.64	0.14	0.04	0.09	0.05	0.04	0.10	1.00	0.85	0.01	0.02
471F 0.97	0.00	0.00	0.00	0.00	1.00	0.00	0.00	0.01	0.00	0.02	0.00	0.00	0.00	0.00	0.00	0.04	0.00	0.01	0.02	0.70
472F 0.97	0.02	0.01	0.00	0.01	1.00	0.00	0.00	0.11	0.01	0.84	0.17	0.01	0.01	0.01	0.01	0.01	0.01	0.25	0.01	0.01
473K 0.97	0.28	0.05	0.03	0.17	0.08	0.09	0.10	0.83	0.80	0.44	0.11	0.12	0.12	0.26	0.61	0.12	0.25	1.00	0.02	0.07
474V 0.97	0.00	0.00	0.00	0.00	0.00	0.00	0.00	0.24	0.00	0.13	0.00	0.00	0.00	0.00	0.00	0.00	0.00	1.00	0.00	0.00
475P 0.97	0.00	0.00	0.00	0.00	0.00	0.00	0.00	0.00	0.00	0.00	0.00	0.00	1.00	0.00	0.00	0.00	0.00	0.00	0.00	0.00
pos	A	C	D	E	F	G	H	I	K	L	M	N	P	Q	R	S	T	V	W	Y
476E 0.97	0.00	0.00	0.00	1.00	0.00	0.00	0.00	0.00	0.00	0.00	0.00	0.00	0.00	0.00	0.00	0.00	0.00	0.00	0.00	0.00
477T 0.97	0.00	0.00	0.00	0.00	0.00	0.00	0.00	0.00	0.00	0.00	0.00	0.00	0.00	0.00	0.00	0.00	1.00	0.00	0.00	0.00
478R 0.97	0.00	0.00	0.00	0.01	0.00	0.00	0.00	0.00	1.00	0.00	0.00	0.00	0.00	0.01	0.33	0.00	0.00	0.00	0.00	0.00
479G 0.97	0.07	0.00	0.01	0.01	0.00	1.00	0.00	0.00	0.01	0.00	0.00	0.12	0.01	0.00	0.00	0.07	0.01	0.00	0.00	0.00
480R 0.97	0.01	0.00	0.00	0.01	0.00	0.00	0.01	0.00	0.60	0.01	0.00	0.01	0.00	0.01	1.00	0.01	0.01	0.00	0.00	0.00
481T 0.97	0.01	0.00	0.00	0.00	0.00	0.00	0.00	0.00	0.00	0.00	0.00	0.01	0.00	0.00	0.00	0.23	1.00	0.00	0.00	0.00
482F 0.97	0.00	0.00	0.00	0.00	1.00	0.00	0.00	0.00	0.00	0.01	0.00	0.00	0.00	0.00	0.00	0.00	0.00	0.00	0.01	0.12
483E 0.97	0.46	0.05	0.50	1.00	0.05	0.09	0.06	0.34	0.25	0.24	0.07	0.11	0.17	0.27	0.09	0.16	0.28	0.64	0.01	0.04
484D 0.97	0.01	0.00	0.24	1.00	0.00	0.00	0.00	0.00	0.01	0.00	0.00	0.00	0.01	0.12	0.00	0.00	0.00	0.00	0.00	0.00
485I 0.97	0.00	0.00	0.00	0.00	0.00	0.00	0.00	1.00	0.00	0.00	0.00	0.00	0.00	0.00	0.00	0.00	0.00	0.00	0.00	0.00
486T 0.97	0.29	0.05	0.10	0.07	0.02	0.07	0.03	0.09	0.09	0.07	0.03	0.23	0.11	0.07	0.06	0.76	1.00	0.12	0.01	0.03
487R 0.97	0.77	0.19	0.19	0.28	0.50	0.28	0.46	0.30	0.40	0.49	0.17	0.27	0.18	0.63	1.00	0.52	0.34	0.38	0.13	0.74
488A 0.97	1.00	0.06	0.47	0.81	0.11	0.46	0.14	0.37	0.71	0.29	0.10	0.38	0.24	0.45	0.49	0.61	0.48	0.29	0.03	0.13
489F 0.97	0.00	0.00	0.00	0.00	1.00	0.00	0.00	0.00	0.00	0.00	0.00	0.00	0.00	0.00	0.00	0.00	0.00	0.00	0.00	0.00
490E 0.82	0.61	0.03	0.34	1.00	0.03	0.21	0.15	0.10	0.52	0.17	0.06	0.27	0.15	0.62	0.56	0.57	0.43	0.16	0.01	0.03
491G 0.68	0.19	0.02	0.13	0.29	0.02	0.66	0.08	0.04	1.00	0.09	0.07	0.13	0.09	0.20	0.40	0.14	0.12	0.06	0.01	0.04
492Q 0.68	0.14	0.01	0.04	0.19	0.03	0.22	0.11	0.06	1.00	0.13	0.07	0.13	0.10	0.52	0.88	0.11	0.14	0.07	0.02	0.06
493A 0.63	1.00	0.08	0.26	0.33	0.06	0.41	0.07	0.10	0.33	0.16	0.07	0.42	0.23	0.22	0.20	0.83	0.68	0.25	0.02	0.06
494H 0.63	0.75	0.05	0.61	1.00	0.06	0.40	0.16	0.19	0.98	0.31	0.11	0.49	0.27	0.61	0.57	0.75	0.57	0.29	0.02	0.05
495G 0.63	0.74	0.05	0.63	1.00	0.06	0.38	0.13	0.19	0.90	0.30	0.11	0.49	0.27	0.58	0.51	0.74	0.59	0.29	0.02	0.05
496A 0.66	1.00	0.05	0.06	0.06	0.02	0.47	0.01	0.02	0.22	0.05	0.02	0.06	0.12	0.04	0.05	0.77	0.10	0.08	0.01	0.02
497D 0.61	0.57	0.05	1.00	0.75	0.06	0.33	0.17	0.15	0.84	0.36	0.08	0.53	0.22	0.45	0.40	0.64	0.53	0.22	0.02	0.07
498R 0.53	0.15	0.01	0.03	0.20	0.03	0.10	0.12	0.06	1.00	0.14	0.05	0.13	0.17	0.31	0.88	0.12	0.15	0.12	0.02	0.06
499S 0.50	0.86	0.11	0.62	1.00	0.31	0.48	0.31	0.31	0.91	0.52	0.18	0.57	0.32	0.62	0.58	0.84	0.72	0.44	0.09	0.44
500G 0.55	1.00	0.10	0.58	0.75	0.05	0.80	0.10	0.06	0.30	0.13	0.05	0.42	0.44	0.25	0.16	0.66	0.28	0.18	0.02	0.07
pos	A	C	D	E	F	G	H	I	K	L	M	N	P	Q	R	S	T	V	W	Y
501K 0.55	0.25	0.02	0.31	0.77	0.02	0.12	0.04	0.06	1.00	0.10	0.03	0.16	0.16	0.21	0.17	0.29	0.18	0.19	0.01	0.02
502D 0.55	0.47	0.03	0.55	1.00	0.03	0.35	0.08	0.10	0.57	0.16	0.06	0.36	0.16	0.34	0.27	0.41	0.30	0.15	0.01	0.03
503G 0.29	0.69	0.06	0.67	1.00	0.05	0.48	0.10	0.06	0.33	0.11	0.04	0.34	0.27	0.31	0.16	0.45	0.22	0.13	0.02	0.06
504V 0.29	0.27	0.05	0.02	0.12	0.05	0.01	0.02	0.60	0.05	0.26	0.13	0.03	0.06	0.04	0.03	0.05	0.40	1.00	0.01	0.03
505M 0.29	0.38	0.07	0.11	0.26	0.12	0.08	0.07	0.75	0.25	0.46	0.29	0.11	0.11	0.13	0.14	0.16	0.29	1.00	0.02	0.10
506G 0.24	0.53	0.05	0.73	1.00	0.04	0.45	0.11	0.05	0.33	0.10	0.04	0.41	0.23	0.30	0.15	0.39	0.20	0.11	0.02	0.07
507M 0.29	0.09	0.02	0.01	0.02	0.17	0.02	0.02	0.32	0.03	1.00	0.33	0.02	0.08	0.04	0.03	0.03	0.05	0.20	0.02	0.03
508N 0.29	0.12	0.02	0.28	0.11	0.02	0.23	0.06	0.02	0.11	0.03	0.01	1.00	0.25	0.07	0.07	0.20	0.11	0.03	0.01	0.04
509S 0.29	0.04	0.01	0.15	0.02	0.00	0.02	0.01	0.01	0.02	0.01	0.01	0.05	0.02	0.02	0.01	1.00	0.44	0.02	0.00	0.01
510I 0.32	0.35	0.03	0.01	0.02	0.07	0.01	0.01	1.00	0.03	0.50	0.31	0.02	0.03	0.02	0.02	0.03	0.09	0.65	0.01	0.02
511E 0.32	0.31	0.02	0.38	1.00	0.03	0.16	0.18	0.07	0.38	0.12	0.04	0.21	0.24	0.75	0.21	0.52	0.22	0.11	0.01	0.04
512P 0.32	0.00	0.00	0.00	0.00	0.00	0.00	0.00	0.00	0.00	0.00	0.00	0.00	1.00	0.00	0.00	0.00	0.00	0.00	0.00	0.00
513A 0.32	0.89	0.08	0.14	0.13	0.06	0.04	0.04	0.46	0.13	0.29	0.09	0.07	0.11	0.09	0.08	0.15	0.44	1.00	0.01	0.04
514K 0.26	0.00	0.00	0.00	0.00	0.00	0.00	0.00	0.00	1.00	0.00	0.00	0.00	0.00	0.00	0.00	0.00	0.00	0.00	0.00	0.00
515E 0.29	0.02	0.00	0.32	1.00	0.00	0.01	0.01	0.00	0.02	0.01	0.00	0.01	0.01	0.03	0.01	0.01	0.01	0.01	0.00	0.00
516T 0.26	0.05	0.01	0.04	0.17	0.01	0.02	0.01	0.01	0.03	0.02	0.01	0.03	0.02	0.03	0.02	0.09	1.00	0.03	0.00	0.01
517T 0.24	0.57	0.06	0.38	0.55	0.07	0.25	0.10	0.15	0.53	0.26	0.08	0.39	0.27	0.35	0.31	0.91	1.00	0.23	0.03	0.08
518T 0.16	0.84	0.10	0.63	0.71	0.10	0.63	0.20	0.17	1.00	0.29	0.11	0.67	0.33	0.51	0.66	0.98	1.00	0.28	0.04	0.14
519N 0.13	0.04	0.01	0.38	0.06	0.01	0.11	0.20	0.01	0.05	0.01	0.00	1.00	0.03	0.03	0.03	0.09	0.04	0.01	0.00	0.02
520V 0.08	0.03	0.01	0.00	0.01	0.02	0.01	0.00	0.50	0.01	0.10	0.02	0.00	0.01	0.00	0.01	0.01	0.03	1.00	0.00	0.01
