Each row corresponds to a position in the reference protein.  Below each position is the fraction of sequences that contain one of the basic amino acids.  A low fraction indicates the position is either severely gapped or unalignable and has little information.  Expect poor prediction at these positions.
Each column corresponds to one of the twenty amino acids. 
Each entry contains the score at a particular position (row) for an amino acid substitution (column).  Substitutions predicted to be intolerant are highlighted in red.




pos	A	C	D	E	F	G	H	I	K	L	M	N	P	Q	R	S	T	V	W	Y
1M 0.33	0.00	0.00	0.00	0.00	0.00	0.00	0.00	0.00	0.00	0.00	1.00	0.00	0.00	0.00	0.00	0.00	0.00	0.00	0.00	0.00
2V 0.33	0.00	0.00	0.00	0.00	0.00	0.00	0.00	0.00	0.00	0.00	0.00	0.00	0.00	0.00	0.00	0.00	0.00	1.00	0.00	0.00
3P 0.33	0.00	0.00	0.00	0.00	0.00	0.00	0.00	0.00	0.00	0.00	0.00	0.00	1.00	0.00	0.00	0.00	0.00	0.00	0.00	0.00
4V 0.33	0.00	0.00	0.00	0.00	0.00	0.00	0.00	0.00	0.00	0.00	0.00	0.00	0.00	0.00	0.00	0.00	0.00	1.00	0.00	0.00
5E 0.33	0.00	0.00	0.00	1.00	0.00	0.00	0.00	0.00	0.00	0.00	0.00	0.00	0.00	0.00	0.00	0.00	0.00	0.00	0.00	0.00
6N 0.33	0.00	0.00	0.00	0.00	0.00	0.00	0.00	0.00	0.00	0.00	0.00	1.00	0.00	0.00	0.00	0.00	0.00	0.00	0.00	0.00
7T 0.33	0.59	0.03	0.08	0.11	0.03	0.09	0.03	0.08	0.11	0.08	0.03	0.08	0.07	0.07	0.07	0.24	1.00	0.15	0.01	0.03
8E 0.33	0.00	0.00	0.00	1.00	0.00	0.00	0.00	0.00	0.00	0.00	0.00	0.00	0.00	0.00	0.00	0.00	0.00	0.00	0.00	0.00
9G 0.33	0.00	0.00	0.00	0.00	0.00	1.00	0.00	0.00	0.00	0.00	0.00	0.00	0.00	0.00	0.00	0.00	0.00	0.00	0.00	0.00
10P 0.33	0.00	0.00	0.00	0.00	0.00	0.00	0.00	0.00	0.00	0.00	0.00	0.00	1.00	0.00	0.00	0.00	0.00	0.00	0.00	0.00
11S 0.33	0.20	0.03	0.27	0.19	0.03	0.20	0.07	0.05	0.19	0.07	0.03	0.67	0.09	0.12	0.11	1.00	0.29	0.07	0.01	0.05
12L 0.33	0.00	0.00	0.00	0.00	0.00	0.00	0.00	0.00	0.00	1.00	0.00	0.00	0.00	0.00	0.00	0.00	0.00	0.00	0.00	0.00
13L 0.33	0.00	0.00	0.00	0.00	0.00	0.00	0.00	0.00	0.00	1.00	0.00	0.00	0.00	0.00	0.00	0.00	0.00	0.00	0.00	0.00
14N 0.33	0.34	0.04	0.46	0.46	0.05	0.33	0.14	0.09	0.87	0.16	0.06	1.00	0.16	0.32	0.42	0.41	0.30	0.14	0.02	0.09
15Q 0.33	0.66	0.06	0.60	1.00	0.11	0.37	0.17	0.18	0.85	0.30	0.10	0.41	0.34	0.66	0.56	0.56	0.47	0.28	0.04	0.14
16K 0.33	0.00	0.00	0.00	0.00	0.00	0.00	0.00	0.00	1.00	0.00	0.00	0.00	0.00	0.00	0.00	0.00	0.00	0.00	0.00	0.00
17G 0.33	0.00	0.00	0.00	0.00	0.00	1.00	0.00	0.00	0.00	0.00	0.00	0.00	0.00	0.00	0.00	0.00	0.00	0.00	0.00	0.00
18T 0.33	0.38	0.05	0.23	0.40	0.08	0.21	0.14	0.14	0.76	0.22	0.08	0.27	0.17	0.35	1.00	0.42	0.63	0.20	0.03	0.11
19A 0.33	0.73	0.05	0.52	1.00	0.06	0.28	0.09	0.13	0.49	0.19	0.07	0.26	0.21	0.37	0.26	0.42	0.32	0.22	0.02	0.07
20V 0.33	1.00	0.06	0.07	0.11	0.06	0.12	0.03	0.27	0.11	0.22	0.07	0.06	0.10	0.08	0.07	0.17	0.22	0.79	0.01	0.05
21E 0.33	0.00	0.00	0.00	1.00	0.00	0.00	0.00	0.00	0.00	0.00	0.00	0.00	0.00	0.00	0.00	0.00	0.00	0.00	0.00	0.00
22T 0.33	0.00	0.00	0.00	0.00	0.00	0.00	0.00	0.00	0.00	0.00	0.00	0.00	0.00	0.00	0.00	0.00	1.00	0.00	0.00	0.00
23E 0.44	0.12	0.01	0.51	1.00	0.01	0.06	0.03	0.02	0.14	0.04	0.01	0.07	0.06	0.44	0.06	0.09	0.07	0.04	0.00	0.01
24G 0.44	0.73	0.09	0.48	0.49	0.12	1.00	0.21	0.14	0.89	0.26	0.09	0.55	0.29	0.42	0.83	0.60	0.38	0.23	0.05	0.17
25S 0.44	0.00	0.00	0.00	0.00	0.00	0.00	0.00	0.00	0.00	0.00	0.00	0.00	0.00	0.00	0.00	1.00	0.00	0.00	0.00	0.00
pos	A	C	D	E	F	G	H	I	K	L	M	N	P	Q	R	S	T	V	W	Y
26G 0.44	0.23	0.02	0.10	0.06	0.02	1.00	0.02	0.02	0.06	0.03	0.01	0.10	0.07	0.04	0.04	0.47	0.08	0.04	0.01	0.02
27S 0.44	0.30	0.04	0.83	0.32	0.04	1.00	0.11	0.05	0.28	0.09	0.03	0.52	0.13	0.18	0.15	0.67	0.22	0.08	0.01	0.06
28R 0.44	0.76	0.07	0.75	1.00	0.09	0.49	0.17	0.19	0.90	0.31	0.11	0.64	0.29	0.58	0.52	0.77	0.57	0.29	0.03	0.10
29H 0.44	0.00	0.00	0.00	0.00	0.00	0.00	1.00	0.00	0.00	0.00	0.00	0.00	0.00	0.00	0.00	0.00	0.00	0.00	0.00	0.00
30P 0.56	0.00	0.00	0.00	0.00	0.00	0.00	0.00	0.00	0.00	0.00	0.00	0.00	1.00	0.00	0.00	0.00	0.00	0.00	0.00	0.00
31P 0.56	0.64	0.03	0.06	0.08	0.02	0.17	0.02	0.03	0.07	0.05	0.02	0.05	1.00	0.05	0.05	0.61	0.13	0.07	0.01	0.02
32W 0.56	0.77	0.21	0.29	0.41	0.71	0.45	0.56	0.44	0.48	0.72	0.24	0.39	0.28	0.39	0.48	0.57	0.52	0.60	0.20	1.00
33A 0.56	0.90	0.04	0.41	0.72	0.06	0.28	0.12	0.14	1.00	0.23	0.08	0.33	0.21	0.59	0.56	0.47	0.38	0.21	0.02	0.07
34R 0.56	0.90	0.09	0.67	0.98	0.12	0.51	0.19	0.23	1.00	0.36	0.13	0.60	0.34	0.62	0.63	0.99	0.85	0.35	0.04	0.14
35G 0.56	0.00	0.00	0.00	0.00	0.00	1.00	0.00	0.00	0.00	0.00	0.00	0.00	0.00	0.00	0.00	0.00	0.00	0.00	0.00	0.00
36C 0.56	0.92	0.19	0.79	0.50	0.23	0.79	0.29	0.23	0.53	0.35	0.12	0.92	0.36	0.36	0.36	1.00	0.77	0.40	0.07	0.33
37G 0.56	0.15	0.02	0.06	0.03	0.01	1.00	0.01	0.01	0.03	0.02	0.01	0.07	0.04	0.02	0.02	0.32	0.05	0.03	0.00	0.01
38M 0.56	0.95	0.12	0.34	0.62	0.28	0.43	0.27	0.38	1.00	0.66	0.41	0.38	0.31	0.52	0.86	0.62	0.55	0.56	0.08	0.33
39F 0.56	0.37	0.07	0.07	0.10	1.00	0.12	0.18	0.17	0.10	0.32	0.09	0.11	0.08	0.10	0.12	0.15	0.15	0.21	0.14	0.78
40T 0.56	0.34	0.07	0.06	0.10	0.20	0.05	0.05	0.85	0.11	0.97	0.22	0.07	0.09	0.09	0.08	0.15	0.34	1.00	0.03	0.09
41F 0.56	0.09	0.03	0.02	0.03	0.27	0.03	0.02	1.00	0.04	0.77	0.15	0.03	0.03	0.03	0.03	0.04	0.08	0.94	0.02	0.07
42L 0.78	0.00	0.00	0.00	0.00	0.00	0.00	0.00	0.00	0.00	1.00	0.00	0.00	0.00	0.00	0.00	0.00	0.00	0.00	0.00	0.00
43S 0.78	0.71	0.20	0.14	0.15	0.05	0.24	0.05	0.10	0.16	0.12	0.05	0.18	0.17	0.12	0.11	1.00	0.87	0.19	0.02	0.05
44S 0.78	0.47	0.02	0.02	0.02	0.01	0.09	0.01	0.01	0.03	0.02	0.01	0.02	0.04	0.02	0.02	1.00	0.07	0.03	0.00	0.01
45V 0.78	0.11	0.02	0.01	0.02	0.02	0.01	0.01	0.15	0.02	0.09	0.03	0.02	0.03	0.02	0.01	0.05	0.35	1.00	0.00	0.01
46T 0.78	0.27	0.05	0.08	0.10	0.05	0.06	0.04	0.40	0.11	0.17	0.06	0.12	0.09	0.08	0.07	0.71	1.00	0.54	0.02	0.05
47A 0.78	1.00	0.01	0.02	0.02	0.01	0.07	0.00	0.01	0.02	0.02	0.01	0.02	0.03	0.01	0.01	0.37	0.04	0.03	0.00	0.01
48A 0.78	1.00	0.17	0.09	0.15	0.18	0.31	0.08	0.47	0.16	0.67	0.17	0.10	0.21	0.12	0.12	0.36	0.38	0.86	0.04	0.14
49V 1.00	0.03	0.01	0.01	0.01	0.05	0.01	0.00	0.73	0.01	1.00	0.05	0.01	0.01	0.01	0.01	0.01	0.03	0.68	0.01	0.01
50S 1.00	0.92	0.10	0.30	0.16	0.05	0.87	0.07	0.05	0.17	0.10	0.05	0.33	0.25	0.11	0.11	1.00	0.29	0.15	0.02	0.06
pos	A	C	D	E	F	G	H	I	K	L	M	N	P	Q	R	S	T	V	W	Y
51G 1.00	0.00	0.00	0.00	0.00	0.00	1.00	0.00	0.00	0.00	0.00	0.00	0.00	0.00	0.00	0.00	0.00	0.00	0.00	0.00	0.00
52L 1.00	0.02	0.00	0.00	0.00	0.15	0.00	0.00	0.19	0.01	1.00	0.05	0.00	0.01	0.01	0.01	0.00	0.01	0.05	0.01	0.01
53L 1.00	0.11	0.03	0.01	0.02	0.06	0.01	0.01	0.50	0.02	1.00	0.07	0.01	0.03	0.02	0.02	0.03	0.30	0.57	0.01	0.02
54V 1.00	0.16	0.04	0.02	0.04	0.49	0.04	0.04	0.70	0.05	1.00	0.30	0.04	0.05	0.05	0.05	0.06	0.12	0.89	0.05	0.15
55G 1.00	0.00	0.00	0.00	0.00	0.00	1.00	0.00	0.00	0.00	0.00	0.00	0.00	0.00	0.00	0.00	0.00	0.00	0.00	0.00	0.00
56Y 1.00	0.00	0.00	0.00	0.00	0.00	0.00	0.00	0.00	0.00	0.00	0.00	0.00	0.00	0.00	0.00	0.00	0.00	0.00	0.00	1.00
57E 1.00	0.00	0.00	0.00	1.00	0.00	0.00	0.00	0.00	0.00	0.00	0.00	0.00	0.00	0.00	0.00	0.00	0.00	0.00	0.00	0.00
58L 1.00	0.01	0.00	0.00	0.00	0.03	0.00	0.00	0.05	0.00	1.00	0.18	0.00	0.00	0.01	0.00	0.00	0.01	0.03	0.00	0.00
59G 1.00	0.44	0.02	0.02	0.02	0.01	1.00	0.00	0.01	0.02	0.02	0.01	0.02	0.04	0.01	0.01	0.30	0.04	0.03	0.00	0.01
60I 1.00	0.02	0.01	0.00	0.00	0.02	0.01	0.00	1.00	0.01	0.49	0.03	0.00	0.00	0.00	0.01	0.01	0.02	0.51	0.00	0.01
61I 1.00	0.00	0.00	0.00	0.00	0.00	0.00	0.00	1.00	0.00	0.00	0.00	0.00	0.00	0.00	0.00	0.00	0.00	0.00	0.00	0.00
62S 1.00	0.00	0.00	0.00	0.00	0.00	0.00	0.00	0.00	0.00	0.00	0.00	0.00	0.00	0.00	0.00	1.00	0.00	0.00	0.00	0.00
63G 1.00	0.00	0.00	0.00	0.00	0.00	1.00	0.00	0.00	0.00	0.00	0.00	0.00	0.00	0.00	0.00	0.00	0.00	0.00	0.00	0.00
64A 1.00	1.00	0.00	0.00	0.00	0.00	0.00	0.00	0.00	0.00	0.00	0.00	0.00	0.00	0.00	0.00	0.00	0.00	0.00	0.00	0.00
65L 1.00	0.00	0.00	0.00	0.00	0.00	0.00	0.00	0.00	0.00	1.00	0.00	0.00	0.00	0.00	0.00	0.00	0.00	0.00	0.00	0.00
66L 1.00	0.00	0.00	0.00	0.00	0.00	0.00	0.00	0.00	0.00	1.00	0.00	0.00	0.00	0.00	0.00	0.00	0.00	0.00	0.00	0.00
67Q 1.00	0.84	0.14	0.33	0.58	0.29	0.29	0.21	0.59	0.64	0.86	0.28	0.31	0.33	0.60	0.46	0.50	0.60	1.00	0.07	0.28
68I 1.00	0.02	0.01	0.00	0.01	0.04	0.00	0.00	0.51	0.01	1.00	0.05	0.00	0.01	0.01	0.01	0.01	0.01	0.10	0.01	0.01
69K 1.00	0.06	0.01	0.02	0.08	0.01	0.04	0.05	0.02	0.93	0.05	0.02	0.05	0.04	0.70	1.00	0.05	0.06	0.03	0.01	0.02
70T 1.00	0.36	0.05	0.27	0.29	0.05	0.16	0.07	0.11	0.29	0.17	0.06	0.27	0.16	0.20	0.17	0.77	1.00	0.17	0.02	0.07
71L 1.00	0.59	0.12	0.38	0.49	0.35	0.29	0.25	0.72	0.44	0.93	0.21	0.37	0.21	0.33	0.32	0.46	0.48	1.00	0.08	0.40
72L 1.00	0.05	0.02	0.01	0.02	0.85	0.02	0.02	0.11	0.01	1.00	0.06	0.01	0.02	0.02	0.02	0.03	0.03	0.09	0.11	0.56
73A 1.00	0.83	0.05	0.58	1.00	0.06	0.46	0.12	0.18	0.85	0.29	0.10	0.46	0.26	0.66	0.49	0.68	0.62	0.33	0.02	0.06
74L 1.00	0.00	0.00	0.00	0.00	0.00	0.00	0.00	0.00	0.00	1.00	0.00	0.00	0.00	0.00	0.00	0.00	0.00	0.00	0.00	0.00
75S 1.00	0.05	0.01	0.02	0.01	0.01	0.02	0.01	0.01	0.02	0.01	0.01	0.04	0.02	0.02	0.01	0.79	1.00	0.02	0.00	0.01
pos	A	C	D	E	F	G	H	I	K	L	M	N	P	Q	R	S	T	V	W	Y
76C 1.00	0.00	1.00	0.00	0.00	0.00	0.00	0.00	0.00	0.00	0.00	0.00	0.00	0.00	0.00	0.00	0.00	0.00	0.00	0.00	0.00
77H 1.00	0.52	0.18	0.22	0.29	0.71	0.34	0.55	0.41	0.32	0.70	0.23	0.32	0.21	0.31	0.37	0.41	0.40	0.51	0.19	1.00
78E 1.00	0.02	0.00	0.06	1.00	0.00	0.01	0.01	0.00	0.03	0.01	0.00	0.01	0.01	0.15	0.01	0.01	0.01	0.01	0.00	0.00
79Q 1.00	0.00	0.00	0.00	0.00	0.00	0.00	0.00	0.00	0.00	0.00	0.00	0.00	0.00	1.00	0.00	0.00	0.00	0.00	0.00	0.00
80E 1.00	0.00	0.00	0.00	1.00	0.00	0.00	0.00	0.00	0.00	0.00	0.00	0.00	0.00	0.00	0.00	0.00	0.00	0.00	0.00	0.00
81M 1.00	0.37	0.07	0.07	0.11	0.39	0.11	0.16	0.47	0.11	1.00	0.48	0.11	0.08	0.23	0.12	0.14	0.16	0.32	0.07	0.29
82V 1.00	0.04	0.01	0.00	0.01	0.04	0.01	0.00	0.20	0.01	0.71	0.04	0.01	0.01	0.01	0.01	0.01	0.03	1.00	0.00	0.01
83V 1.00	0.00	0.00	0.00	0.00	0.00	0.00	0.00	0.00	0.00	0.00	0.00	0.00	0.00	0.00	0.00	0.00	0.00	1.00	0.00	0.00
84S 1.00	0.72	0.08	0.24	0.13	0.04	0.75	0.05	0.04	0.13	0.08	0.04	0.26	0.20	0.09	0.09	1.00	0.23	0.12	0.01	0.04
85S 1.00	0.62	0.02	0.02	0.02	0.01	0.10	0.01	0.01	0.02	0.02	0.01	0.02	0.05	0.02	0.02	1.00	0.07	0.04	0.00	0.01
86L 1.00	0.02	0.01	0.00	0.01	0.03	0.00	0.00	0.11	0.01	1.00	0.04	0.00	0.01	0.01	0.01	0.01	0.02	0.30	0.00	0.01
87V 1.00	0.02	0.00	0.00	0.00	0.03	0.00	0.00	0.07	0.00	1.00	0.03	0.00	0.01	0.01	0.00	0.00	0.01	0.16	0.00	0.00
88I 1.00	0.04	0.01	0.01	0.01	0.36	0.01	0.01	0.85	0.02	1.00	0.13	0.01	0.02	0.02	0.02	0.01	0.03	0.21	0.02	0.03
89G 1.00	0.00	0.00	0.00	0.00	0.00	1.00	0.00	0.00	0.00	0.00	0.00	0.00	0.00	0.00	0.00	0.00	0.00	0.00	0.00	0.00
90A 1.00	1.00	0.00	0.00	0.00	0.00	0.00	0.00	0.00	0.00	0.00	0.00	0.00	0.00	0.00	0.00	0.00	0.00	0.00	0.00	0.00
91L 1.00	0.02	0.01	0.00	0.01	0.34	0.01	0.01	0.11	0.01	1.00	0.07	0.01	0.01	0.01	0.01	0.01	0.01	0.06	0.02	0.04
92L 1.00	0.02	0.00	0.00	0.00	0.03	0.00	0.00	0.07	0.01	1.00	0.03	0.00	0.01	0.01	0.00	0.00	0.01	0.18	0.00	0.01
93A 1.00	1.00	0.04	0.03	0.05	0.06	0.12	0.01	0.14	0.05	0.39	0.07	0.03	0.07	0.04	0.04	0.13	0.10	0.21	0.01	0.03
94S 1.00	0.00	0.00	0.00	0.00	0.00	0.00	0.00	0.00	0.00	0.00	0.00	0.00	0.00	0.00	0.00	1.00	0.00	0.00	0.00	0.00
95L 1.00	0.00	0.00	0.00	0.00	0.00	0.00	0.00	0.00	0.00	1.00	0.00	0.00	0.00	0.00	0.00	0.00	0.00	0.00	0.00	0.00
96T 1.00	0.08	0.02	0.03	0.04	0.09	0.07	0.02	1.00	0.05	0.37	0.07	0.04	0.02	0.03	0.04	0.07	0.13	0.96	0.01	0.07
97G 1.00	0.00	0.00	0.00	0.00	0.00	1.00	0.00	0.00	0.00	0.00	0.00	0.00	0.00	0.00	0.00	0.00	0.00	0.00	0.00	0.00
98G 1.00	0.00	0.00	0.00	0.00	0.00	1.00	0.00	0.00	0.00	0.00	0.00	0.00	0.00	0.00	0.00	0.00	0.00	0.00	0.00	0.00
99V 1.00	0.33	0.13	0.05	0.08	0.26	0.06	0.09	0.62	0.09	0.38	0.11	0.07	0.08	0.07	0.08	0.10	0.31	1.00	0.03	0.16
100L 1.00	0.02	0.01	0.00	0.01	0.05	0.00	0.00	0.54	0.01	1.00	0.05	0.00	0.01	0.01	0.01	0.01	0.01	0.10	0.01	0.01
pos	A	C	D	E	F	G	H	I	K	L	M	N	P	Q	R	S	T	V	W	Y
101I 1.00	0.01	0.00	0.00	0.00	0.02	0.00	0.00	1.00	0.00	0.27	0.02	0.00	0.00	0.00	0.00	0.00	0.01	0.10	0.00	0.01
102D 1.00	0.00	0.00	1.00	0.00	0.00	0.00	0.00	0.00	0.00	0.00	0.00	0.00	0.00	0.00	0.00	0.00	0.00	0.00	0.00	0.00
103R 1.00	0.62	0.20	0.25	0.41	0.71	0.39	0.60	0.45	0.77	0.78	0.25	0.40	0.27	0.47	0.79	0.49	0.50	0.57	0.19	1.00
104Y 1.00	0.05	0.02	0.02	0.02	0.21	0.03	0.04	0.04	0.02	0.08	0.02	0.03	0.02	0.02	0.03	0.14	0.04	0.05	0.15	1.00
105G 1.00	0.00	0.00	0.00	0.00	0.00	1.00	0.00	0.00	0.00	0.00	0.00	0.00	0.00	0.00	0.00	0.00	0.00	0.00	0.00	0.00
106R 1.00	0.00	0.00	0.00	0.00	0.00	0.00	0.00	0.00	0.00	0.00	0.00	0.00	0.00	0.00	1.00	0.00	0.00	0.00	0.00	0.00
107R 1.00	0.01	0.00	0.00	0.02	0.00	0.01	0.01	0.01	0.18	0.01	0.00	0.01	0.01	0.03	1.00	0.01	0.01	0.01	0.00	0.01
108T 1.00	0.86	0.20	0.49	0.73	0.72	0.50	0.59	0.49	0.75	0.81	0.27	0.53	0.33	0.58	0.63	0.74	0.70	0.65	0.19	1.00
109A 1.00	1.00	0.02	0.03	0.03	0.01	0.07	0.01	0.02	0.04	0.03	0.01	0.05	0.05	0.03	0.02	0.33	0.58	0.05	0.00	0.01
110I 1.00	0.00	0.00	0.00	0.00	0.00	0.00	0.00	1.00	0.00	0.00	0.00	0.00	0.00	0.00	0.00	0.00	0.00	0.00	0.00	0.00
111I 1.00	0.03	0.01	0.00	0.01	0.06	0.01	0.00	1.00	0.01	0.75	0.21	0.01	0.01	0.01	0.01	0.01	0.02	0.14	0.01	0.01
112L 1.00	0.61	0.13	0.16	0.21	0.51	0.35	0.31	0.44	0.23	1.00	0.26	0.21	0.20	0.21	0.24	0.38	0.30	0.44	0.12	0.57
113S 1.00	0.04	0.01	0.02	0.01	0.00	0.01	0.00	0.01	0.02	0.01	0.01	0.03	0.02	0.01	0.01	1.00	0.48	0.02	0.00	0.00
114S 1.00	0.46	0.03	0.17	0.11	0.02	0.18	0.04	0.03	0.11	0.05	0.02	0.80	0.08	0.07	0.06	1.00	0.25	0.06	0.01	0.03
115C 1.00	0.39	0.22	0.03	0.07	0.17	0.04	0.05	0.59	0.07	1.00	0.19	0.05	0.09	0.07	0.06	0.08	0.24	0.78	0.03	0.08
116L 1.00	0.05	0.01	0.01	0.01	0.06	0.01	0.00	0.24	0.01	1.00	0.07	0.01	0.01	0.01	0.01	0.01	0.04	0.67	0.01	0.01
117L 1.00	0.12	0.17	0.01	0.02	0.07	0.01	0.01	0.27	0.02	1.00	0.08	0.02	0.03	0.02	0.02	0.03	0.08	0.54	0.01	0.02
118G 1.00	0.32	0.06	0.06	0.08	0.23	0.17	0.06	1.00	0.10	0.98	0.21	0.07	0.09	0.08	0.09	0.17	0.14	0.91	0.04	0.13
119L 1.00	0.22	0.03	0.02	0.04	0.25	0.04	0.04	0.32	0.04	1.00	0.20	0.03	0.04	0.05	0.04	0.05	0.07	0.23	0.03	0.10
120G 1.00	0.23	0.01	0.01	0.01	0.00	1.00	0.00	0.00	0.01	0.01	0.00	0.01	0.02	0.01	0.01	0.05	0.02	0.02	0.00	0.00
121S 1.00	0.04	0.01	0.03	0.02	0.00	0.02	0.01	0.01	0.02	0.01	0.01	0.19	0.02	0.02	0.01	1.00	0.35	0.02	0.00	0.01
122L 1.00	0.01	0.00	0.00	0.00	0.03	0.00	0.00	0.29	0.00	1.00	0.04	0.00	0.01	0.01	0.00	0.00	0.01	0.06	0.00	0.01
123V 1.00	0.06	0.02	0.01	0.01	0.04	0.01	0.00	0.92	0.02	0.62	0.04	0.01	0.01	0.01	0.01	0.02	0.19	1.00	0.00	0.02
124L 1.00	0.78	0.10	0.16	0.21	0.19	0.39	0.09	0.31	0.24	1.00	0.18	0.18	0.28	0.17	0.18	0.63	0.47	0.38	0.04	0.14
125I 1.00	0.05	0.01	0.01	0.01	0.07	0.06	0.00	1.00	0.02	0.33	0.06	0.01	0.01	0.01	0.02	0.03	0.05	0.91	0.01	0.03
pos	A	C	D	E	F	G	H	I	K	L	M	N	P	Q	R	S	T	V	W	Y
126L 1.00	0.48	0.15	0.03	0.08	0.13	0.03	0.05	0.63	0.08	0.70	0.20	0.05	0.09	0.07	0.06	0.08	0.28	1.00	0.02	0.08
127S 1.00	0.62	0.09	0.16	0.19	0.06	0.19	0.05	0.23	0.21	0.21	0.08	0.21	0.19	0.15	0.13	0.82	1.00	0.53	0.02	0.06
128L 1.00	1.00	0.15	0.28	0.40	0.34	0.55	0.25	0.57	0.41	0.65	0.19	0.30	0.30	0.30	0.32	0.71	0.50	0.69	0.09	0.41
129S 1.00	0.03	0.01	0.01	0.01	0.00	0.01	0.00	0.01	0.01	0.01	0.00	0.02	0.01	0.01	0.01	1.00	0.20	0.01	0.00	0.00
130Y 1.00	0.04	0.02	0.01	0.01	0.91	0.01	0.02	0.06	0.01	0.40	0.03	0.01	0.01	0.01	0.01	0.03	0.03	0.06	0.09	1.00
131T 1.00	1.00	0.14	0.27	0.34	0.28	0.55	0.23	0.21	0.35	0.35	0.13	0.30	0.30	0.26	0.27	0.78	0.63	0.34	0.09	0.37
132V 1.00	0.84	0.22	0.34	0.48	0.72	0.42	0.56	0.56	0.49	0.81	0.27	0.43	0.30	0.42	0.46	0.71	0.77	0.84	0.23	1.00
133L 1.00	0.00	0.00	0.00	0.00	0.00	0.00	0.00	0.00	0.00	1.00	0.00	0.00	0.00	0.00	0.00	0.00	0.00	0.00	0.00	0.00
134I 1.00	0.01	0.00	0.00	0.00	0.02	0.01	0.00	1.00	0.01	0.23	0.02	0.00	0.00	0.00	0.00	0.01	0.02	0.70	0.00	0.01
135V 1.00	0.49	0.09	0.14	0.20	0.35	0.30	0.20	0.71	0.21	0.98	0.29	0.17	0.14	0.18	0.19	0.28	0.24	1.00	0.08	0.37
136G 1.00	0.00	0.00	0.00	0.00	0.00	1.00	0.00	0.00	0.00	0.00	0.00	0.00	0.00	0.00	0.00	0.00	0.00	0.00	0.00	0.00
137R 1.00	0.00	0.00	0.00	0.00	0.00	0.00	0.00	0.00	0.00	0.00	0.00	0.00	0.00	0.00	1.00	0.00	0.00	0.00	0.00	0.00
138I 1.00	0.23	0.02	0.01	0.02	0.06	0.01	0.01	0.96	0.02	0.44	0.26	0.01	0.02	0.02	0.02	0.02	0.08	1.00	0.01	0.02
139A 1.00	0.94	0.23	0.34	0.50	0.74	0.42	0.56	0.63	0.51	0.89	0.29	0.43	0.31	0.43	0.46	0.66	0.75	1.00	0.19	0.99
140I 1.00	0.02	0.00	0.00	0.00	0.02	0.00	0.00	1.00	0.01	0.09	0.02	0.00	0.00	0.00	0.00	0.01	0.02	0.83	0.00	0.01
141G 1.00	0.00	0.00	0.00	0.00	0.00	1.00	0.00	0.00	0.00	0.00	0.00	0.00	0.00	0.00	0.00	0.00	0.00	0.00	0.00	0.00
142V 1.00	0.16	0.04	0.02	0.04	0.49	0.04	0.04	0.70	0.05	1.00	0.30	0.04	0.05	0.05	0.05	0.06	0.12	0.89	0.05	0.15
143S 1.00	1.00	0.08	0.10	0.12	0.18	0.37	0.06	0.08	0.12	0.14	0.05	0.11	0.18	0.09	0.09	0.82	0.27	0.18	0.03	0.11
144I 1.00	0.01	0.00	0.00	0.00	0.01	0.00	0.00	1.00	0.00	0.05	0.01	0.00	0.00	0.00	0.00	0.00	0.01	0.28	0.00	0.00
145S 1.00	0.27	0.01	0.01	0.01	0.00	0.06	0.00	0.01	0.01	0.01	0.01	0.01	0.03	0.01	0.01	1.00	0.04	0.02	0.00	0.00
146L 1.00	0.01	0.00	0.00	0.00	0.03	0.00	0.00	0.29	0.00	1.00	0.04	0.00	0.01	0.01	0.00	0.00	0.01	0.06	0.00	0.01
147S 1.00	0.00	0.00	0.00	0.00	0.00	0.00	0.00	0.00	0.00	0.00	0.00	0.00	0.00	0.00	0.00	1.00	0.00	0.00	0.00	0.00
148S 1.00	0.51	0.04	0.05	0.04	0.02	0.37	0.01	0.02	0.05	0.04	0.02	0.04	0.09	0.03	0.03	1.00	0.08	0.06	0.01	0.01
149I 1.00	0.25	0.05	0.03	0.05	0.13	0.03	0.03	1.00	0.06	0.66	0.61	0.04	0.07	0.05	0.05	0.10	0.54	0.74	0.02	0.05
150A 1.00	1.00	0.00	0.00	0.00	0.00	0.00	0.00	0.00	0.00	0.00	0.00	0.00	0.00	0.00	0.00	0.00	0.00	0.00	0.00	0.00
pos	A	C	D	E	F	G	H	I	K	L	M	N	P	Q	R	S	T	V	W	Y
151T 1.00	0.28	0.12	0.10	0.07	0.03	0.10	0.03	0.07	0.10	0.07	0.04	0.17	0.12	0.07	0.06	0.73	1.00	0.13	0.02	0.03
152C 1.00	0.00	1.00	0.00	0.00	0.00	0.00	0.00	0.00	0.00	0.00	0.00	0.00	0.00	0.00	0.00	0.00	0.00	0.00	0.00	0.00
153V 1.00	0.02	0.01	0.00	0.01	0.02	0.01	0.00	0.91	0.01	0.36	0.02	0.00	0.00	0.00	0.01	0.01	0.02	1.00	0.00	0.01
154Y 1.00	0.00	0.00	0.00	0.00	0.00	0.00	0.00	0.00	0.00	0.00	0.00	0.00	0.00	0.00	0.00	0.00	0.00	0.00	0.00	1.00
155I 1.00	0.31	0.03	0.01	0.02	0.03	0.01	0.01	0.97	0.02	0.19	0.04	0.01	0.03	0.01	0.01	0.02	0.09	1.00	0.00	0.01
156A 1.00	1.00	0.02	0.02	0.02	0.01	0.08	0.00	0.01	0.02	0.02	0.01	0.02	0.04	0.01	0.01	0.63	0.05	0.03	0.00	0.01
157E 1.00	0.00	0.00	0.00	1.00	0.00	0.00	0.00	0.00	0.00	0.00	0.00	0.00	0.00	0.00	0.00	0.00	0.00	0.00	0.00	0.00
158I 1.00	0.02	0.01	0.00	0.01	0.03	0.01	0.00	1.00	0.01	0.56	0.03	0.00	0.00	0.00	0.01	0.01	0.02	0.47	0.00	0.01
159A 1.00	1.00	0.05	0.04	0.06	0.03	0.18	0.02	0.11	0.06	0.10	0.04	0.04	0.10	0.04	0.04	0.35	0.16	0.72	0.01	0.02
160P 1.00	1.00	0.10	0.37	0.40	0.09	0.79	0.17	0.11	0.85	0.23	0.09	0.43	0.69	0.37	0.78	0.66	0.36	0.23	0.04	0.13
161Q 1.00	1.00	0.09	0.42	0.72	0.07	0.51	0.10	0.13	0.49	0.21	0.08	0.24	0.33	0.35	0.32	0.59	0.37	0.28	0.03	0.08
162H 1.00	0.89	0.12	0.96	1.00	0.32	0.59	0.89	0.27	0.90	0.46	0.16	0.78	0.32	0.59	0.79	0.76	0.58	0.38	0.09	0.46
163R 1.00	0.16	0.02	0.05	0.22	0.04	0.11	0.13	0.07	1.00	0.15	0.05	0.15	0.11	0.50	0.94	0.13	0.16	0.09	0.09	0.07
164R 1.00	0.00	0.00	0.00	0.00	0.00	0.00	0.00	0.00	0.00	0.00	0.00	0.00	0.00	0.00	1.00	0.00	0.00	0.00	0.00	0.00
165G 1.00	0.00	0.00	0.00	0.00	0.00	1.00	0.00	0.00	0.00	0.00	0.00	0.00	0.00	0.00	0.00	0.00	0.00	0.00	0.00	0.00
166L 1.00	0.34	0.08	0.09	0.15	0.24	0.10	0.13	0.52	0.17	1.00	0.36	0.11	0.11	0.13	0.25	0.16	0.33	0.81	0.05	0.21
167L 1.00	0.04	0.14	0.01	0.01	0.05	0.01	0.01	0.10	0.01	1.00	0.06	0.01	0.01	0.01	0.01	0.01	0.02	0.08	0.01	0.01
168V 1.00	0.00	0.00	0.00	0.00	0.00	0.00	0.00	0.00	0.00	0.00	0.00	0.00	0.00	0.00	0.00	0.00	0.00	1.00	0.00	0.00
169S 1.00	0.26	0.17	0.05	0.04	0.02	0.14	0.01	0.03	0.04	0.04	0.02	0.07	0.07	0.03	0.03	1.00	0.20	0.06	0.01	0.02
170L 1.00	0.02	0.00	0.00	0.00	0.03	0.00	0.00	0.08	0.01	1.00	0.04	0.00	0.01	0.01	0.00	0.01	0.01	0.22	0.00	0.01
171N 1.00	0.31	0.08	0.84	0.33	0.18	0.65	0.28	0.11	0.36	0.20	0.07	1.00	0.19	0.24	0.25	0.56	0.31	0.15	0.06	0.30
172E 1.00	0.00	0.00	0.00	1.00	0.00	0.00	0.00	0.00	0.00	0.00	0.00	0.00	0.00	0.00	0.00	0.00	0.00	0.00	0.00	0.00
173L 1.00	0.45	0.07	0.03	0.07	0.07	0.03	0.03	0.39	0.07	1.00	0.10	0.04	0.08	0.06	0.05	0.09	0.48	0.84	0.01	0.04
174M 1.00	1.00	0.11	0.18	0.17	0.12	0.60	0.07	0.17	0.21	0.40	0.12	0.19	0.27	0.13	0.16	0.55	0.24	0.24	0.03	0.09
175I 1.00	0.01	0.00	0.00	0.00	0.01	0.00	0.00	1.00	0.00	0.05	0.01	0.00	0.00	0.00	0.00	0.00	0.01	0.28	0.00	0.00
pos	A	C	D	E	F	G	H	I	K	L	M	N	P	Q	R	S	T	V	W	Y
176V 1.00	0.17	0.03	0.02	0.03	0.02	0.02	0.01	0.21	0.03	0.13	0.04	0.03	0.04	0.02	0.02	0.08	0.58	1.00	0.00	0.01
177I 1.00	0.33	0.04	0.01	0.03	0.03	0.01	0.01	0.59	0.03	0.37	0.05	0.02	0.04	0.02	0.02	0.03	0.27	1.00	0.01	0.02
178G 1.00	0.00	0.00	0.00	0.00	0.00	1.00	0.00	0.00	0.00	0.00	0.00	0.00	0.00	0.00	0.00	0.00	0.00	0.00	0.00	0.00
179I 1.00	0.02	0.00	0.00	0.00	0.02	0.00	0.00	1.00	0.01	0.13	0.18	0.00	0.00	0.00	0.00	0.01	0.01	0.11	0.00	0.01
180L 1.00	0.00	0.00	0.00	0.00	0.00	0.00	0.00	0.00	0.00	1.00	0.00	0.00	0.00	0.00	0.00	0.00	0.00	0.00	0.00	0.00
181S 1.00	0.11	0.03	0.03	0.04	0.38	0.05	0.07	0.49	0.05	1.00	0.19	0.05	0.04	0.06	0.06	0.11	0.08	0.30	0.04	0.14
182A 1.00	1.00	0.03	0.03	0.03	0.01	0.38	0.01	0.01	0.03	0.03	0.01	0.03	0.06	0.02	0.02	0.77	0.05	0.04	0.00	0.01
183Y 1.00	0.01	0.00	0.00	0.00	0.29	0.00	0.00	0.01	0.00	0.03	0.01	0.00	0.00	0.00	0.00	0.00	0.00	0.01	0.03	1.00
184I 1.00	1.00	0.10	0.12	0.15	0.09	0.54	0.05	0.20	0.16	0.22	0.07	0.11	0.25	0.11	0.12	0.52	0.22	0.30	0.03	0.09
185S 1.00	0.37	0.09	0.10	0.14	0.32	0.16	0.15	0.43	0.15	1.00	0.26	0.13	0.12	0.14	0.14	0.28	0.28	0.44	0.06	0.27
186N 1.00	0.02	0.00	0.07	0.02	0.00	0.05	0.01	0.00	0.02	0.01	0.00	1.00	0.01	0.01	0.01	0.22	0.04	0.01	0.00	0.01
187Y 1.00	0.01	0.00	0.00	0.00	0.15	0.00	0.00	0.01	0.00	0.04	0.01	0.00	0.00	0.00	0.00	0.01	0.01	0.01	0.18	1.00
188A 1.00	0.39	0.09	0.06	0.10	0.31	0.09	0.12	0.57	0.11	1.00	0.24	0.09	0.10	0.10	0.10	0.13	0.24	0.71	0.06	0.23
189F 1.00	0.04	0.01	0.01	0.01	1.00	0.01	0.01	0.16	0.01	0.98	0.10	0.01	0.01	0.02	0.01	0.01	0.02	0.09	0.03	0.11
190A 1.00	1.00	0.01	0.01	0.01	0.00	0.06	0.00	0.01	0.01	0.01	0.01	0.01	0.03	0.01	0.01	0.29	0.03	0.02	0.00	0.00
191N 1.00	0.42	0.03	0.23	0.12	0.02	1.00	0.05	0.02	0.12	0.04	0.02	0.84	0.08	0.08	0.07	0.44	0.12	0.05	0.01	0.03
192V 1.00	0.11	0.02	0.01	0.02	0.03	0.01	0.01	0.53	0.02	0.14	0.03	0.02	0.03	0.02	0.02	0.14	0.21	1.00	0.00	0.02
193F 1.00	0.68	0.13	0.71	0.50	0.33	0.62	0.33	0.23	0.50	0.37	0.13	0.91	0.38	0.36	0.35	1.00	0.83	0.33	0.09	0.44
194H 1.00	0.46	0.09	0.99	0.73	0.24	0.65	0.35	0.16	0.49	0.28	0.10	1.00	0.24	0.38	0.31	0.63	0.38	0.23	0.09	0.37
195G 1.00	0.08	0.01	0.03	0.01	0.00	1.00	0.01	0.00	0.01	0.01	0.00	0.03	0.02	0.01	0.01	0.16	0.02	0.01	0.00	0.00
196W 1.00	0.00	0.00	0.00	0.00	0.00	0.00	0.00	0.00	0.00	0.00	0.00	0.00	0.00	0.00	0.00	0.00	0.00	0.00	1.00	0.00
197K 1.00	0.02	0.00	0.01	0.03	0.00	0.02	0.02	0.01	1.00	0.02	0.01	0.02	0.02	0.05	0.56	0.02	0.02	0.01	0.00	0.01
198Y 1.00	0.05	0.02	0.02	0.03	0.28	0.03	0.31	0.04	0.03	0.07	0.02	0.03	0.02	0.03	0.04	0.04	0.04	0.05	0.02	1.00
199M 1.00	0.08	0.01	0.02	0.02	0.03	0.02	0.01	0.07	0.03	0.13	1.00	0.02	0.03	0.02	0.02	0.08	0.28	0.10	0.01	0.01
200F 1.00	0.00	0.00	0.00	0.00	1.00	0.00	0.00	0.00	0.00	0.00	0.00	0.00	0.00	0.00	0.00	0.00	0.00	0.00	0.00	0.00
pos	A	C	D	E	F	G	H	I	K	L	M	N	P	Q	R	S	T	V	W	Y
201G 1.00	0.00	0.00	0.00	0.00	0.00	1.00	0.00	0.00	0.00	0.00	0.00	0.00	0.00	0.00	0.00	0.00	0.00	0.00	0.00	0.00
202L 1.00	0.26	0.06	0.08	0.10	0.32	0.17	0.13	0.35	0.13	1.00	0.22	0.10	0.09	0.11	0.12	0.16	0.14	0.28	0.09	0.26
203V 1.00	0.63	0.06	0.02	0.05	0.05	0.01	0.01	0.53	0.05	0.28	0.08	0.03	0.07	0.04	0.03	0.06	0.22	1.00	0.01	0.02
204I 1.00	0.36	0.05	0.02	0.05	0.07	0.02	0.02	1.00	0.05	0.51	0.09	0.03	0.06	0.04	0.04	0.07	0.43	0.66	0.01	0.04
205P 1.00	0.47	0.09	0.04	0.09	0.10	0.03	0.04	0.52	0.09	0.46	0.13	0.05	0.13	0.07	0.06	0.10	0.32	1.00	0.02	0.06
206L 1.00	0.25	0.04	0.05	0.07	0.20	0.11	0.03	0.37	0.09	1.00	0.22	0.05	0.09	0.07	0.08	0.11	0.12	0.30	0.03	0.06
207G 1.00	1.00	0.02	0.02	0.02	0.01	0.51	0.00	0.01	0.02	0.02	0.01	0.02	0.05	0.01	0.02	0.10	0.03	0.03	0.00	0.01
208V 1.00	0.56	0.05	0.02	0.04	0.06	0.02	0.02	0.36	0.05	0.55	0.08	0.02	0.06	0.04	0.03	0.05	0.18	1.00	0.01	0.02
209L 1.00	0.02	0.01	0.00	0.00	0.26	0.00	0.00	0.09	0.01	1.00	0.05	0.00	0.01	0.01	0.01	0.01	0.01	0.05	0.01	0.03
210Q 1.00	0.00	0.00	0.00	0.00	0.00	0.00	0.00	0.00	0.00	0.00	0.00	0.00	0.00	1.00	0.00	0.00	0.00	0.00	0.00	0.00
211A 1.00	1.00	0.10	0.11	0.13	0.19	0.44	0.08	0.11	0.14	0.18	0.07	0.12	0.21	0.10	0.11	0.54	0.28	0.22	0.04	0.15
212I 1.00	0.04	0.01	0.01	0.01	0.07	0.07	0.00	1.00	0.02	0.41	0.07	0.01	0.01	0.01	0.02	0.02	0.05	0.83	0.01	0.04
213A 1.00	1.00	0.04	0.04	0.05	0.02	0.15	0.01	0.07	0.05	0.07	0.03	0.04	0.08	0.04	0.04	0.60	0.14	0.52	0.01	0.02
214M 1.00	0.03	0.01	0.00	0.01	0.06	0.01	0.00	0.45	0.01	0.63	1.00	0.01	0.01	0.01	0.01	0.01	0.02	0.09	0.01	0.01
215Y 1.00	0.33	0.12	0.13	0.17	0.86	0.20	0.33	0.32	0.18	0.70	0.18	0.19	0.18	0.18	0.21	0.26	0.25	0.36	0.19	1.00
216F 1.00	0.02	0.01	0.00	0.01	1.00	0.00	0.00	0.08	0.01	0.52	0.05	0.00	0.01	0.01	0.01	0.01	0.01	0.05	0.02	0.08
217L 1.00	0.00	0.00	0.00	0.00	0.00	0.00	0.00	0.00	0.00	1.00	0.00	0.00	0.00	0.00	0.00	0.00	0.00	0.00	0.00	0.00
218P 1.00	0.00	0.00	0.00	0.00	0.00	0.00	0.00	0.00	0.00	0.00	0.00	0.00	1.00	0.00	0.00	0.00	0.00	0.00	0.00	0.00
219P 0.78	0.67	0.06	0.87	0.87	0.07	0.43	0.15	0.16	0.76	0.26	0.09	0.58	0.72	0.49	0.61	1.00	0.56	0.24	0.02	0.08
220S 0.78	0.17	0.02	0.11	0.12	0.02	0.12	0.04	0.03	0.46	0.05	0.02	0.13	0.07	0.09	0.14	1.00	0.19	0.05	0.01	0.02
221P 0.78	0.00	0.00	0.00	0.00	0.00	0.00	0.00	0.00	0.00	0.00	0.00	0.00	1.00	0.00	0.00	0.00	0.00	0.00	0.00	0.00
222R 0.78	0.05	0.01	0.02	0.06	0.02	0.04	0.31	0.02	0.24	0.04	0.01	0.05	0.03	0.09	1.00	0.04	0.05	0.03	0.01	0.03
223F 0.78	0.38	0.09	0.18	0.26	1.00	0.22	0.25	0.25	0.55	0.41	0.13	0.24	0.16	0.25	0.38	0.37	0.53	0.34	0.08	0.40
224L 0.78	0.00	0.00	0.00	0.00	0.00	0.00	0.00	0.00	0.00	1.00	0.00	0.00	0.00	0.00	0.00	0.00	0.00	0.00	0.00	0.00
225V 0.78	0.13	0.03	0.02	0.04	0.10	0.03	0.02	0.95	0.04	0.50	0.10	0.05	0.03	0.03	0.04	0.05	0.11	1.00	0.02	0.06
pos	A	C	D	E	F	G	H	I	K	L	M	N	P	Q	R	S	T	V	W	Y
226M 0.89	0.49	0.06	0.05	0.08	0.52	0.12	0.10	0.41	0.09	1.00	0.62	0.07	0.09	0.09	0.09	0.14	0.16	0.37	0.07	0.25
227K 1.00	0.60	0.07	0.42	0.71	0.16	0.34	0.21	0.19	1.00	0.33	0.12	0.40	0.24	0.53	0.69	0.54	0.45	0.28	0.07	0.22
228G 1.00	0.48	0.04	0.56	1.00	0.05	0.62	0.11	0.11	0.58	0.18	0.06	0.36	0.20	0.49	0.32	0.45	0.40	0.17	0.02	0.06
229Q 1.00	0.75	0.18	0.45	0.57	0.65	0.42	0.60	0.41	0.58	0.68	0.23	0.45	0.27	0.72	0.59	0.59	0.53	0.54	0.17	1.00
230E 1.00	0.04	0.00	0.49	1.00	0.00	0.02	0.01	0.01	0.04	0.01	0.00	0.03	0.03	0.06	0.01	0.03	0.02	0.01	0.00	0.01
231G 1.00	0.72	0.05	0.63	1.00	0.05	0.39	0.12	0.18	0.90	0.29	0.10	0.48	0.26	0.56	0.50	0.71	0.57	0.27	0.02	0.04
232A 1.00	0.56	0.03	0.61	1.00	0.04	0.26	0.09	0.10	0.51	0.16	0.06	0.31	0.20	0.39	0.26	0.44	0.32	0.16	0.01	0.04
233A 1.00	1.00	0.06	0.66	0.59	0.06	0.40	0.13	0.11	0.49	0.17	0.06	0.63	0.21	0.33	0.28	0.67	0.64	0.18	0.02	0.08
234S 1.00	0.60	0.09	0.69	0.38	0.15	1.00	0.42	0.11	0.38	0.20	0.07	0.78	0.31	0.26	0.25	0.81	0.36	0.19	0.05	0.23
235K 1.00	0.77	0.11	0.28	0.50	0.28	0.41	0.26	0.28	1.00	0.49	0.16	0.32	0.28	0.44	0.73	0.51	0.43	0.42	0.08	0.33
236V 1.00	0.26	0.05	0.07	0.08	0.07	0.04	0.03	0.75	0.08	0.34	0.08	0.05	0.06	0.05	0.05	0.10	0.25	1.00	0.01	0.05
237L 0.78	0.00	0.00	0.00	0.00	0.00	0.00	0.00	0.00	0.00	1.00	0.00	0.00	0.00	0.00	0.00	0.00	0.00	0.00	0.00	0.00
238G 0.78	0.81	0.13	0.55	0.88	0.39	0.45	0.37	0.36	1.00	0.61	0.20	0.53	0.32	0.63	0.71	0.74	0.63	0.48	0.11	0.53
239R 0.89	0.23	0.02	0.15	0.42	0.03	0.13	0.09	0.07	1.00	0.14	0.05	0.17	0.27	0.30	0.76	0.21	0.19	0.10	0.02	0.04
240L 0.89	0.00	0.00	0.00	0.00	0.00	0.00	0.00	0.00	0.00	1.00	0.00	0.00	0.00	0.00	0.00	0.00	0.00	0.00	0.00	0.00
241R 0.89	0.05	0.00	0.04	0.23	0.01	0.03	0.03	0.02	0.19	0.03	0.01	0.04	0.03	0.34	1.00	0.04	0.04	0.02	0.00	0.01
242A 1.00	1.00	0.05	0.24	0.55	0.05	0.47	0.06	0.08	0.30	0.13	0.05	0.17	0.17	0.20	0.18	0.38	0.23	0.25	0.01	0.05
243L 0.89	0.47	0.08	0.09	0.16	0.12	0.07	0.08	0.56	0.15	0.48	0.11	0.10	0.11	0.11	0.16	0.15	0.37	1.00	0.03	0.13
244S 0.89	0.76	0.06	0.61	1.00	0.08	0.39	0.14	0.19	0.89	0.32	0.11	0.49	0.28	0.57	0.51	0.76	0.61	0.29	0.02	0.08
245D 1.00	0.41	0.03	0.94	1.00	0.03	0.33	0.08	0.09	0.49	0.15	0.05	0.32	0.31	0.35	0.25	0.39	0.39	0.14	0.01	0.04
246T 1.00	0.41	0.06	0.23	0.44	0.07	0.15	0.08	0.35	0.33	0.22	0.07	0.21	0.14	0.22	0.20	0.66	1.00	0.55	0.02	0.07
247T 1.00	0.75	0.05	0.62	1.00	0.05	0.40	0.12	0.18	0.92	0.30	0.10	0.51	0.27	0.58	0.51	0.72	0.60	0.28	0.02	0.04
248E 1.00	0.11	0.00	0.39	1.00	0.01	0.05	0.03	0.02	0.12	0.03	0.01	0.06	0.19	0.14	0.04	0.07	0.05	0.03	0.00	0.01
249E 0.89	0.38	0.02	0.32	1.00	0.02	0.23	0.05	0.06	0.41	0.11	0.04	0.18	0.12	0.24	0.19	0.26	0.20	0.10	0.01	0.02
250L 0.78	0.00	0.00	0.00	0.00	0.00	0.00	0.00	0.00	0.00	1.00	0.00	0.00	0.00	0.00	0.00	0.00	0.00	0.00	0.00	0.00
pos	A	C	D	E	F	G	H	I	K	L	M	N	P	Q	R	S	T	V	W	Y
251T 0.89	0.94	0.12	0.54	0.83	0.23	0.52	0.26	0.28	1.00	0.44	0.16	0.53	0.35	0.59	0.70	0.96	0.91	0.42	0.07	0.30
252V 0.67	0.69	0.11	0.21	0.39	0.13	0.15	0.10	0.51	0.34	0.48	0.14	0.19	0.18	0.23	0.21	0.30	0.45	1.00	0.03	0.13
253I 0.78	0.03	0.01	0.01	0.01	0.36	0.01	0.01	1.00	0.01	0.24	0.05	0.01	0.01	0.01	0.01	0.01	0.02	0.20	0.02	0.06
254K 0.78	0.02	0.00	0.01	0.03	0.00	0.01	0.02	0.01	1.00	0.02	0.01	0.02	0.01	0.04	0.30	0.02	0.02	0.01	0.00	0.01
255S 0.78	1.00	0.12	0.29	0.37	0.15	0.51	0.12	0.23	0.40	0.40	0.13	0.30	0.32	0.26	0.27	0.91	0.79	0.38	0.04	0.16
256S 0.78	0.60	0.04	0.56	0.31	0.03	0.27	0.06	0.06	0.23	0.09	0.04	0.25	0.14	0.16	0.13	1.00	0.30	0.11	0.01	0.04
257L 0.78	0.09	0.02	0.01	0.02	0.13	0.02	0.02	0.45	0.03	1.00	0.29	0.02	0.03	0.03	0.03	0.03	0.25	0.29	0.02	0.03
258K 0.89	0.62	0.12	0.44	0.52	0.37	0.50	0.40	0.26	1.00	0.47	0.16	0.55	0.28	0.49	0.80	0.55	0.44	0.36	0.11	0.56
259D 0.89	1.00	0.09	0.91	0.61	0.06	0.77	0.14	0.07	0.37	0.14	0.06	0.66	0.30	0.28	0.20	0.70	0.32	0.18	0.02	0.09
260E 1.00	0.09	0.01	0.08	1.00	0.01	0.05	0.04	0.03	0.59	0.06	0.02	0.07	0.05	0.14	0.52	0.08	0.08	0.04	0.01	0.02
261Y 0.78	0.60	0.16	0.27	0.43	0.58	0.41	0.53	0.37	1.00	0.64	0.22	0.43	0.29	0.51	0.92	0.49	0.48	0.48	0.16	0.87
262Q 1.00	0.17	0.02	0.07	0.22	0.06	0.11	0.11	0.10	0.75	0.37	0.07	0.14	0.10	1.00	0.70	0.14	0.16	0.11	0.02	0.08
263Y 1.00	0.03	0.01	0.02	0.02	0.04	0.03	0.20	0.02	0.03	0.04	0.01	0.03	0.01	0.02	0.03	0.03	0.03	0.03	0.01	1.00
264S 1.00	0.28	0.03	0.20	0.24	0.03	0.34	0.05	0.06	0.39	0.09	0.04	0.20	0.11	0.15	0.15	1.00	0.63	0.10	0.01	0.03
265F 1.00	0.00	0.00	0.00	0.00	1.00	0.00	0.00	0.00	0.00	0.00	0.00	0.00	0.00	0.00	0.00	0.00	0.00	0.00	0.00	0.00
266W 1.00	0.07	0.02	0.01	0.02	0.29	0.02	0.02	0.26	0.03	1.00	0.17	0.02	0.03	0.03	0.03	0.03	0.04	0.16	0.17	0.16
267D 1.00	0.00	0.00	1.00	0.00	0.00	0.00	0.00	0.00	0.00	0.00	0.00	0.00	0.00	0.00	0.00	0.00	0.00	0.00	0.00	0.00
268L 1.00	0.00	0.00	0.00	0.00	0.00	0.00	0.00	0.00	0.00	1.00	0.00	0.00	0.00	0.00	0.00	0.00	0.00	0.00	0.00	0.00
269F 1.00	0.00	0.00	0.00	0.00	1.00	0.00	0.00	0.00	0.00	0.00	0.00	0.00	0.00	0.00	0.00	0.00	0.00	0.00	0.00	0.00
270R 1.00	0.17	0.11	0.07	0.17	0.05	0.11	0.10	0.06	0.60	0.13	0.04	0.13	0.09	0.33	1.00	0.14	0.15	0.09	0.02	0.08
271S 1.00	0.33	0.01	0.02	0.02	0.01	0.06	0.00	0.01	0.02	0.01	0.01	0.02	0.03	0.01	0.01	1.00	0.05	0.02	0.00	0.00
272K 1.00	0.03	0.00	0.01	0.04	0.01	0.02	0.03	0.01	1.00	0.03	0.01	0.03	0.02	0.21	0.71	0.03	0.03	0.02	0.00	0.01
273D 1.00	0.00	0.00	1.00	0.00	0.00	0.00	0.00	0.00	0.00	0.00	0.00	0.00	0.00	0.00	0.00	0.00	0.00	0.00	0.00	0.00
274N 1.00	0.03	0.01	0.11	0.03	0.01	0.17	0.02	0.00	0.03	0.01	0.00	1.00	0.02	0.02	0.02	0.06	0.03	0.01	0.00	0.01
275M 1.00	0.00	0.00	0.00	0.00	0.00	0.00	0.00	0.00	0.00	0.00	1.00	0.00	0.00	0.00	0.00	0.00	0.00	0.00	0.00	0.00
pos	A	C	D	E	F	G	H	I	K	L	M	N	P	Q	R	S	T	V	W	Y
276R 1.00	0.23	0.05	0.06	0.20	0.20	0.14	0.18	0.25	0.72	0.69	0.16	0.16	0.13	0.29	1.00	0.17	0.20	0.23	0.10	0.21
277T 1.00	0.61	0.05	0.30	0.45	0.04	0.34	0.07	0.10	0.42	0.16	0.06	0.27	0.17	0.41	0.25	0.63	1.00	0.17	0.02	0.05
278R 1.00	0.00	0.00	0.00	0.00	0.00	0.00	0.00	0.00	0.00	0.00	0.00	0.00	0.00	0.00	1.00	0.00	0.00	0.00	0.00	0.00
279I 1.00	0.25	0.06	0.03	0.05	0.19	0.03	0.03	0.87	0.06	1.00	0.22	0.04	0.07	0.06	0.05	0.08	0.22	0.94	0.03	0.06
280M 1.00	0.06	0.01	0.01	0.01	0.06	0.01	0.01	0.16	0.01	1.00	0.32	0.01	0.02	0.02	0.01	0.01	0.15	0.27	0.01	0.01
281I 1.00	0.02	0.01	0.00	0.01	0.03	0.01	0.00	1.00	0.01	0.44	0.03	0.00	0.00	0.00	0.01	0.01	0.02	0.81	0.00	0.01
282G 1.00	0.00	0.00	0.00	0.00	0.00	1.00	0.00	0.00	0.00	0.00	0.00	0.00	0.00	0.00	0.00	0.00	0.00	0.00	0.00	0.00
283L 1.00	0.20	0.01	0.01	0.01	0.05	0.02	0.01	0.10	0.02	1.00	0.06	0.01	0.02	0.02	0.01	0.03	0.03	0.09	0.01	0.01
284T 1.00	1.00	0.10	0.16	0.16	0.05	0.55	0.04	0.07	0.17	0.12	0.05	0.16	0.26	0.11	0.11	0.64	0.40	0.18	0.02	0.05
285L 1.00	0.00	0.00	0.00	0.00	0.00	0.00	0.00	0.00	0.00	1.00	0.00	0.00	0.00	0.00	0.00	0.00	0.00	0.00	0.00	0.00
286V 1.00	0.13	0.02	0.02	0.02	0.02	0.04	0.01	0.10	0.02	0.07	0.02	0.02	0.03	0.02	0.02	0.19	0.08	1.00	0.00	0.01
287F 1.00	0.04	0.01	0.01	0.01	1.00	0.01	0.01	0.16	0.01	0.98	0.10	0.01	0.01	0.02	0.01	0.01	0.02	0.09	0.03	0.11
288F 1.00	0.01	0.00	0.00	0.00	1.00	0.00	0.00	0.05	0.00	0.30	0.03	0.00	0.01	0.01	0.00	0.01	0.01	0.03	0.02	0.07
289V 1.00	0.62	0.10	0.15	0.30	0.12	0.15	0.08	0.57	0.35	0.58	0.16	0.13	0.18	0.20	0.26	0.24	0.42	1.00	0.03	0.08
290Q 1.00	0.00	0.00	0.00	0.00	0.00	0.00	0.00	0.00	0.00	0.00	0.00	0.00	0.00	1.00	0.00	0.00	0.00	0.00	0.00	0.00
291I 1.00	0.46	0.09	0.07	0.11	0.49	0.10	0.15	0.90	0.12	1.00	0.21	0.10	0.10	0.12	0.12	0.15	0.35	0.70	0.06	0.29
292T 1.00	0.00	0.00	0.00	0.00	0.00	0.00	0.00	0.00	0.00	0.00	0.00	0.00	0.00	0.00	0.00	0.00	1.00	0.00	0.00	0.00
293G 1.00	0.00	0.00	0.00	0.00	0.00	1.00	0.00	0.00	0.00	0.00	0.00	0.00	0.00	0.00	0.00	0.00	0.00	0.00	0.00	0.00
294Q 1.00	0.00	0.00	0.00	0.00	0.00	0.00	0.00	0.00	0.00	0.00	0.00	0.00	0.00	1.00	0.00	0.00	0.00	0.00	0.00	0.00
295P 1.00	0.00	0.00	0.00	0.00	0.00	0.00	0.00	0.00	0.00	0.00	0.00	0.00	1.00	0.00	0.00	0.00	0.00	0.00	0.00	0.00
296N 1.00	0.00	0.00	0.00	0.00	0.00	0.00	0.00	0.00	0.00	0.00	0.00	1.00	0.00	0.00	0.00	0.00	0.00	0.00	0.00	0.00
297I 1.00	0.02	0.00	0.00	0.00	0.01	0.00	0.00	1.00	0.01	0.08	0.01	0.00	0.00	0.00	0.00	0.01	0.02	0.71	0.00	0.01
298L 1.00	0.00	0.00	0.00	0.00	0.00	0.00	0.00	0.00	0.00	1.00	0.00	0.00	0.00	0.00	0.00	0.00	0.00	0.00	0.00	0.00
299F 1.00	0.44	0.19	0.11	0.14	1.00	0.18	0.28	0.22	0.15	0.38	0.12	0.16	0.11	0.15	0.18	0.22	0.21	0.28	0.13	0.96
300Y 1.00	0.00	0.00	0.00	0.00	0.00	0.00	0.00	0.00	0.00	0.00	0.00	0.00	0.00	0.00	0.00	0.00	0.00	0.00	0.00	1.00
pos	A	C	D	E	F	G	H	I	K	L	M	N	P	Q	R	S	T	V	W	Y
301A 1.00	1.00	0.00	0.00	0.00	0.00	0.00	0.00	0.00	0.00	0.00	0.00	0.00	0.00	0.00	0.00	0.00	0.00	0.00	0.00	0.00
302S 1.00	0.00	0.00	0.00	0.00	0.00	0.00	0.00	0.00	0.00	0.00	0.00	0.00	0.00	0.00	0.00	1.00	0.00	0.00	0.00	0.00
303T 1.00	0.00	0.00	0.00	0.00	0.00	0.00	0.00	0.00	0.00	0.00	0.00	0.00	0.00	0.00	0.00	0.00	1.00	0.00	0.00	0.00
304V 1.00	0.02	0.00	0.00	0.00	0.01	0.00	0.00	0.71	0.01	0.08	0.01	0.00	0.00	0.00	0.00	0.01	0.02	1.00	0.00	0.01
305L 1.00	0.04	0.01	0.01	0.01	0.50	0.01	0.01	0.16	0.01	1.00	0.10	0.01	0.01	0.02	0.01	0.01	0.02	0.09	0.03	0.08
306K 1.00	0.12	0.01	0.08	0.17	0.02	0.07	0.05	0.04	1.00	0.08	0.03	0.10	0.06	0.30	0.57	0.43	0.11	0.05	0.01	0.02
307S 1.00	0.00	0.00	0.00	0.00	0.00	0.00	0.00	0.00	0.00	0.00	0.00	0.00	0.00	0.00	0.00	1.00	0.00	0.00	0.00	0.00
308V 1.00	0.00	0.00	0.00	0.00	0.00	0.00	0.00	0.00	0.00	0.00	0.00	0.00	0.00	0.00	0.00	0.00	0.00	1.00	0.00	0.00
309G 1.00	0.00	0.00	0.00	0.00	0.00	1.00	0.00	0.00	0.00	0.00	0.00	0.00	0.00	0.00	0.00	0.00	0.00	0.00	0.00	0.00
310F 1.00	0.00	0.00	0.00	0.00	1.00	0.00	0.00	0.00	0.00	0.00	0.00	0.00	0.00	0.00	0.00	0.00	0.00	0.00	0.00	0.00
311Q 1.00	0.08	0.01	0.12	0.15	0.03	0.08	0.51	0.03	0.24	0.06	0.02	0.11	0.05	1.00	0.19	0.08	0.07	0.04	0.01	0.04
312S 1.00	0.72	0.08	0.24	0.13	0.04	0.75	0.05	0.04	0.13	0.08	0.04	0.26	0.20	0.09	0.09	1.00	0.23	0.12	0.01	0.04
313N 1.00	0.12	0.02	0.34	0.12	0.02	0.42	0.08	0.02	0.12	0.03	0.01	1.00	0.07	0.08	0.07	0.25	0.25	0.03	0.01	0.04
314E 1.00	0.22	0.02	0.32	1.00	0.02	0.14	0.04	0.03	0.17	0.05	0.02	0.14	0.10	0.16	0.08	0.50	0.16	0.06	0.01	0.03
315A 1.00	1.00	0.02	0.02	0.02	0.01	0.08	0.00	0.01	0.02	0.02	0.01	0.02	0.04	0.01	0.01	0.63	0.05	0.03	0.00	0.01
316A 1.00	1.00	0.00	0.00	0.00	0.00	0.00	0.00	0.00	0.00	0.00	0.00	0.00	0.00	0.00	0.00	0.00	0.00	0.00	0.00	0.00
317S 1.00	0.38	0.07	0.11	0.10	0.04	0.11	0.04	0.18	0.13	0.15	0.06	0.18	0.14	0.10	0.08	0.75	1.00	0.35	0.02	0.04
318L 1.00	0.00	0.00	0.00	0.00	0.00	0.00	0.00	0.00	0.00	1.00	0.00	0.00	0.00	0.00	0.00	0.00	0.00	0.00	0.00	0.00
319A 1.00	1.00	0.00	0.00	0.00	0.00	0.00	0.00	0.00	0.00	0.00	0.00	0.00	0.00	0.00	0.00	0.00	0.00	0.00	0.00	0.00
320S 1.00	0.00	0.00	0.00	0.00	0.00	0.00	0.00	0.00	0.00	0.00	0.00	0.00	0.00	0.00	0.00	1.00	0.00	0.00	0.00	0.00
321T 1.00	0.21	0.04	0.02	0.04	0.03	0.02	0.01	0.22	0.04	0.15	0.04	0.04	0.05	0.03	0.03	0.13	1.00	0.90	0.01	0.01
322G 1.00	0.00	0.00	0.00	0.00	0.00	1.00	0.00	0.00	0.00	0.00	0.00	0.00	0.00	0.00	0.00	0.00	0.00	0.00	0.00	0.00
323V 1.00	0.06	0.02	0.01	0.02	0.28	0.02	0.01	0.79	0.02	1.00	0.11	0.01	0.02	0.02	0.02	0.02	0.05	0.98	0.01	0.03
324G 1.00	0.00	0.00	0.00	0.00	0.00	1.00	0.00	0.00	0.00	0.00	0.00	0.00	0.00	0.00	0.00	0.00	0.00	0.00	0.00	0.00
325V 1.00	0.19	0.02	0.01	0.02	0.01	0.01	0.00	0.09	0.02	0.06	0.02	0.01	0.02	0.01	0.01	0.02	0.16	1.00	0.00	0.00
pos	A	C	D	E	F	G	H	I	K	L	M	N	P	Q	R	S	T	V	W	Y
326V 1.00	0.00	0.00	0.00	0.00	0.00	0.00	0.00	0.00	0.00	0.00	0.00	0.00	0.00	0.00	0.00	0.00	0.00	1.00	0.00	0.00
327K 1.00	0.00	0.00	0.00	0.00	0.00	0.00	0.00	0.00	1.00	0.00	0.00	0.00	0.00	0.00	0.00	0.00	0.00	0.00	0.00	0.00
328V 1.00	0.00	0.00	0.00	0.00	0.00	0.00	0.00	0.00	0.00	0.00	0.00	0.00	0.00	0.00	0.00	0.00	0.00	1.00	0.00	0.00
329I 1.00	0.67	0.07	0.10	0.15	0.16	0.34	0.08	0.98	0.15	0.45	0.11	0.10	0.14	0.11	0.12	0.30	0.19	1.00	0.03	0.15
330S 1.00	0.66	0.04	0.05	0.05	0.02	0.42	0.01	0.02	0.05	0.04	0.02	0.05	0.11	0.04	0.04	1.00	0.10	0.07	0.01	0.02
331T 1.00	0.00	0.00	0.00	0.00	0.00	0.00	0.00	0.00	0.00	0.00	0.00	0.00	0.00	0.00	0.00	0.00	1.00	0.00	0.00	0.00
332I 1.00	0.02	0.01	0.00	0.01	0.05	0.01	0.00	1.00	0.01	0.80	0.06	0.01	0.01	0.01	0.01	0.01	0.02	0.16	0.01	0.01
333P 1.00	0.45	0.09	0.04	0.08	0.07	0.02	0.03	0.53	0.09	0.35	0.10	0.05	0.19	0.06	0.05	0.12	0.37	1.00	0.01	0.04
334A 1.00	1.00	0.00	0.00	0.00	0.00	0.00	0.00	0.00	0.00	0.00	0.00	0.00	0.00	0.00	0.00	0.00	0.00	0.00	0.00	0.00
335T 1.00	0.23	0.05	0.03	0.05	0.10	0.02	0.02	1.00	0.06	0.53	0.21	0.04	0.06	0.04	0.04	0.11	0.63	0.72	0.02	0.04
336L 1.00	0.53	0.17	0.18	0.24	0.69	0.33	0.45	0.49	0.26	1.00	0.28	0.27	0.20	0.26	0.30	0.38	0.35	0.52	0.16	0.84
337L 1.00	0.02	0.01	0.00	0.00	0.26	0.00	0.00	0.09	0.01	1.00	0.05	0.00	0.01	0.01	0.01	0.01	0.01	0.05	0.01	0.03
338V 1.00	0.33	0.02	0.01	0.02	0.01	0.02	0.00	0.11	0.02	0.08	0.02	0.01	0.03	0.01	0.01	0.04	0.07	1.00	0.00	0.01
339D 1.00	0.00	0.00	1.00	0.00	0.00	0.00	0.00	0.00	0.00	0.00	0.00	0.00	0.00	0.00	0.00	0.00	0.00	0.00	0.00	0.00
340H 1.00	0.10	0.01	0.03	0.14	0.02	0.07	0.27	0.04	1.00	0.09	0.03	0.09	0.07	0.30	0.65	0.08	0.10	0.05	0.01	0.04
341V 1.00	0.38	0.06	0.02	0.05	0.06	0.01	0.01	0.65	0.05	0.33	0.09	0.03	0.07	0.04	0.03	0.06	0.23	1.00	0.01	0.02
342G 1.00	0.00	0.00	0.00	0.00	0.00	1.00	0.00	0.00	0.00	0.00	0.00	0.00	0.00	0.00	0.00	0.00	0.00	0.00	0.00	0.00
343S 1.00	0.90	0.10	0.38	0.53	0.09	0.53	0.18	0.16	1.00	0.27	0.10	0.45	0.36	0.46	0.83	0.96	0.78	0.27	0.04	0.13
344K 1.00	0.02	0.00	0.01	0.03	0.00	0.02	0.02	0.01	1.00	0.02	0.01	0.02	0.02	0.05	0.68	0.02	0.03	0.01	0.00	0.01
345T 1.00	0.62	0.08	0.03	0.07	0.05	0.01	0.02	0.63	0.07	0.30	0.09	0.04	0.09	0.05	0.04	0.09	0.72	1.00	0.01	0.02
346F 1.00	0.04	0.01	0.01	0.01	0.57	0.01	0.01	0.19	0.01	1.00	0.12	0.01	0.02	0.02	0.01	0.02	0.03	0.11	0.03	0.10
347L 1.00	0.00	0.00	0.00	0.00	0.00	0.00	0.00	0.00	0.00	1.00	0.00	0.00	0.00	0.00	0.00	0.00	0.00	0.00	0.00	0.00
348C 1.00	0.16	0.48	0.02	0.03	0.16	0.05	0.02	0.29	0.04	1.00	0.16	0.03	0.05	0.04	0.03	0.06	0.09	0.27	0.02	0.05
349I 1.00	0.39	0.04	0.02	0.04	0.15	0.02	0.02	1.00	0.04	0.38	0.09	0.03	0.04	0.03	0.03	0.05	0.14	0.92	0.01	0.05
350G 1.00	0.00	0.00	0.00	0.00	0.00	1.00	0.00	0.00	0.00	0.00	0.00	0.00	0.00	0.00	0.00	0.00	0.00	0.00	0.00	0.00
pos	A	C	D	E	F	G	H	I	K	L	M	N	P	Q	R	S	T	V	W	Y
351S 1.00	1.00	0.15	0.13	0.15	0.11	0.42	0.07	0.31	0.17	0.29	0.10	0.17	0.27	0.13	0.12	0.74	0.73	0.64	0.03	0.11
352S 1.00	0.59	0.10	0.09	0.15	0.09	0.11	0.05	0.55	0.15	0.38	0.11	0.09	0.14	0.11	0.10	0.25	0.41	1.00	0.02	0.07
353V 1.00	0.02	0.01	0.00	0.00	0.02	0.00	0.00	0.12	0.01	0.29	0.02	0.00	0.01	0.00	0.00	0.01	0.02	1.00	0.00	0.01
354M 1.00	0.00	0.00	0.00	0.00	0.00	0.00	0.00	0.00	0.00	0.00	1.00	0.00	0.00	0.00	0.00	0.00	0.00	0.00	0.00	0.00
355A 1.00	1.00	0.05	0.12	0.15	0.04	0.17	0.04	0.10	0.16	0.11	0.22	0.14	0.13	0.11	0.10	0.64	0.80	0.18	0.02	0.05
356A 1.00	0.40	0.06	0.02	0.05	0.11	0.02	0.02	0.80	0.05	0.71	0.14	0.03	0.06	0.04	0.04	0.05	0.20	1.00	0.01	0.04
357S 1.00	0.36	0.01	0.02	0.02	0.01	0.07	0.00	0.01	0.02	0.01	0.01	0.02	0.03	0.01	0.01	1.00	0.05	0.02	0.00	0.00
358L 1.00	0.13	0.03	0.01	0.03	0.07	0.02	0.01	0.94	0.03	0.97	0.08	0.02	0.03	0.02	0.02	0.03	0.30	1.00	0.01	0.03
359V 1.00	0.68	0.11	0.17	0.28	0.12	0.15	0.09	0.44	0.27	0.42	0.12	0.18	0.18	0.19	0.17	0.50	0.63	1.00	0.03	0.12
360T 1.00	0.68	0.09	0.27	0.17	0.05	0.41	0.07	0.09	0.20	0.12	0.06	0.34	0.23	0.14	0.13	0.95	1.00	0.18	0.02	0.06
361M 1.00	0.04	0.01	0.01	0.01	0.07	0.01	0.00	1.00	0.02	0.60	0.53	0.01	0.01	0.01	0.01	0.01	0.04	0.60	0.01	0.02
362G 1.00	0.00	0.00	0.00	0.00	0.00	1.00	0.00	0.00	0.00	0.00	0.00	0.00	0.00	0.00	0.00	0.00	0.00	0.00	0.00	0.00
363I 1.00	0.28	0.02	0.01	0.02	0.09	0.01	0.01	1.00	0.03	0.89	0.11	0.02	0.03	0.02	0.02	0.03	0.07	0.37	0.01	0.02
364V 1.00	0.01	0.00	0.00	0.00	0.01	0.00	0.00	0.27	0.00	0.05	0.01	0.00	0.00	0.00	0.00	0.00	0.01	1.00	0.00	0.00
365N 1.00	0.09	0.02	0.08	0.04	0.01	0.05	0.02	0.03	0.05	0.03	0.01	0.58	0.05	0.04	0.03	1.00	0.56	0.04	0.01	0.01
366L 1.00	0.04	0.01	0.01	0.01	0.45	0.01	0.01	0.20	0.01	1.00	0.26	0.01	0.02	0.02	0.01	0.01	0.02	0.11	0.02	0.03
367N 1.00	0.85	0.08	0.63	1.00	0.12	0.41	0.17	0.23	0.95	0.37	0.15	0.61	0.30	0.67	0.56	0.82	0.72	0.35	0.04	0.14
368I 1.00	0.06	0.02	0.01	0.02	0.05	0.02	0.00	0.94	0.02	0.38	0.05	0.01	0.01	0.01	0.02	0.16	0.06	1.00	0.01	0.03
369H 0.89	0.73	0.05	0.64	1.00	0.06	0.38	0.18	0.18	0.92	0.30	0.10	0.52	0.29	0.57	0.55	0.71	0.55	0.28	0.02	0.05
370M 0.89	0.18	0.04	0.02	0.04	0.10	0.02	0.02	0.36	0.04	0.66	1.00	0.03	0.05	0.04	0.03	0.05	0.39	0.68	0.01	0.04
371N 0.89	0.04	0.01	0.70	0.07	0.01	0.14	0.29	0.01	0.06	0.01	0.00	1.00	0.03	0.04	0.03	0.11	0.05	0.01	0.00	0.02
372F 0.78	0.42	0.15	0.17	0.22	0.90	0.27	0.43	0.35	0.23	0.57	0.19	0.25	0.17	0.24	0.28	0.44	0.33	0.51	0.18	1.00
373T 0.78	0.37	0.07	0.40	0.30	0.10	0.29	0.17	0.12	0.32	0.17	0.07	0.50	0.18	0.22	0.20	0.86	1.00	0.18	0.04	0.15
374H 0.78	0.64	0.09	0.86	0.77	0.20	0.64	0.34	0.21	0.98	0.35	0.12	1.00	0.30	0.56	0.73	0.87	0.59	0.29	0.06	0.29
375I 0.78	0.15	0.04	0.10	0.09	0.17	0.06	0.04	1.00	0.08	0.83	0.17	0.06	0.05	0.06	0.06	0.08	0.13	0.85	0.03	0.09
pos	A	C	D	E	F	G	H	I	K	L	M	N	P	Q	R	S	T	V	W	Y
376C 0.78	0.00	1.00	0.00	0.00	0.00	0.00	0.00	0.00	0.00	0.00	0.00	0.00	0.00	0.00	0.00	0.00	0.00	0.00	0.00	0.00
377R 0.78	0.22	0.02	0.11	0.27	0.04	0.23	0.13	0.07	1.00	0.16	0.05	0.20	0.13	0.35	0.96	0.19	0.19	0.10	0.02	0.07
378S 0.78	0.78	0.09	0.57	0.61	0.13	0.59	0.17	0.17	0.59	0.27	0.10	0.62	0.28	0.39	0.36	1.00	0.64	0.32	0.04	0.17
379H 0.78	0.72	0.20	0.22	0.33	0.61	0.30	0.46	0.62	0.37	0.82	0.26	0.30	0.25	0.31	0.36	0.42	0.55	1.00	0.15	0.81
380N 0.78	0.41	0.05	0.33	0.40	0.05	0.22	0.09	0.11	0.42	0.16	0.06	0.56	0.18	0.27	0.33	0.92	1.00	0.17	0.02	0.06
381S 0.78	0.92	0.11	0.64	1.00	0.23	0.48	0.25	0.28	0.94	0.46	0.16	0.56	0.34	0.63	0.58	0.92	0.78	0.42	0.06	0.29
382I 0.78	0.75	0.07	0.58	0.95	0.13	0.39	0.19	0.23	1.00	0.37	0.13	0.49	0.28	0.61	0.63	0.71	0.57	0.33	0.04	0.16
383N 0.78	0.00	0.00	0.00	0.00	0.00	0.00	0.00	0.00	0.00	0.00	0.00	1.00	0.00	0.00	0.00	0.00	0.00	0.00	0.00	0.00
384Q 0.78	0.55	0.18	0.24	0.32	0.71	0.35	0.55	0.41	0.35	0.68	0.23	0.33	0.22	0.34	0.39	0.44	0.43	0.52	0.19	1.00
385S 0.89	0.04	0.01	0.02	0.01	0.00	0.01	0.00	0.01	0.01	0.01	0.00	0.02	0.02	0.01	0.01	1.00	0.30	0.02	0.00	0.00
386L 0.78	0.11	0.02	0.03	0.03	0.07	0.05	0.02	0.13	0.04	1.00	0.07	0.03	0.04	0.03	0.03	0.18	0.08	0.11	0.01	0.03
387D 0.78	0.19	0.01	1.00	0.73	0.02	0.26	0.05	0.04	0.21	0.06	0.02	0.16	0.09	0.36	0.10	0.16	0.12	0.06	0.01	0.02
388E 0.78	0.07	0.00	0.31	1.00	0.01	0.04	0.02	0.01	0.08	0.02	0.01	0.06	0.04	0.08	0.03	0.18	0.04	0.02	0.00	0.01
389S 0.67	0.33	0.07	0.14	0.13	0.19	0.14	0.09	0.12	0.16	0.16	0.06	0.21	0.14	0.12	0.12	1.00	1.00	0.18	0.04	0.14
390V 0.56	0.50	0.13	0.24	0.33	0.49	0.26	0.31	0.85	0.28	0.76	0.21	0.25	0.18	0.25	0.26	0.35	0.39	1.00	0.12	0.59
391I 0.56	0.06	0.02	0.01	0.02	0.38	0.02	0.01	1.00	0.02	0.35	0.07	0.02	0.01	0.01	0.02	0.02	0.06	0.81	0.01	0.05
392Y 0.78	0.08	0.02	0.05	0.04	0.14	0.06	0.04	0.04	0.04	0.07	0.02	0.06	0.03	0.03	0.04	0.19	0.07	0.05	0.03	1.00
393G 0.89	0.45	0.03	0.08	0.09	0.02	1.00	0.02	0.02	0.08	0.04	0.02	0.07	0.08	0.25	0.05	0.17	0.08	0.05	0.01	0.02
394P 0.89	0.13	0.02	0.30	0.17	0.01	0.10	0.03	0.03	0.09	0.04	0.01	0.13	1.00	0.07	0.05	0.20	0.36	0.05	0.01	0.02
395G 0.89	1.00	0.10	0.51	0.74	0.14	0.69	0.17	0.19	0.71	0.32	0.12	0.45	0.32	0.53	0.44	0.94	0.59	0.37	0.04	0.17
396N 1.00	1.00	0.21	0.50	0.27	0.11	0.69	0.15	0.15	0.29	0.21	0.08	0.89	0.29	0.20	0.19	0.77	0.50	0.32	0.04	0.14
397L 1.00	0.17	0.01	0.01	0.01	0.04	0.01	0.01	0.13	0.02	1.00	0.05	0.01	0.02	0.01	0.01	0.02	0.05	0.26	0.01	0.01
398S 1.00	0.75	0.03	0.10	0.14	0.02	0.17	0.03	0.04	0.36	0.06	0.02	0.09	0.09	0.09	0.09	1.00	0.17	0.08	0.01	0.02
399T 0.78	0.71	0.10	0.21	0.35	0.09	0.13	0.08	0.57	0.46	0.37	0.12	0.19	0.17	0.22	0.20	0.31	0.84	1.00	0.02	0.08
400N 0.78	0.42	0.07	0.80	0.49	0.13	0.58	0.29	0.12	0.48	0.20	0.07	1.00	0.25	0.32	0.29	0.82	0.49	0.17	0.04	0.20
pos	A	C	D	E	F	G	H	I	K	L	M	N	P	Q	R	S	T	V	W	Y
401N 0.78	0.06	0.01	0.11	0.05	0.01	0.08	0.03	0.02	0.05	0.02	0.01	1.00	0.03	0.04	0.03	0.16	0.36	0.03	0.00	0.02
402N 0.78	0.75	0.05	0.70	1.00	0.05	0.38	0.12	0.16	0.80	0.26	0.09	0.64	0.25	0.52	0.45	0.72	0.51	0.24	0.02	0.05
403T 0.78	0.17	0.03	0.35	0.11	0.02	0.09	0.03	0.05	0.11	0.05	0.02	0.17	0.08	0.08	0.07	0.93	1.00	0.07	0.01	0.02
404L 0.78	0.93	0.14	0.61	0.93	0.38	0.56	0.36	0.37	1.00	0.85	0.22	0.58	0.35	0.68	0.70	0.88	0.82	0.49	0.10	0.49
405R 0.78	0.24	0.04	0.10	0.26	0.23	0.15	0.19	0.13	0.80	0.26	0.08	0.18	0.13	0.45	1.00	0.20	0.21	0.16	0.05	0.21
406D 0.78	0.31	0.02	0.44	1.00	0.03	0.15	0.06	0.07	0.35	0.12	0.04	0.19	0.13	0.27	0.18	0.27	0.29	0.18	0.01	0.03
407H 1.00	0.62	0.05	0.71	1.00	0.07	0.43	0.33	0.16	0.75	0.26	0.09	0.52	0.24	0.60	0.42	0.68	0.47	0.24	0.02	0.08
408F 1.00	0.21	0.07	0.07	0.10	0.72	0.11	0.18	0.34	0.11	1.00	0.20	0.11	0.08	0.11	0.12	0.15	0.22	0.29	0.19	0.54
409K 0.89	0.70	0.07	0.44	0.73	0.12	0.39	0.19	0.19	1.00	0.33	0.11	0.41	0.27	0.52	0.70	0.60	0.47	0.28	0.04	0.16
410G 0.89	0.40	0.05	0.24	0.24	0.06	1.00	0.10	0.07	0.43	0.13	0.05	0.28	0.15	0.21	0.46	0.37	0.42	0.12	0.02	0.08
411I 1.00	0.63	0.19	0.36	0.40	0.73	0.38	0.55	0.97	0.41	0.82	0.34	0.38	0.25	0.37	0.41	0.61	0.55	0.68	0.27	1.00
412S 0.89	0.56	0.10	0.19	0.25	0.15	0.16	0.11	0.40	0.27	0.40	0.13	0.25	0.20	0.20	0.18	0.73	1.00	0.68	0.04	0.15
413S 1.00	0.95	0.20	0.58	0.87	0.72	0.56	0.60	0.50	0.84	0.81	0.28	0.60	0.37	0.64	0.65	0.83	0.73	0.66	0.19	1.00
414H 1.00	0.52	0.17	0.21	0.28	0.69	0.33	0.61	0.39	0.30	0.67	0.22	0.31	0.20	0.29	0.35	0.42	0.39	0.50	0.18	1.00
415S 1.00	0.84	0.07	0.60	1.00	0.10	0.38	0.15	0.24	0.88	0.40	0.12	0.49	0.28	0.57	0.51	0.95	0.82	0.44	0.03	0.10
416R 1.00	0.27	0.02	0.18	0.36	0.03	0.25	0.09	0.08	0.96	0.15	0.05	0.20	0.13	0.41	1.00	0.26	0.33	0.12	0.02	0.05
417S 1.00	0.53	0.03	0.38	0.33	0.03	0.36	0.05	0.07	0.31	0.11	0.04	0.23	0.13	0.20	0.18	1.00	0.73	0.12	0.01	0.03
418S 1.00	0.36	0.02	0.05	0.05	0.01	0.09	0.01	0.03	0.06	0.04	0.02	0.07	0.18	0.04	0.04	1.00	0.41	0.06	0.01	0.01
419L 1.00	0.39	0.14	0.16	0.21	0.67	0.25	0.42	0.43	0.23	1.00	0.18	0.24	0.16	0.23	0.27	0.40	0.41	0.40	0.14	0.90
420M 1.00	0.64	0.19	0.32	0.46	0.71	0.40	0.57	0.43	0.48	0.72	0.26	0.40	0.26	0.41	0.47	0.53	0.50	0.55	0.19	1.00
421P 0.89	0.20	0.03	0.15	0.12	0.02	0.11	0.04	0.05	0.13	0.06	0.03	0.36	1.00	0.09	0.08	0.68	0.75	0.08	0.01	0.03
422L 0.78	0.36	0.08	0.05	0.09	0.21	0.04	0.06	0.69	0.10	1.00	0.24	0.06	0.09	0.08	0.07	0.11	0.30	0.90	0.03	0.09
423R 0.78	0.76	0.06	0.63	1.00	0.06	0.39	0.13	0.19	0.94	0.32	0.11	0.50	0.28	0.59	0.54	0.74	0.58	0.29	0.02	0.06
424N 0.78	0.09	0.01	0.41	0.14	0.02	0.16	0.22	0.02	0.11	0.03	0.01	1.00	0.05	0.29	0.06	0.15	0.08	0.03	0.01	0.04
425D 1.00	0.69	0.05	0.73	1.00	0.05	0.44	0.12	0.17	0.85	0.27	0.10	0.62	0.30	0.54	0.48	0.74	0.58	0.26	0.02	0.04
pos	A	C	D	E	F	G	H	I	K	L	M	N	P	Q	R	S	T	V	W	Y
426V 1.00	0.61	0.15	0.34	0.51	0.56	0.39	0.43	0.93	0.50	0.81	0.26	0.40	0.23	0.39	0.42	0.52	0.52	1.00	0.14	0.75
427D 1.00	0.76	0.06	0.63	1.00	0.06	0.39	0.13	0.19	0.92	0.31	0.11	0.50	0.28	0.58	0.52	0.73	0.57	0.29	0.02	0.05
428K 1.00	0.72	0.05	0.62	1.00	0.05	0.39	0.14	0.18	0.94	0.29	0.10	0.47	0.29	0.59	0.52	0.70	0.55	0.27	0.02	0.04
429R 1.00	0.36	0.03	0.22	0.47	0.06	0.20	0.14	0.11	1.00	0.23	0.07	0.26	0.17	0.44	0.77	0.33	0.31	0.16	0.03	0.09
430G 1.00	1.00	0.11	0.56	0.76	0.18	0.68	0.20	0.21	0.72	0.41	0.13	0.54	0.32	0.48	0.45	0.85	0.58	0.34	0.05	0.23
431E 1.00	0.43	0.02	0.36	1.00	0.03	0.15	0.15	0.07	0.51	0.12	0.04	0.19	0.13	0.28	0.24	0.25	0.21	0.11	0.01	0.04
432T 1.00	0.79	0.07	0.63	1.00	0.12	0.40	0.17	0.24	0.94	0.37	0.14	0.51	0.29	0.60	0.55	0.75	0.62	0.36	0.04	0.14
433T 1.00	0.76	0.06	0.64	1.00	0.06	0.38	0.13	0.19	0.92	0.31	0.11	0.50	0.29	0.60	0.54	0.76	0.64	0.30	0.02	0.05
434S 1.00	0.91	0.10	0.63	1.00	0.20	0.43	0.23	0.33	0.95	0.48	0.16	0.55	0.32	0.62	0.60	1.00	0.80	0.45	0.06	0.25
435A 1.00	0.82	0.07	0.62	1.00	0.12	0.40	0.19	0.20	0.80	0.32	0.11	0.47	0.34	0.54	0.47	0.71	0.54	0.30	0.04	0.15
436S 1.00	0.59	0.04	0.56	1.00	0.05	0.31	0.11	0.14	0.85	0.22	0.08	0.39	0.37	0.47	0.43	0.96	0.46	0.21	0.02	0.05
437L 1.00	0.10	0.03	0.08	0.03	0.11	0.03	0.02	1.00	0.04	0.84	0.12	0.03	0.03	0.03	0.03	0.04	0.09	0.90	0.02	0.05
438L 1.00	1.00	0.14	0.42	0.66	0.26	0.41	0.22	0.46	0.63	0.61	0.19	0.39	0.33	0.43	0.41	0.72	0.68	0.77	0.07	0.31
439N 1.00	0.38	0.06	0.27	0.28	0.07	0.19	0.09	0.12	0.30	0.23	0.06	0.56	0.17	0.20	0.19	0.89	1.00	0.18	0.03	0.09
440A 1.00	1.00	0.11	0.38	0.57	0.35	0.35	0.25	0.25	0.55	0.39	0.14	0.37	0.24	0.48	0.37	0.74	0.69	0.36	0.08	0.37
441G 1.00	0.55	0.02	0.03	0.03	0.01	1.00	0.01	0.01	0.03	0.02	0.01	0.03	0.06	0.02	0.02	0.51	0.05	0.04	0.00	0.01
442L 1.00	0.40	0.11	0.17	0.25	0.48	0.23	0.30	0.38	0.34	1.00	0.22	0.22	0.16	0.24	0.29	0.38	0.31	0.40	0.11	0.52
443S 1.00	0.68	0.07	0.61	0.82	0.12	0.47	0.27	0.19	0.95	0.32	0.11	0.56	0.27	0.52	0.51	1.00	0.70	0.29	0.04	0.16
444H 0.89	0.84	0.12	0.60	0.96	0.33	0.46	0.37	0.32	1.00	0.53	0.18	0.58	0.32	0.66	0.69	0.78	0.67	0.47	0.09	0.45
445T 0.89	0.33	0.05	0.24	0.38	0.09	0.22	0.22	0.12	1.00	0.21	0.08	0.31	0.17	0.38	0.70	0.43	0.75	0.18	0.04	0.14
446E 0.89	0.46	0.02	0.45	1.00	0.03	0.18	0.07	0.08	0.49	0.14	0.05	0.22	0.20	0.33	0.24	0.32	0.25	0.13	0.01	0.03
447Y 0.89	0.59	0.18	0.43	0.41	0.70	0.47	0.58	0.40	0.40	0.66	0.23	0.54	0.25	0.37	0.40	0.55	0.47	0.52	0.18	1.00
448Q 0.89	0.63	0.06	0.47	0.80	0.14	0.33	0.19	0.22	1.00	0.40	0.14	0.42	0.27	0.58	0.67	0.59	0.49	0.31	0.04	0.17
449I 0.89	0.29	0.10	0.12	0.16	0.41	0.20	0.26	1.00	0.18	0.61	0.16	0.17	0.11	0.16	0.21	0.22	0.24	1.00	0.09	0.50
450V 0.89	1.00	0.11	0.55	0.86	0.14	0.48	0.18	0.29	0.91	0.40	0.14	0.48	0.35	0.55	0.57	0.91	0.82	0.53	0.04	0.16
pos	A	C	D	E	F	G	H	I	K	L	M	N	P	Q	R	S	T	V	W	Y
451T 0.89	0.48	0.05	0.46	0.57	0.05	0.39	0.10	0.12	0.54	0.19	0.07	0.53	0.19	0.45	0.31	0.75	1.00	0.19	0.02	0.06
452D 0.89	0.15	0.02	1.00	0.23	0.02	0.19	0.06	0.03	0.19	0.05	0.02	0.46	0.07	0.33	0.10	0.54	0.14	0.05	0.01	0.03
453P 0.89	0.15	0.02	0.06	0.05	0.01	0.07	0.02	0.03	0.06	0.04	0.02	0.09	0.86	0.04	0.04	1.00	0.64	0.06	0.01	0.02
454G 0.89	0.80	0.06	0.64	1.00	0.08	0.41	0.14	0.21	0.92	0.32	0.11	0.51	0.29	0.59	0.53	0.78	0.63	0.31	0.02	0.08
455D 1.00	0.74	0.06	0.62	1.00	0.07	0.37	0.13	0.19	0.88	0.31	0.11	0.47	0.27	0.57	0.50	0.71	0.55	0.30	0.02	0.06
456V 1.00	0.69	0.12	0.34	0.58	0.26	0.26	0.22	0.56	0.52	0.56	0.17	0.35	0.26	0.36	0.35	0.47	0.52	1.00	0.07	0.32
457P 1.00	0.45	0.14	0.32	0.29	0.49	0.36	0.53	0.29	0.33	0.47	0.16	0.41	1.00	0.27	0.32	0.62	0.39	0.37	0.13	0.84
458A 1.00	1.00	0.05	0.36	0.71	0.04	0.26	0.07	0.12	0.42	0.17	0.06	0.24	0.32	0.29	0.24	0.47	0.57	0.23	0.02	0.04
459F 1.00	0.53	0.17	0.20	0.26	0.75	0.31	0.51	0.46	0.28	0.71	0.21	0.29	0.19	0.28	0.33	0.44	0.37	0.49	0.18	1.00
460L 1.00	0.02	0.01	0.00	0.01	0.06	0.01	0.01	0.08	0.01	1.00	0.18	0.01	0.01	0.01	0.01	0.01	0.01	0.05	0.01	0.15
461K 1.00	0.19	0.09	0.15	0.25	0.04	0.14	0.09	0.06	1.00	0.12	0.04	0.34	0.10	0.23	0.49	0.19	0.17	0.09	0.02	0.06
462W 1.00	0.00	0.00	0.00	0.00	0.00	0.00	0.00	0.00	0.00	0.00	0.00	0.00	0.00	0.00	0.00	0.00	0.00	0.00	1.00	0.00
463L 1.00	0.23	0.05	0.05	0.08	0.14	0.05	0.05	0.88	0.09	1.00	0.13	0.07	0.07	0.07	0.07	0.26	0.36	0.61	0.03	0.09
464S 1.00	0.50	0.18	0.08	0.07	0.02	0.13	0.02	0.06	0.08	0.06	0.03	0.11	0.10	0.06	0.05	1.00	0.77	0.11	0.01	0.03
465L 1.00	0.00	0.00	0.00	0.00	0.00	0.00	0.00	0.00	0.00	1.00	0.00	0.00	0.00	0.00	0.00	0.00	0.00	0.00	0.00	0.00
466A 1.00	0.75	0.12	0.11	0.19	0.14	0.19	0.08	0.52	0.19	0.52	0.14	0.12	0.18	0.14	0.13	0.31	0.42	1.00	0.03	0.12
467S 1.00	0.37	0.20	0.07	0.05	0.02	0.20	0.02	0.04	0.06	0.05	0.02	0.09	0.10	0.04	0.04	1.00	0.28	0.09	0.01	0.02
468L 1.00	0.01	0.00	0.00	0.00	0.04	0.00	0.00	0.07	0.00	1.00	0.38	0.00	0.01	0.01	0.00	0.00	0.01	0.04	0.00	0.01
469L 1.00	0.02	0.00	0.00	0.00	0.04	0.00	0.00	0.08	0.01	1.00	0.54	0.00	0.01	0.01	0.01	0.00	0.01	0.05	0.01	0.01
470V 1.00	0.54	0.04	0.02	0.03	0.02	0.05	0.01	0.18	0.03	0.13	0.04	0.02	0.05	0.02	0.02	0.07	0.12	1.00	0.00	0.01
471Y 1.00	0.01	0.01	0.00	0.00	0.81	0.00	0.00	0.02	0.00	0.05	0.01	0.00	0.00	0.00	0.00	0.01	0.01	0.02	0.05	1.00
472V 1.00	0.00	0.00	0.00	0.00	0.00	0.00	0.00	0.00	0.00	0.00	0.00	0.00	0.00	0.00	0.00	0.00	0.00	1.00	0.00	0.00
473A 1.00	1.00	0.02	0.02	0.02	0.01	0.08	0.00	0.01	0.02	0.02	0.01	0.02	0.04	0.01	0.01	0.63	0.05	0.03	0.00	0.01
474A 1.00	1.00	0.01	0.01	0.01	0.00	0.22	0.00	0.01	0.01	0.01	0.01	0.01	0.03	0.01	0.01	0.06	0.02	0.02	0.00	0.00
475F 1.00	0.00	0.00	0.00	0.00	1.00	0.00	0.00	0.00	0.00	0.00	0.00	0.00	0.00	0.00	0.00	0.00	0.00	0.00	0.00	0.00
pos	A	C	D	E	F	G	H	I	K	L	M	N	P	Q	R	S	T	V	W	Y
476S 1.00	0.00	0.00	0.00	0.00	0.00	0.00	0.00	0.00	0.00	0.00	0.00	0.00	0.00	0.00	0.00	1.00	0.00	0.00	0.00	0.00
477I 1.00	0.01	0.00	0.00	0.00	0.11	0.00	0.00	1.00	0.00	0.08	0.01	0.00	0.00	0.00	0.00	0.00	0.01	0.26	0.00	0.01
478G 1.00	0.09	0.01	0.03	0.02	0.00	1.00	0.01	0.00	0.02	0.01	0.00	0.03	0.03	0.01	0.01	0.22	0.02	0.02	0.00	0.01
479L 1.00	0.04	0.01	0.01	0.01	0.50	0.01	0.01	0.16	0.01	1.00	0.10	0.01	0.01	0.02	0.01	0.01	0.02	0.09	0.03	0.08
480G 1.00	0.00	0.00	0.00	0.00	0.00	1.00	0.00	0.00	0.00	0.00	0.00	0.00	0.00	0.00	0.00	0.00	0.00	0.00	0.00	0.00
481P 1.00	0.00	0.00	0.00	0.00	0.00	0.00	0.00	0.00	0.00	0.00	0.00	0.00	1.00	0.00	0.00	0.00	0.00	0.00	0.00	0.00
482M 1.00	0.04	0.01	0.00	0.01	0.03	0.01	0.00	0.11	0.01	0.16	1.00	0.01	0.01	0.01	0.01	0.01	0.03	0.34	0.00	0.01
483P 1.00	0.73	0.12	0.10	0.17	0.07	0.15	0.05	0.46	0.17	0.35	0.11	0.12	0.22	0.12	0.10	0.40	0.68	1.00	0.02	0.05
484W 1.00	0.06	0.02	0.06	0.05	0.05	0.07	0.22	0.04	0.08	0.07	0.02	0.07	0.04	0.04	0.07	0.06	0.05	0.04	1.00	0.06
485L 1.00	0.02	0.01	0.00	0.00	0.03	0.00	0.00	0.27	0.01	1.00	0.04	0.00	0.01	0.01	0.01	0.01	0.02	0.31	0.00	0.01
486V 1.00	0.00	0.00	0.00	0.00	0.00	0.00	0.00	0.00	0.00	0.00	0.00	0.00	0.00	0.00	0.00	0.00	0.00	1.00	0.00	0.00
487L 1.00	0.03	0.01	0.01	0.02	0.05	0.01	0.01	0.10	0.03	1.00	0.07	0.01	0.01	0.12	0.02	0.01	0.02	0.07	0.01	0.01
488S 1.00	0.00	0.00	0.00	0.00	0.00	0.00	0.00	0.00	0.00	0.00	0.00	0.00	0.00	0.00	0.00	1.00	0.00	0.00	0.00	0.00
489E 1.00	0.22	0.01	0.14	1.00	0.01	0.04	0.01	0.01	0.07	0.02	0.01	0.03	0.04	0.07	0.02	0.05	0.04	0.03	0.00	0.01
490I 1.00	0.00	0.00	0.00	0.00	0.00	0.00	0.00	1.00	0.00	0.00	0.00	0.00	0.00	0.00	0.00	0.00	0.00	0.00	0.00	0.00
491F 1.00	0.01	0.01	0.00	0.00	1.00	0.00	0.00	0.02	0.00	0.05	0.01	0.00	0.00	0.00	0.00	0.01	0.01	0.02	0.04	0.69
492P 1.00	0.00	0.00	0.00	0.00	0.00	0.00	0.00	0.00	0.00	0.00	0.00	0.00	1.00	0.00	0.00	0.00	0.00	0.00	0.00	0.00
493G 1.00	1.00	0.04	0.07	0.09	0.03	0.68	0.02	0.03	0.09	0.06	0.03	0.06	0.11	0.06	0.06	0.24	0.34	0.21	0.01	0.03
494G 1.00	0.25	0.02	0.91	1.00	0.03	0.99	0.11	0.03	0.26	0.06	0.02	0.47	0.14	0.25	0.11	0.29	0.16	0.06	0.01	0.06
495I 1.00	0.00	0.00	0.00	0.00	0.00	0.00	0.00	1.00	0.00	0.00	0.00	0.00	0.00	0.00	0.00	0.00	0.00	0.00	0.00	0.00
496R 1.00	0.01	0.00	0.00	0.02	0.00	0.01	0.01	0.01	0.22	0.01	0.00	0.01	0.01	0.03	1.00	0.01	0.01	0.01	0.00	0.01
497G 1.00	0.00	0.00	0.00	0.00	0.00	1.00	0.00	0.00	0.00	0.00	0.00	0.00	0.00	0.00	0.00	0.00	0.00	0.00	0.00	0.00
498R 1.00	0.02	0.00	0.00	0.02	0.00	0.01	0.01	0.01	0.26	0.01	0.00	0.01	0.01	0.03	1.00	0.01	0.02	0.01	0.00	0.01
499A 1.00	1.00	0.00	0.00	0.00	0.00	0.00	0.00	0.00	0.00	0.00	0.00	0.00	0.00	0.00	0.00	0.00	0.00	0.00	0.00	0.00
500M 1.00	0.13	0.03	0.02	0.04	0.88	0.03	0.04	0.47	0.04	1.00	0.60	0.03	0.05	0.05	0.04	0.05	0.09	0.55	0.05	0.16
pos	A	C	D	E	F	G	H	I	K	L	M	N	P	Q	R	S	T	V	W	Y
501A 1.00	1.00	0.01	0.01	0.01	0.00	0.05	0.00	0.01	0.01	0.01	0.00	0.01	0.02	0.01	0.01	0.21	0.03	0.02	0.00	0.00
502L 1.00	0.07	0.02	0.01	0.02	0.43	0.02	0.02	0.72	0.03	1.00	0.16	0.02	0.02	0.03	0.03	0.03	0.06	0.64	0.02	0.04
503T 1.00	0.53	0.14	0.07	0.10	0.09	0.06	0.05	0.53	0.12	0.40	0.12	0.11	0.14	0.09	0.08	0.37	0.73	1.00	0.02	0.06
504S 1.00	0.06	0.01	0.11	0.04	0.01	0.09	0.03	0.01	0.04	0.01	0.01	0.50	0.03	0.03	0.03	1.00	0.11	0.02	0.00	0.01
505S 1.00	0.27	0.01	0.01	0.01	0.00	0.06	0.00	0.01	0.01	0.01	0.01	0.01	0.03	0.01	0.01	1.00	0.04	0.02	0.00	0.00
506M 1.00	0.07	0.02	0.01	0.02	1.00	0.02	0.02	0.23	0.02	0.66	0.68	0.02	0.03	0.03	0.02	0.03	0.04	0.15	0.07	0.25
507N 1.00	0.00	0.00	0.00	0.00	0.00	0.00	0.00	0.00	0.00	0.00	0.00	1.00	0.00	0.00	0.00	0.00	0.00	0.00	0.00	0.00
508W 1.00	0.00	0.00	0.00	0.00	0.00	0.00	0.00	0.00	0.00	0.00	0.00	0.00	0.00	0.00	0.00	0.00	0.00	0.00	1.00	0.00
509G 1.00	1.00	0.03	0.03	0.03	0.01	0.76	0.01	0.01	0.03	0.03	0.01	0.03	0.07	0.02	0.02	0.14	0.05	0.04	0.00	0.01
510I 1.00	0.47	0.09	0.03	0.08	0.06	0.01	0.03	0.53	0.08	0.34	0.11	0.04	0.09	0.06	0.05	0.08	0.33	1.00	0.01	0.03
511N 1.00	0.00	0.00	0.00	0.00	0.00	0.00	0.00	0.00	0.00	0.00	0.00	1.00	0.00	0.00	0.00	0.00	0.00	0.00	0.00	0.00
512L 1.00	0.00	0.00	0.00	0.00	0.00	0.00	0.00	0.00	0.00	1.00	0.00	0.00	0.00	0.00	0.00	0.00	0.00	0.00	0.00	0.00
513L 1.00	0.02	0.00	0.00	0.00	0.24	0.00	0.00	0.08	0.01	1.00	0.05	0.00	0.01	0.01	0.01	0.01	0.01	0.05	0.01	0.03
514I 1.00	0.00	0.00	0.00	0.00	0.00	0.00	0.00	1.00	0.00	0.00	0.00	0.00	0.00	0.00	0.00	0.00	0.00	0.00	0.00	0.00
515S 1.00	0.04	0.01	0.01	0.01	0.00	0.01	0.00	0.01	0.01	0.01	0.00	0.02	0.02	0.01	0.01	1.00	0.36	0.02	0.00	0.00
516L 1.00	0.01	0.00	0.00	0.00	0.03	0.00	0.00	0.05	0.00	1.00	0.18	0.00	0.00	0.01	0.00	0.00	0.01	0.03	0.00	0.00
517T 1.00	0.03	0.01	0.01	0.01	0.00	0.01	0.00	0.01	0.01	0.01	0.00	0.02	0.01	0.01	0.01	0.29	1.00	0.01	0.00	0.00
518F 1.00	0.00	0.00	0.00	0.00	1.00	0.00	0.00	0.00	0.00	0.00	0.00	0.00	0.00	0.00	0.00	0.00	0.00	0.00	0.00	0.00
519L 1.00	0.00	0.00	0.00	0.00	0.00	0.00	0.00	0.00	0.00	1.00	0.00	0.00	0.00	0.00	0.00	0.00	0.00	0.00	0.00	0.00
520T 1.00	0.30	0.02	0.67	1.00	0.03	0.19	0.08	0.05	0.31	0.09	0.03	0.27	0.16	0.30	0.13	0.33	0.44	0.09	0.01	0.04
521V 1.00	0.05	0.01	0.01	0.01	0.05	0.01	0.00	0.24	0.01	0.91	0.06	0.01	0.01	0.01	0.01	0.01	0.04	1.00	0.01	0.01
522T 1.00	0.38	0.08	0.07	0.08	0.09	0.06	0.03	0.85	0.11	0.45	0.12	0.11	0.11	0.08	0.07	0.37	1.00	0.88	0.02	0.05
523D 1.00	0.38	0.02	0.67	1.00	0.03	0.31	0.08	0.06	0.36	0.10	0.04	0.27	0.16	0.31	0.17	0.29	0.21	0.10	0.01	0.04
524L 1.00	0.91	0.12	0.64	1.00	0.29	0.46	0.30	0.33	0.96	0.57	0.20	0.56	0.33	0.64	0.63	0.88	0.75	0.47	0.08	0.37
525I 1.00	0.00	0.00	0.00	0.00	0.00	0.00	0.00	1.00	0.00	0.00	0.00	0.00	0.00	0.00	0.00	0.00	0.00	0.00	0.00	0.00
pos	A	C	D	E	F	G	H	I	K	L	M	N	P	Q	R	S	T	V	W	Y
526G 1.00	0.00	0.00	0.00	0.00	0.00	1.00	0.00	0.00	0.00	0.00	0.00	0.00	0.00	0.00	0.00	0.00	0.00	0.00	0.00	0.00
527L 1.00	0.00	0.00	0.00	0.00	0.00	0.00	0.00	0.00	0.00	1.00	0.00	0.00	0.00	0.00	0.00	0.00	0.00	0.00	0.00	0.00
528P 1.00	0.79	0.06	0.07	0.08	0.03	0.51	0.02	0.03	0.09	0.07	0.03	0.07	1.00	0.06	0.06	0.87	0.14	0.10	0.01	0.02
529W 1.00	0.09	0.02	0.04	0.03	0.09	0.05	0.02	0.04	0.05	0.07	0.02	0.05	0.04	0.03	0.04	0.13	0.34	0.06	1.00	0.08
530V 1.00	0.23	0.05	0.02	0.04	0.04	0.01	0.01	0.31	0.04	0.22	0.18	0.03	0.05	0.03	0.03	0.07	0.56	1.00	0.01	0.02
531C 1.00	0.15	0.07	0.03	0.05	0.31	0.05	0.07	0.48	0.06	1.00	0.22	0.05	0.05	0.07	0.06	0.07	0.10	0.38	0.05	0.17
532F 1.00	0.04	0.01	0.01	0.01	1.00	0.01	0.01	0.16	0.01	0.98	0.10	0.01	0.01	0.02	0.01	0.01	0.02	0.09	0.03	0.11
533I 1.00	0.50	0.10	0.18	0.25	0.36	0.30	0.21	0.93	0.27	1.00	0.23	0.21	0.17	0.21	0.23	0.40	0.33	0.84	0.08	0.37
534Y 1.00	0.00	0.00	0.00	0.00	0.00	0.00	0.00	0.00	0.00	0.00	0.00	0.00	0.00	0.00	0.00	0.00	0.00	0.00	0.00	1.00
535T 1.00	1.00	0.09	0.18	0.20	0.05	0.95	0.05	0.08	0.20	0.12	0.06	0.19	0.23	0.14	0.13	0.89	1.00	0.18	0.02	0.05
536I 1.00	0.14	0.03	0.04	0.06	0.14	0.08	0.05	1.00	0.06	0.55	0.10	0.05	0.03	0.05	0.06	0.07	0.09	0.95	0.03	0.11
537M 1.00	0.28	0.06	0.02	0.05	0.06	0.02	0.02	0.37	0.06	0.33	1.00	0.04	0.07	0.04	0.04	0.09	0.52	0.95	0.01	0.03
538S 1.00	0.85	0.06	0.08	0.08	0.03	0.57	0.02	0.03	0.08	0.06	0.03	0.07	0.16	0.05	0.05	1.00	0.14	0.11	0.01	0.02
539L 1.00	0.04	0.01	0.01	0.01	0.24	0.01	0.01	0.48	0.01	1.00	0.08	0.01	0.01	0.01	0.01	0.01	0.03	0.50	0.01	0.02
540A 1.00	0.51	0.06	0.04	0.07	0.17	0.14	0.03	0.36	0.08	1.00	0.20	0.04	0.10	0.06	0.06	0.16	0.15	0.38	0.03	0.05
541S 1.00	1.00	0.10	0.16	0.22	0.07	0.55	0.06	0.08	0.22	0.17	0.06	0.15	0.25	0.15	0.15	0.62	0.27	0.19	0.02	0.07
542L 1.00	0.03	0.01	0.00	0.01	0.04	0.01	0.00	0.50	0.01	1.00	0.04	0.01	0.01	0.01	0.01	0.01	0.02	0.41	0.00	0.01
543L 1.00	1.00	0.09	0.12	0.17	0.14	0.45	0.09	0.29	0.18	0.37	0.09	0.12	0.19	0.13	0.13	0.41	0.21	0.60	0.04	0.15
544F 1.00	0.00	0.00	0.00	0.00	1.00	0.00	0.00	0.00	0.00	0.00	0.00	0.00	0.00	0.00	0.00	0.00	0.00	0.00	0.00	0.00
545V 1.00	0.02	0.00	0.00	0.00	0.01	0.00	0.00	0.71	0.01	0.08	0.01	0.00	0.00	0.00	0.00	0.01	0.02	1.00	0.00	0.01
546V 1.00	0.07	0.02	0.02	0.02	0.11	0.03	0.02	1.00	0.03	0.38	0.07	0.02	0.02	0.02	0.03	0.03	0.07	0.95	0.02	0.15
547M 1.00	0.06	0.02	0.01	0.02	0.33	0.01	0.02	0.29	0.02	1.00	0.38	0.02	0.02	0.03	0.02	0.02	0.04	0.45	0.02	0.03
548F 1.00	0.01	0.00	0.00	0.00	1.00	0.00	0.00	0.04	0.00	0.20	0.02	0.00	0.00	0.00	0.00	0.00	0.01	0.02	0.02	0.06
549I 1.00	0.02	0.01	0.00	0.00	0.02	0.01	0.00	1.00	0.01	0.09	0.02	0.00	0.00	0.00	0.00	0.01	0.02	0.89	0.00	0.01
550P 1.00	0.00	0.00	0.00	0.00	0.00	0.00	0.00	0.00	0.00	0.00	0.00	0.00	1.00	0.00	0.00	0.00	0.00	0.00	0.00	0.00
pos	A	C	D	E	F	G	H	I	K	L	M	N	P	Q	R	S	T	V	W	Y
551E 1.00	0.04	0.00	0.11	1.00	0.00	0.04	0.02	0.01	0.05	0.01	0.00	0.18	0.02	0.05	0.02	0.04	0.03	0.01	0.00	0.01
552T 1.00	0.00	0.00	0.00	0.00	0.00	0.00	0.00	0.00	0.00	0.00	0.00	0.00	0.00	0.00	0.00	0.00	1.00	0.00	0.00	0.00
553K 1.00	0.00	0.00	0.00	0.00	0.00	0.00	0.00	0.00	1.00	0.00	0.00	0.00	0.00	0.00	0.00	0.00	0.00	0.00	0.00	0.00
554G 1.00	0.00	0.00	0.00	0.00	0.00	1.00	0.00	0.00	0.00	0.00	0.00	0.00	0.00	0.00	0.00	0.00	0.00	0.00	0.00	0.00
555C 1.00	0.34	0.05	0.15	0.32	0.10	0.22	0.18	0.13	1.00	0.24	0.08	0.25	0.17	0.40	0.83	0.28	0.28	0.18	0.04	0.15
556S 1.00	0.18	0.02	0.04	0.04	0.01	0.10	0.01	0.02	0.04	0.03	0.01	0.05	0.17	0.03	0.03	1.00	0.13	0.04	0.00	0.01
557L 1.00	0.00	0.00	0.00	0.00	0.00	0.00	0.00	0.00	0.00	1.00	0.00	0.00	0.00	0.00	0.00	0.00	0.00	0.00	0.00	0.00
558E 1.00	0.27	0.01	0.18	1.00	0.01	0.06	0.02	0.02	0.09	0.03	0.01	0.04	0.05	0.09	0.03	0.07	0.05	0.03	0.00	0.01
559Q 1.00	0.05	0.00	0.12	1.00	0.00	0.02	0.01	0.01	0.06	0.01	0.01	0.02	0.03	0.78	0.02	0.03	0.02	0.01	0.00	0.01
560I 1.00	0.00	0.00	0.00	0.00	0.00	0.00	0.00	1.00	0.00	0.00	0.00	0.00	0.00	0.00	0.00	0.00	0.00	0.00	0.00	0.00
561S 1.00	0.29	0.02	0.96	0.93	0.03	0.28	0.10	0.05	0.30	0.08	0.03	0.40	0.15	0.27	0.14	1.00	0.23	0.08	0.01	0.05
562M 1.00	0.49	0.06	0.29	0.56	0.11	0.24	0.16	0.23	1.00	0.35	0.13	0.30	0.20	0.49	0.70	0.40	0.39	0.39	0.04	0.13
563E 1.00	0.04	0.00	0.10	1.00	0.00	0.02	0.01	0.01	0.05	0.01	0.00	0.02	0.02	0.57	0.02	0.02	0.02	0.01	0.00	0.01
564L 1.00	0.03	0.01	0.00	0.01	0.37	0.01	0.01	0.12	0.01	1.00	0.07	0.01	0.01	0.01	0.01	0.01	0.02	0.07	0.02	0.05
565A 1.00	1.00	0.03	0.08	0.12	0.02	0.15	0.02	0.03	0.10	0.05	0.02	0.07	0.08	0.29	0.07	0.44	0.13	0.07	0.01	0.02
566K 1.00	0.64	0.06	0.50	0.78	0.07	0.32	0.12	0.17	1.00	0.27	0.17	0.50	0.25	0.48	0.46	0.82	0.82	0.26	0.02	0.07
567V 1.00	0.69	0.04	0.51	0.89	0.05	0.31	0.11	0.16	1.00	0.25	0.09	0.41	0.23	0.49	0.58	0.66	0.47	0.30	0.02	0.04
568N 1.00	0.35	0.05	0.65	0.40	0.06	0.50	0.19	0.08	0.67	0.15	0.05	1.00	0.20	0.33	0.66	0.64	0.43	0.13	0.03	0.11
569Y 1.00	0.20	0.07	0.08	0.11	0.53	0.13	0.41	0.43	0.11	0.26	0.09	0.12	0.08	0.12	0.14	0.16	0.15	0.20	0.07	1.00
570V 0.89	0.46	0.10	0.12	0.20	0.27	0.13	0.15	0.52	0.20	0.92	0.28	0.14	0.20	0.16	0.16	0.30	0.34	1.00	0.06	0.26
571K 0.89	0.37	0.06	0.24	0.47	0.08	0.21	0.15	0.12	1.00	0.25	0.08	0.27	0.17	0.43	0.71	0.34	0.31	0.18	0.03	0.11
572N 0.89	0.31	0.04	0.46	0.41	0.05	0.48	0.15	0.08	0.80	0.15	0.05	1.00	0.16	0.34	0.60	0.39	0.27	0.12	0.02	0.08
573N 0.56	0.63	0.07	0.41	0.43	0.07	0.31	0.11	0.15	0.43	0.20	0.08	0.69	0.21	0.28	0.26	0.82	1.00	0.25	0.03	0.09
574I 0.56	0.03	0.01	0.00	0.01	0.03	0.01	0.00	1.00	0.01	0.46	0.04	0.01	0.01	0.01	0.01	0.01	0.03	0.59	0.00	0.01
575C 0.56	0.00	1.00	0.00	0.00	0.00	0.00	0.00	0.00	0.00	0.00	0.00	0.00	0.00	0.00	0.00	0.00	0.00	0.00	0.00	0.00
pos	A	C	D	E	F	G	H	I	K	L	M	N	P	Q	R	S	T	V	W	Y
576F 0.56	0.48	0.16	0.24	0.29	1.00	0.34	0.78	0.41	0.33	0.76	0.23	0.33	0.20	0.29	0.36	0.39	0.38	0.48	0.16	0.85
577M 0.67	0.30	0.08	0.10	0.18	0.41	0.16	0.23	0.42	0.33	1.00	0.32	0.16	0.13	0.21	0.37	0.21	0.22	0.37	0.09	0.38
578S 0.67	1.00	0.11	0.62	0.67	0.11	0.72	0.20	0.16	0.88	0.29	0.11	0.65	0.35	0.48	0.68	0.97	0.59	0.29	0.04	0.15
579H 0.89	0.14	0.02	0.04	0.19	0.04	0.10	0.43	0.06	1.00	0.14	0.05	0.14	0.11	0.31	0.98	0.12	0.15	0.08	0.02	0.07
580H 0.89	0.40	0.05	0.38	0.92	0.12	0.26	1.00	0.14	0.67	0.24	0.08	0.34	0.18	0.37	0.63	0.61	0.32	0.19	0.04	0.17
581Q 0.89	0.24	0.02	0.14	0.33	0.03	0.14	0.11	0.08	1.00	0.15	0.05	0.19	0.13	0.55	0.71	0.23	0.35	0.11	0.02	0.05
582E 0.89	0.69	0.04	0.50	1.00	0.04	0.30	0.10	0.15	0.83	0.24	0.09	0.39	0.22	0.48	0.49	0.69	0.46	0.23	0.01	0.04
583E 0.78	0.35	0.02	0.37	1.00	0.03	0.18	0.08	0.09	0.86	0.14	0.05	0.23	0.15	0.33	0.34	0.32	0.42	0.13	0.01	0.04
584L 0.78	1.00	0.11	0.14	0.18	0.13	0.54	0.08	0.16	0.20	0.36	0.11	0.13	0.26	0.14	0.15	0.53	0.24	0.25	0.03	0.12
585V 0.78	0.32	0.06	0.07	0.12	0.05	0.05	0.04	0.28	0.13	0.22	0.07	0.07	0.09	0.21	0.09	0.16	0.40	1.00	0.01	0.05
586P 0.78	0.59	0.06	0.23	0.26	0.06	0.53	0.10	0.07	0.48	0.14	0.05	0.26	1.00	0.22	0.50	0.40	0.22	0.14	0.02	0.08
587K 0.67	0.31	0.04	0.21	0.30	0.03	0.15	0.06	0.08	1.00	0.12	0.05	0.22	0.13	0.21	0.25	0.70	0.70	0.13	0.01	0.04
588Q 0.67	0.06	0.01	0.03	0.09	0.01	0.04	0.04	0.02	0.31	0.05	0.02	0.06	0.04	1.00	0.62	0.06	0.06	0.03	0.01	0.02
589P 0.67	0.58	0.06	0.55	1.00	0.15	0.27	0.15	0.25	0.59	0.46	0.13	0.29	0.24	0.43	0.36	0.43	0.38	0.35	0.04	0.15
590Q 0.67	0.35	0.02	0.42	1.00	0.03	0.18	0.07	0.08	0.42	0.13	0.05	0.23	0.15	0.93	0.23	0.70	0.26	0.12	0.01	0.04
591K 0.67	0.19	0.02	0.13	0.19	0.02	0.10	0.04	0.05	1.00	0.08	0.03	0.14	0.08	0.14	0.17	0.45	0.47	0.08	0.01	0.03
592R 0.56	0.61	0.07	0.38	0.44	0.10	0.51	0.20	0.12	1.00	0.24	0.08	0.47	0.26	0.43	0.82	0.50	0.34	0.20	0.04	0.15
593K 0.56	0.38	0.04	0.26	0.47	0.05	0.24	0.13	0.10	1.00	0.19	0.06	0.26	0.26	0.38	0.67	0.32	0.28	0.16	0.03	0.08
594P 0.56	0.00	0.00	0.00	0.00	0.00	0.00	0.00	0.00	0.00	0.00	0.00	0.00	1.00	0.00	0.00	0.00	0.00	0.00	0.00	0.00
595Q 0.56	0.72	0.18	0.54	0.74	0.64	0.53	0.59	0.43	0.99	0.76	0.25	0.59	0.34	0.73	0.86	0.63	0.57	0.55	0.18	1.00
596E 0.56	0.07	0.00	0.14	1.00	0.01	0.03	0.02	0.01	0.08	0.02	0.01	0.04	0.04	0.52	0.04	0.05	0.04	0.02	0.00	0.01
597Q 0.56	0.12	0.01	0.07	0.17	0.02	0.08	0.07	0.04	0.49	0.09	0.03	0.10	0.07	1.00	0.89	0.10	0.11	0.06	0.01	0.04
598L 0.56	0.08	0.02	0.02	0.02	0.31	0.03	0.02	0.83	0.03	1.00	0.14	0.02	0.02	0.03	0.03	0.03	0.06	0.75	0.02	0.06
599L 0.44	1.00	0.13	0.39	0.56	0.30	0.57	0.25	0.30	0.58	0.58	0.18	0.38	0.32	0.39	0.41	0.70	0.47	0.40	0.08	0.37
600E 0.44	0.10	0.01	0.15	1.00	0.01	0.05	0.02	0.02	0.36	0.04	0.01	0.06	0.05	0.10	0.08	0.08	0.06	0.03	0.00	0.01
pos	A	C	D	E	F	G	H	I	K	L	M	N	P	Q	R	S	T	V	W	Y
601C 0.44	0.65	0.52	0.17	0.15	0.08	0.35	0.07	0.10	0.17	0.15	0.06	0.20	0.19	0.12	0.12	1.00	0.52	0.21	0.03	0.10
602N 0.44	0.17	0.02	0.29	0.24	0.03	0.21	0.09	0.04	0.57	0.08	0.03	1.00	0.09	0.17	0.24	0.24	0.16	0.07	0.01	0.05
603K 0.33	0.27	0.04	0.22	0.37	0.09	0.20	0.27	0.11	1.00	0.20	0.07	0.26	0.14	0.34	0.63	0.26	0.24	0.15	0.03	0.14
604L 0.33	0.00	0.00	0.00	0.00	0.00	0.00	0.00	0.00	0.00	1.00	0.00	0.00	0.00	0.00	0.00	0.00	0.00	0.00	0.00	0.00
605C 0.33	1.00	0.20	0.43	0.61	0.40	0.58	0.39	0.42	1.00	0.64	0.21	0.52	0.36	0.54	0.81	0.78	0.70	0.64	0.12	0.54
606G 0.33	0.00	0.00	0.00	0.00	0.00	1.00	0.00	0.00	0.00	0.00	0.00	0.00	0.00	0.00	0.00	0.00	0.00	0.00	0.00	0.00
607R 0.33	0.07	0.01	0.04	0.10	0.01	0.05	0.04	0.03	0.68	0.05	0.02	0.06	0.04	0.12	1.00	0.06	0.07	0.04	0.01	0.02
608G 0.33	0.00	0.00	0.00	0.00	0.00	1.00	0.00	0.00	0.00	0.00	0.00	0.00	0.00	0.00	0.00	0.00	0.00	0.00	0.00	0.00
609Q 0.33	0.00	0.00	0.00	0.00	0.00	0.00	0.00	0.00	0.00	0.00	0.00	0.00	0.00	1.00	0.00	0.00	0.00	0.00	0.00	0.00
610S 0.33	0.85	0.10	0.36	0.42	0.08	0.48	0.10	0.13	0.40	0.20	0.08	0.36	0.36	0.27	0.25	1.00	0.73	0.25	0.03	0.10
611R 0.33	0.12	0.01	0.07	0.16	0.02	0.07	0.06	0.04	0.38	0.08	0.03	0.09	0.06	0.54	1.00	0.11	0.10	0.06	0.01	0.04
612Q 0.33	0.19	0.02	0.13	0.26	0.04	0.11	0.09	0.06	0.56	0.12	0.04	0.15	0.10	1.00	0.85	0.17	0.16	0.09	0.02	0.06
613L 0.33	0.38	0.07	0.13	0.21	0.25	0.16	0.10	0.43	0.24	1.00	0.24	0.13	0.14	0.16	0.18	0.23	0.24	0.44	0.05	0.15
614S 0.33	0.00	0.00	0.00	0.00	0.00	0.00	0.00	0.00	0.00	0.00	0.00	0.00	0.00	0.00	0.00	1.00	0.00	0.00	0.00	0.00
615P 0.33	0.24	0.03	0.10	0.12	0.02	0.14	0.03	0.04	0.11	0.06	0.02	0.10	1.00	0.07	0.07	0.68	0.18	0.07	0.01	0.03
616E 0.33	0.11	0.01	0.54	1.00	0.01	0.06	0.03	0.02	0.12	0.03	0.01	0.08	0.06	0.12	0.05	0.09	0.07	0.03	0.00	0.01
617T 0.22	0.00	0.00	0.00	0.00	0.00	0.00	0.00	0.00	0.00	0.00	0.00	0.00	0.00	0.00	0.00	0.00	1.00	0.00	0.00	0.00
