Each row corresponds to a position in the reference protein.  Below each position is the fraction of sequences that contain one of the basic amino acids.  A low fraction indicates the position is either severely gapped or unalignable and has little information.  Expect poor prediction at these positions.
Each column corresponds to one of the twenty amino acids. 
Each entry contains the score at a particular position (row) for an amino acid substitution (column).  Substitutions predicted to be intolerant are highlighted in red.




pos	A	C	D	E	F	G	H	I	K	L	M	N	P	Q	R	S	T	V	W	Y
1M 0.27	0.00	0.00	0.00	0.00	0.00	0.00	0.00	0.00	0.00	0.00	1.00	0.00	0.00	0.00	0.00	0.00	0.00	0.00	0.00	0.00
2E 0.27	0.00	0.00	0.00	1.00	0.00	0.00	0.00	0.00	0.00	0.00	0.00	0.00	0.00	0.00	0.00	0.00	0.00	0.00	0.00	0.00
3Q 0.27	0.33	0.02	0.49	1.00	0.03	0.16	0.09	0.07	0.61	0.13	0.05	0.20	0.26	0.49	0.36	0.26	0.22	0.11	0.02	0.04
4Q 0.39	0.14	0.01	0.26	1.00	0.01	0.07	0.02	0.03	0.33	0.05	0.02	0.09	0.05	0.69	0.09	0.22	0.19	0.05	0.00	0.01
5D 0.42	0.06	0.01	1.00	0.09	0.01	0.33	0.15	0.01	0.08	0.01	0.01	0.30	0.04	0.05	0.04	0.25	0.06	0.01	0.01	0.03
6Q 0.42	0.49	0.05	0.40	0.59	0.05	0.37	0.16	0.10	1.00	0.20	0.07	0.40	0.23	0.46	0.75	0.41	0.31	0.16	0.03	0.09
7S 0.42	0.68	0.05	0.54	1.00	0.06	0.33	0.12	0.22	0.88	0.29	0.10	0.42	0.25	0.51	0.47	0.66	0.52	0.36	0.02	0.06
8M 0.61	0.56	0.07	0.22	0.45	0.17	0.29	0.19	0.26	1.00	0.53	0.18	0.28	0.24	0.44	0.77	0.45	0.42	0.33	0.05	0.18
9K 0.79	0.72	0.05	0.62	1.00	0.05	0.45	0.12	0.18	0.98	0.29	0.10	0.48	0.32	0.57	0.58	0.73	0.57	0.27	0.02	0.04
10E 0.73	0.33	0.02	0.27	1.00	0.02	0.17	0.07	0.08	0.61	0.14	0.05	0.22	0.13	0.38	0.42	0.37	0.65	0.13	0.01	0.03
11G 0.85	0.35	0.02	0.08	0.12	0.01	1.00	0.03	0.03	0.23	0.05	0.02	0.08	0.07	0.41	0.12	0.15	0.23	0.05	0.01	0.02
12R 0.85	0.01	0.00	0.00	0.08	0.00	0.01	0.01	0.00	0.53	0.01	0.00	0.01	0.01	0.02	1.00	0.01	0.01	0.00	0.00	0.00
13L 0.88	0.01	0.00	0.00	0.00	0.03	0.00	0.00	0.17	0.00	1.00	0.08	0.00	0.00	0.00	0.00	0.00	0.01	0.60	0.00	0.00
14T 0.88	0.05	0.01	0.02	0.02	0.01	0.02	0.01	0.02	0.03	0.03	0.15	0.03	0.02	0.20	0.02	0.10	1.00	0.04	0.00	0.01
15L 0.88	1.00	0.10	0.09	0.12	0.07	0.53	0.05	0.07	0.13	0.17	0.06	0.09	0.26	0.09	0.10	0.51	0.21	0.19	0.02	0.08
16V 0.88	0.57	0.07	0.13	0.15	0.04	0.16	0.04	0.16	0.17	0.15	0.06	0.18	0.19	0.12	0.12	0.75	1.00	0.48	0.02	0.04
17L 0.94	0.00	0.00	0.00	0.00	0.01	0.00	0.00	0.11	0.00	1.00	0.01	0.00	0.00	0.00	0.00	0.00	0.00	0.15	0.00	0.00
18A 0.94	0.21	0.01	0.01	0.01	0.08	0.11	0.01	0.97	0.02	0.59	0.11	0.01	0.01	0.01	0.02	0.02	0.05	1.00	0.01	0.03
19L 0.94	0.11	0.04	0.04	0.05	0.44	0.17	0.10	0.23	0.06	1.00	0.11	0.06	0.05	0.06	0.07	0.08	0.08	0.32	0.05	0.28
20A 0.94	1.00	0.00	0.00	0.01	0.00	0.02	0.00	0.01	0.01	0.01	0.00	0.01	0.01	0.01	0.07	0.03	0.07	0.01	0.00	0.00
21T 0.94	0.16	0.03	0.01	0.03	0.03	0.01	0.01	0.52	0.03	0.22	0.05	0.02	0.04	0.02	0.02	0.22	0.72	1.00	0.01	0.01
22L 0.94	0.25	0.05	0.07	0.07	0.32	0.17	0.09	0.12	0.08	1.00	0.07	0.10	0.09	0.07	0.08	0.41	0.45	0.14	0.03	0.16
23I 0.79	0.26	0.03	0.04	0.05	0.09	0.13	0.03	1.00	0.05	0.37	0.07	0.04	0.05	0.03	0.05	0.24	0.10	0.93	0.02	0.07
24A 0.79	1.00	0.00	0.00	0.00	0.00	0.16	0.00	0.00	0.00	0.00	0.00	0.00	0.01	0.00	0.00	0.02	0.01	0.01	0.00	0.00
25A 0.79	1.00	0.01	0.01	0.01	0.01	0.01	0.00	0.06	0.01	0.04	0.01	0.01	0.02	0.01	0.01	0.03	0.37	0.36	0.00	0.00
pos	A	C	D	E	F	G	H	I	K	L	M	N	P	Q	R	S	T	V	W	Y
26F 0.79	0.02	0.01	0.00	0.01	1.00	0.01	0.00	0.54	0.01	0.61	0.08	0.01	0.01	0.01	0.01	0.01	0.01	0.08	0.01	0.02
27G 0.79	0.00	0.00	0.00	0.00	0.00	1.00	0.00	0.00	0.00	0.00	0.00	0.00	0.00	0.00	0.00	0.00	0.00	0.00	0.00	0.00
28S 0.94	0.05	0.01	0.01	0.01	0.00	0.15	0.00	0.00	0.01	0.01	0.00	0.01	0.01	0.00	0.00	1.00	0.01	0.01	0.00	0.00
29S 0.52	0.31	0.02	0.01	0.02	0.01	0.08	0.00	0.02	0.02	0.02	0.01	0.01	0.04	0.01	0.01	1.00	0.06	0.14	0.00	0.01
30F 0.94	0.01	0.00	0.00	0.00	1.00	0.00	0.00	0.03	0.00	0.47	0.02	0.00	0.00	0.00	0.00	0.00	0.00	0.02	0.01	0.03
31Q 0.94	0.03	0.00	0.01	0.02	0.03	0.01	0.01	0.06	0.03	0.29	0.04	0.01	0.01	1.00	0.02	0.01	0.01	0.04	0.00	0.01
32Y 0.94	0.00	0.00	0.00	0.00	0.94	0.00	0.00	0.01	0.00	0.02	0.00	0.00	0.00	0.00	0.00	0.00	0.00	0.01	0.02	1.00
33G 0.94	0.09	0.00	0.00	0.00	0.00	1.00	0.00	0.00	0.00	0.00	0.00	0.00	0.01	0.00	0.00	0.01	0.00	0.00	0.00	0.00
34Y 0.94	0.00	0.00	0.00	0.00	0.00	0.00	0.00	0.00	0.00	0.00	0.00	0.00	0.00	0.00	0.00	0.00	0.00	0.00	0.00	1.00
35N 0.94	0.00	0.00	0.00	0.00	0.00	0.00	0.00	0.00	0.00	0.00	0.00	1.00	0.00	0.00	0.00	0.00	0.00	0.00	0.00	0.00
36V 0.94	0.15	0.04	0.01	0.03	0.07	0.02	0.01	0.88	0.03	0.44	0.08	0.02	0.03	0.02	0.02	0.03	0.19	1.00	0.01	0.03
37A 0.94	0.62	0.01	0.01	0.01	0.00	1.00	0.00	0.00	0.01	0.01	0.00	0.01	0.03	0.01	0.01	0.56	0.02	0.02	0.00	0.00
38A 0.94	0.25	0.01	0.00	0.01	0.00	0.00	0.00	0.04	0.01	0.02	0.01	0.00	0.01	0.00	0.00	0.01	0.07	1.00	0.00	0.00
39V 0.94	0.01	0.09	0.00	0.00	0.01	0.00	0.00	1.00	0.00	0.03	0.01	0.00	0.00	0.00	0.00	0.00	0.01	0.62	0.00	0.00
40N 0.94	0.00	0.00	0.00	0.00	0.00	0.00	0.00	0.00	0.00	0.00	0.00	1.00	0.00	0.00	0.00	0.00	0.00	0.00	0.00	0.00
41S 0.94	1.00	0.01	0.01	0.01	0.00	0.02	0.00	0.01	0.01	0.01	0.00	0.02	0.02	0.01	0.06	0.54	0.32	0.02	0.00	0.00
42P 0.94	0.00	0.00	0.00	0.00	0.00	0.00	0.00	0.00	0.00	0.00	0.00	0.00	1.00	0.00	0.00	0.00	0.00	0.00	0.00	0.00
43A 0.94	0.52	0.03	0.41	1.00	0.04	0.21	0.26	0.10	0.50	0.17	0.06	0.28	0.17	0.68	0.28	0.72	0.53	0.16	0.01	0.04
44L 0.94	0.35	0.02	0.26	0.76	0.02	0.14	0.05	0.07	1.00	0.16	0.04	0.18	0.26	0.24	0.23	0.27	0.36	0.12	0.01	0.02
45L 0.94	0.02	0.01	0.01	0.01	0.26	0.01	0.00	0.81	0.01	0.39	0.04	0.01	0.00	0.00	0.01	0.01	0.03	1.00	0.01	0.19
46M 0.94	0.02	0.00	0.00	0.00	0.26	0.00	0.00	1.00	0.01	0.28	0.49	0.00	0.01	0.01	0.01	0.00	0.01	0.06	0.01	0.01
47Q 0.94	0.03	0.00	0.05	0.53	0.00	0.02	0.01	0.01	1.00	0.02	0.01	0.02	0.02	0.29	0.06	0.02	0.12	0.01	0.00	0.01
48Q 0.97	0.39	0.01	0.62	1.00	0.01	0.07	0.04	0.03	0.18	0.05	0.02	0.08	0.09	0.45	0.07	0.27	0.09	0.05	0.01	0.02
49F 0.97	0.02	0.00	0.00	0.00	1.00	0.01	0.00	0.01	0.00	0.02	0.00	0.00	0.01	0.00	0.00	0.13	0.01	0.01	0.01	0.06
50Y 0.97	0.01	0.00	0.00	0.00	0.06	0.00	0.00	0.11	0.00	0.21	0.02	0.00	0.00	0.00	0.00	0.00	0.00	0.02	0.01	1.00
pos	A	C	D	E	F	G	H	I	K	L	M	N	P	Q	R	S	T	V	W	Y
51N 0.97	0.00	0.00	0.00	0.00	0.00	0.00	0.00	0.00	0.00	0.00	0.00	1.00	0.00	0.00	0.00	0.00	0.00	0.00	0.00	0.00
52E 0.97	0.41	0.03	0.57	1.00	0.05	0.17	0.12	0.09	0.50	0.15	0.05	0.22	0.14	0.44	0.28	0.32	0.25	0.14	0.02	0.29
53T 0.97	0.01	0.00	0.00	0.00	0.00	0.00	0.00	0.00	0.00	0.00	0.00	0.01	0.00	0.00	0.00	0.15	1.00	0.00	0.00	0.00
54Y 0.97	0.08	0.03	0.03	0.04	0.12	0.05	0.31	0.08	0.05	0.73	0.04	0.05	0.03	0.05	0.06	0.06	0.06	0.09	1.00	0.97
55Y 0.97	0.48	0.17	0.20	0.30	0.69	0.31	0.51	0.38	0.28	0.65	0.21	0.30	0.19	0.28	0.33	0.39	0.38	0.48	0.18	1.00
56G 0.97	0.46	0.05	0.83	1.00	0.09	0.48	0.26	0.13	0.55	0.22	0.08	0.40	0.18	0.44	0.46	0.51	0.35	0.19	0.03	0.15
57R 0.97	0.00	0.00	0.00	0.01	0.00	0.00	0.00	0.00	0.12	0.00	0.00	0.00	0.00	0.01	1.00	0.00	0.00	0.00	0.00	0.00
58T 0.91	0.49	0.17	0.20	0.26	0.68	0.33	0.61	0.38	0.28	0.62	0.21	0.32	0.19	0.32	0.33	0.42	0.41	0.50	0.18	1.00
59G 0.91	0.20	0.01	0.10	0.30	0.01	1.00	0.02	0.01	0.13	0.02	0.01	0.20	0.03	0.05	0.04	0.14	0.05	0.02	0.00	0.01
60E 0.91	0.34	0.02	0.24	1.00	0.02	0.13	0.05	0.06	0.34	0.10	0.04	0.20	0.19	0.21	0.33	0.26	0.39	0.10	0.01	0.02
61F 0.91	0.51	0.18	0.21	0.28	0.70	0.33	0.54	0.39	0.29	0.65	0.22	0.31	0.21	0.29	0.35	0.40	0.39	0.50	0.18	1.00
62M 0.97	0.09	0.02	0.01	0.02	0.18	0.05	0.02	0.61	0.03	1.00	0.32	0.02	0.12	0.04	0.03	0.03	0.05	0.25	0.02	0.03
63E 0.97	0.41	0.03	1.00	0.89	0.03	0.28	0.07	0.10	0.51	0.25	0.06	0.43	0.40	0.32	0.28	0.95	0.36	0.15	0.01	0.02
64D 0.97	0.29	0.02	0.73	1.00	0.03	0.31	0.10	0.04	0.27	0.06	0.03	0.40	0.23	0.27	0.11	0.34	0.16	0.07	0.01	0.05
65F 0.97	0.83	0.09	0.64	1.00	0.23	0.43	0.24	0.27	0.94	0.44	0.15	0.53	0.30	0.62	0.57	0.78	0.63	0.40	0.06	0.27
66P 0.97	0.31	0.07	0.12	0.10	0.11	0.12	0.09	0.12	0.13	0.17	0.06	0.20	0.15	0.11	0.11	0.75	1.00	0.18	0.04	0.15
67L 0.97	0.00	0.00	0.00	0.00	0.01	0.00	0.00	0.01	0.00	1.00	0.10	0.00	0.00	0.00	0.00	0.00	0.00	0.01	0.00	0.00
68T 0.97	0.04	0.01	0.01	0.01	0.02	0.01	0.00	0.05	0.01	0.24	0.02	0.02	0.02	0.01	0.01	0.06	1.00	0.05	0.00	0.01
69L 0.97	0.22	0.04	0.09	0.06	0.02	0.07	0.03	0.06	0.08	0.33	0.03	0.16	0.10	0.06	0.05	0.71	1.00	0.10	0.01	0.03
70L 0.97	0.00	0.00	0.00	0.00	0.00	0.00	0.00	0.00	0.00	1.00	0.00	0.00	0.00	0.00	0.00	0.00	0.00	0.00	0.00	0.00
71W 0.97	0.00	0.00	0.00	0.00	0.00	0.00	0.00	0.00	0.00	0.00	0.00	0.00	0.00	0.00	0.00	0.00	0.00	0.00	1.00	0.00
72S 0.97	0.15	0.00	0.00	0.00	0.00	0.02	0.00	0.00	0.00	0.00	0.00	0.00	0.01	0.00	0.00	1.00	0.01	0.01	0.00	0.00
73V 0.97	0.05	0.21	0.00	0.01	0.03	0.00	0.00	0.23	0.01	1.00	0.04	0.01	0.01	0.01	0.01	0.01	0.03	0.60	0.00	0.01
74T 0.97	0.03	0.11	0.01	0.01	0.00	0.01	0.00	0.01	0.01	0.01	0.00	0.02	0.02	0.01	0.01	0.96	1.00	0.01	0.00	0.00
75V 0.97	0.00	0.00	0.00	0.00	0.00	0.00	0.00	0.00	0.00	0.00	0.00	0.00	0.00	0.00	0.00	0.00	0.00	1.00	0.00	0.00
pos	A	C	D	E	F	G	H	I	K	L	M	N	P	Q	R	S	T	V	W	Y
76S 0.97	1.00	0.01	0.01	0.01	0.00	0.06	0.00	0.01	0.01	0.01	0.01	0.01	0.03	0.01	0.01	0.99	0.03	0.02	0.00	0.00
77M 0.97	0.01	0.00	0.00	0.00	0.03	0.00	0.00	1.00	0.00	0.15	0.64	0.00	0.00	0.01	0.00	0.00	0.01	0.06	0.00	0.01
78F 0.97	0.00	0.00	0.00	0.00	1.00	0.00	0.00	0.00	0.00	0.00	0.00	0.00	0.00	0.00	0.00	0.00	0.00	0.00	0.00	0.00
79P 0.97	1.00	0.09	0.08	0.09	0.03	0.49	0.02	0.04	0.09	0.09	0.04	0.07	0.46	0.06	0.07	0.79	0.23	0.15	0.01	0.03
80F 0.97	0.03	0.01	0.00	0.01	0.31	0.01	0.00	0.53	0.01	0.37	0.04	0.01	0.01	0.01	0.01	0.09	0.03	1.00	0.00	0.01
81G 0.97	0.00	0.00	0.00	0.00	0.00	1.00	0.00	0.00	0.00	0.00	0.00	0.00	0.00	0.00	0.00	0.00	0.00	0.00	0.00	0.00
82G 0.97	0.00	0.00	0.00	0.00	0.00	1.00	0.00	0.00	0.00	0.00	0.00	0.00	0.00	0.00	0.00	0.00	0.00	0.00	0.00	0.00
83F 0.97	0.02	0.00	0.00	0.00	0.57	0.00	0.00	0.09	0.01	0.73	1.00	0.00	0.01	0.01	0.01	0.00	0.01	0.05	0.01	0.01
84I 0.97	0.10	0.00	0.00	0.00	0.01	0.00	0.00	1.00	0.00	0.35	0.01	0.00	0.00	0.00	0.00	0.00	0.01	0.33	0.00	0.00
85G 0.97	0.03	0.00	0.01	0.00	0.00	1.00	0.00	0.00	0.00	0.00	0.00	0.01	0.01	0.00	0.00	0.19	0.01	0.00	0.00	0.00
86S 0.97	0.01	0.00	0.00	0.00	0.00	0.00	0.00	0.00	0.00	0.00	0.00	0.01	0.00	0.00	0.00	1.00	0.15	0.00	0.00	0.00
87L 0.97	0.02	0.01	0.00	0.01	0.80	0.00	0.00	0.10	0.01	1.00	0.06	0.00	0.01	0.01	0.01	0.01	0.01	0.06	0.02	0.07
88L 0.97	0.11	0.03	0.01	0.03	0.18	0.02	0.01	0.58	0.03	1.00	0.22	0.02	0.04	0.04	0.03	0.03	0.08	0.49	0.02	0.03
89V 0.97	0.00	0.00	0.00	0.00	0.00	0.00	0.00	0.15	0.00	0.01	0.00	0.00	0.00	0.00	0.00	0.00	0.00	1.00	0.00	0.00
90G 0.97	0.03	0.00	0.02	0.01	0.00	1.00	0.00	0.00	0.14	0.00	0.00	0.02	0.01	0.01	0.01	0.06	0.01	0.01	0.00	0.00
91P 0.97	0.06	0.02	0.01	0.02	0.16	0.01	0.01	0.31	0.02	1.00	0.22	0.03	0.09	0.03	0.02	0.02	0.03	0.16	0.02	0.03
92L 0.97	0.03	0.01	0.00	0.01	0.60	0.01	0.01	0.48	0.01	1.00	0.18	0.01	0.01	0.02	0.01	0.01	0.02	0.10	0.01	0.01
93V 0.97	0.61	0.06	0.06	0.06	0.09	0.45	0.02	0.11	0.07	0.11	0.04	0.06	0.15	0.05	0.05	0.45	0.14	1.00	0.01	0.05
94N 0.97	0.01	0.00	0.18	0.03	0.00	0.04	0.01	0.00	0.17	0.00	0.00	1.00	0.01	0.17	0.01	0.03	0.01	0.00	0.00	0.01
95K 0.97	0.20	0.02	0.08	0.25	0.06	0.13	0.14	0.08	1.00	0.17	0.06	0.22	0.12	0.34	0.95	0.22	0.20	0.16	0.08	0.10
96F 0.97	0.03	0.14	0.00	0.01	1.00	0.01	0.00	0.09	0.01	0.88	0.06	0.00	0.01	0.01	0.01	0.01	0.02	0.06	0.13	0.22
97G 0.97	0.00	0.00	0.00	0.00	0.00	1.00	0.00	0.00	0.00	0.00	0.00	0.00	0.00	0.00	0.00	0.00	0.00	0.00	0.00	0.00
98R 0.97	0.00	0.00	0.00	0.00	0.00	0.00	0.00	0.00	0.06	0.00	0.00	0.00	0.00	0.01	1.00	0.00	0.00	0.00	0.00	0.00
99K 0.97	0.01	0.00	0.00	0.01	0.00	0.04	0.01	0.00	1.00	0.01	0.00	0.01	0.01	0.02	0.58	0.01	0.01	0.01	0.00	0.00
100G 0.97	0.15	0.03	0.68	0.22	0.03	0.68	0.22	0.02	0.30	0.05	0.02	1.00	0.12	0.17	0.27	0.38	0.16	0.03	0.02	0.08
pos	A	C	D	E	F	G	H	I	K	L	M	N	P	Q	R	S	T	V	W	Y
101A 0.97	0.71	0.01	0.01	0.01	0.00	0.02	0.00	0.01	0.01	0.01	0.01	0.02	0.02	0.01	0.01	1.00	0.95	0.02	0.00	0.00
102L 0.97	0.01	0.00	0.00	0.00	0.02	0.00	0.00	0.03	0.00	1.00	0.88	0.00	0.00	0.00	0.00	0.00	0.00	0.02	0.00	0.00
103L 0.97	0.00	0.00	0.00	0.00	0.00	0.00	0.00	0.00	0.00	1.00	0.00	0.00	0.00	0.00	0.00	0.00	0.00	0.00	0.00	0.00
104F 0.97	0.20	0.02	0.01	0.02	0.36	0.02	0.02	0.59	0.03	1.00	0.31	0.02	0.03	0.03	0.03	0.02	0.06	0.35	0.02	0.03
105N 0.97	0.81	0.13	0.22	0.18	0.12	0.31	0.09	0.50	0.22	0.49	0.21	0.63	0.25	0.15	0.15	0.78	0.96	1.00	0.03	0.09
106N 0.97	0.00	0.00	0.00	0.00	0.00	0.00	0.00	0.00	0.00	0.00	0.00	1.00	0.00	0.00	0.00	0.00	0.00	0.00	0.00	0.00
107I 0.97	0.06	0.01	0.01	0.01	0.05	0.12	0.00	1.00	0.01	0.56	0.05	0.01	0.01	0.01	0.01	0.01	0.03	0.76	0.01	0.02
108F 0.97	0.02	0.00	0.00	0.00	0.88	0.00	0.00	0.13	0.01	1.00	0.06	0.00	0.01	0.01	0.01	0.01	0.01	0.05	0.01	0.02
109S 1.00	1.00	0.00	0.00	0.00	0.00	0.02	0.00	0.00	0.00	0.00	0.00	0.00	0.01	0.00	0.00	0.36	0.01	0.01	0.00	0.00
110I 1.00	0.05	0.00	0.00	0.00	0.30	0.00	0.00	1.00	0.00	0.05	0.01	0.00	0.00	0.00	0.00	0.00	0.01	0.38	0.00	0.00
111V 1.00	0.37	0.04	0.01	0.03	0.03	0.00	0.01	0.48	0.03	0.54	0.05	0.02	0.04	0.02	0.02	0.21	0.34	1.00	0.00	0.01
112P 1.00	1.00	0.08	0.06	0.07	0.03	0.73	0.01	0.03	0.08	0.07	0.04	0.05	0.52	0.05	0.05	0.56	0.14	0.13	0.01	0.02
113A 1.00	1.00	0.01	0.01	0.01	0.00	0.50	0.00	0.00	0.01	0.01	0.00	0.00	0.02	0.00	0.00	0.03	0.01	0.01	0.00	0.00
114I 1.00	0.43	0.37	0.01	0.04	0.03	0.00	0.01	0.80	0.04	0.50	0.06	0.02	0.06	0.03	0.02	0.09	0.24	1.00	0.01	0.01
115L 1.00	0.00	0.00	0.00	0.00	0.10	0.00	0.00	0.02	0.00	1.00	0.01	0.00	0.00	0.00	0.00	0.00	0.00	0.01	0.00	0.01
116M 1.00	0.00	0.00	0.00	0.00	0.00	0.00	0.00	0.00	0.00	0.00	1.00	0.00	0.00	0.00	0.00	0.00	0.00	0.00	0.00	0.00
117G 1.00	0.20	0.00	0.00	0.00	0.00	1.00	0.00	0.00	0.00	0.00	0.00	0.00	0.01	0.00	0.00	0.02	0.01	0.00	0.00	0.00
118C 1.00	0.36	0.20	0.03	0.07	0.36	0.03	0.05	0.60	0.07	1.00	0.22	0.05	0.09	0.07	0.06	0.08	0.27	0.91	0.03	0.09
119S 1.00	0.39	0.19	0.01	0.02	0.01	0.09	0.00	0.01	0.02	0.02	0.01	0.01	0.04	0.01	0.01	1.00	0.04	0.03	0.00	0.01
120R 1.00	0.10	0.01	0.12	0.18	0.01	0.05	0.02	0.03	1.00	0.18	0.01	0.17	0.04	0.14	0.14	0.09	0.08	0.04	0.00	0.01
121V 1.00	0.42	0.05	0.01	0.03	0.04	0.00	0.01	0.73	0.04	0.57	0.11	0.02	0.05	0.22	0.02	0.03	0.22	1.00	0.01	0.01
122A 1.00	1.00	0.00	0.00	0.00	0.00	0.15	0.00	0.00	0.00	0.00	0.00	0.00	0.01	0.00	0.00	0.02	0.01	0.04	0.00	0.00
123T 1.00	0.51	0.03	0.30	0.65	0.02	0.33	0.06	0.09	1.00	0.19	0.05	0.24	0.13	0.37	0.47	0.35	0.32	0.14	0.01	0.02
124S 1.00	0.43	0.01	0.00	0.00	0.00	0.03	0.00	0.00	0.01	0.01	0.00	0.00	0.01	0.00	0.00	1.00	0.01	0.01	0.00	0.00
125F 1.00	0.01	0.00	0.00	0.00	1.00	0.00	0.00	0.02	0.00	0.04	0.01	0.00	0.00	0.00	0.00	0.01	0.01	0.31	0.04	0.34
pos	A	C	D	E	F	G	H	I	K	L	M	N	P	Q	R	S	T	V	W	Y
126E 1.00	0.00	0.00	0.00	1.00	0.00	0.00	0.00	0.00	0.00	0.00	0.00	0.00	0.00	0.00	0.00	0.00	0.00	0.00	0.00	0.00
127L 1.00	0.01	0.00	0.00	0.00	0.01	0.00	0.00	0.16	0.00	0.47	1.00	0.00	0.00	0.00	0.00	0.00	0.00	0.02	0.00	0.00
128I 1.00	0.01	0.00	0.00	0.00	0.02	0.00	0.00	0.62	0.00	1.00	0.02	0.00	0.00	0.00	0.00	0.00	0.00	0.03	0.00	0.00
129I 1.00	0.00	0.00	0.00	0.00	0.00	0.00	0.00	1.00	0.00	0.01	0.00	0.00	0.00	0.00	0.00	0.00	0.00	0.12	0.00	0.00
130I 1.00	0.07	0.00	0.00	0.00	0.15	0.00	0.00	0.40	0.01	1.00	0.03	0.00	0.01	0.00	0.00	0.00	0.01	0.40	0.00	0.01
131S 1.00	0.18	0.01	0.01	0.01	0.00	1.00	0.00	0.00	0.01	0.01	0.00	0.01	0.02	0.01	0.01	0.56	0.01	0.01	0.00	0.00
132R 1.00	0.00	0.00	0.00	0.00	0.00	0.00	0.00	0.00	0.00	0.00	0.00	0.00	0.00	0.00	1.00	0.00	0.00	0.00	0.00	0.00
133L 1.00	0.04	0.01	0.00	0.01	0.69	0.01	0.01	0.18	0.01	1.00	0.10	0.01	0.01	0.02	0.01	0.01	0.02	0.39	0.02	0.03
134L 1.00	0.01	0.00	0.00	0.00	0.08	0.00	0.00	1.00	0.00	0.95	0.02	0.00	0.00	0.00	0.00	0.00	0.01	0.39	0.00	0.01
135V 1.00	0.01	0.00	0.00	0.00	0.01	0.00	0.00	1.00	0.00	0.20	0.21	0.00	0.00	0.00	0.00	0.00	0.01	0.66	0.00	0.00
136G 1.00	0.00	0.00	0.00	0.00	0.00	1.00	0.00	0.00	0.00	0.00	0.00	0.00	0.00	0.00	0.00	0.00	0.00	0.00	0.00	0.00
137I 1.00	0.22	0.01	0.00	0.00	0.01	0.00	0.00	1.00	0.01	0.43	0.02	0.00	0.01	0.00	0.00	0.01	0.02	0.56	0.00	0.01
138C 1.00	0.16	0.08	0.09	0.08	1.00	0.10	0.12	0.16	0.07	0.33	0.09	0.10	0.06	0.07	0.08	0.13	0.11	0.18	0.22	0.95
139A 1.00	1.00	0.63	0.03	0.03	0.01	0.37	0.01	0.01	0.03	0.03	0.01	0.02	0.08	0.02	0.02	0.40	0.06	0.05	0.00	0.01
140G 1.00	0.00	0.00	0.00	0.00	0.00	1.00	0.00	0.00	0.00	0.00	0.00	0.00	0.00	0.00	0.00	0.00	0.00	0.00	0.00	0.00
141V 1.00	0.01	0.00	0.00	0.00	0.01	0.00	0.00	0.50	0.00	1.00	0.01	0.00	0.00	0.00	0.00	0.00	0.01	0.32	0.00	0.00
142S 1.00	0.52	0.35	0.07	0.05	0.02	0.13	0.02	0.05	0.07	0.05	0.03	0.11	0.11	0.05	0.04	1.00	1.00	0.10	0.01	0.02
143S 1.00	0.19	0.04	0.08	0.06	0.06	0.06	0.04	0.07	0.08	0.15	0.04	0.14	0.09	0.06	0.06	0.80	1.00	0.10	0.02	0.14
144N 1.00	0.03	0.01	0.09	0.03	0.00	1.00	0.02	0.00	0.03	0.01	0.00	0.60	0.02	0.02	0.01	0.51	0.02	0.01	0.00	0.01
145V 1.00	0.37	0.06	0.02	0.05	0.38	0.01	0.02	0.39	0.05	0.46	0.10	0.03	0.07	0.04	0.03	0.05	0.25	1.00	0.01	0.03
146V 1.00	0.01	0.00	0.00	0.00	0.01	0.00	0.00	0.04	0.00	0.35	0.01	0.00	0.00	0.00	0.00	0.00	0.01	1.00	0.00	0.00
147P 1.00	0.00	0.00	0.00	0.00	0.00	0.00	0.00	0.00	0.00	0.00	0.00	0.00	1.00	0.00	0.00	0.00	0.00	0.00	0.00	0.00
148M 1.00	0.00	0.00	0.00	0.00	0.00	0.00	0.00	0.00	0.00	0.00	1.00	0.00	0.00	0.00	0.00	0.00	0.00	0.00	0.00	0.00
149Y 1.00	0.00	0.00	0.00	0.00	0.00	0.00	0.00	0.00	0.00	0.00	0.00	0.00	0.00	0.00	0.00	0.00	0.00	0.00	0.00	1.00
150L 1.00	0.01	0.00	0.00	0.00	0.02	0.00	0.00	0.57	0.00	1.00	0.02	0.00	0.00	0.00	0.00	0.00	0.01	0.65	0.00	0.01
pos	A	C	D	E	F	G	H	I	K	L	M	N	P	Q	R	S	T	V	W	Y
151G 1.00	0.03	0.00	0.01	0.00	0.00	1.00	0.00	0.00	0.00	0.00	0.00	0.01	0.01	0.00	0.00	0.19	0.01	0.00	0.00	0.00
152E 1.00	0.00	0.00	0.00	1.00	0.00	0.00	0.00	0.00	0.00	0.00	0.00	0.00	0.00	0.00	0.00	0.00	0.00	0.00	0.00	0.00
153L 1.00	0.01	0.00	0.00	0.00	0.02	0.01	0.00	1.00	0.01	0.95	0.02	0.00	0.00	0.00	0.00	0.01	0.02	0.77	0.00	0.01
154A 1.00	0.93	0.01	0.01	0.01	0.00	0.06	0.00	0.00	0.01	0.01	0.00	0.01	0.03	0.01	0.01	1.00	0.02	0.02	0.00	0.00
155P 1.00	0.00	0.00	0.00	0.00	0.00	0.00	0.00	0.00	0.00	0.00	0.00	0.00	1.00	0.00	0.00	0.00	0.00	0.00	0.00	0.00
156K 1.00	0.10	0.01	0.04	0.12	0.02	0.06	0.06	0.04	1.00	0.07	0.03	0.09	0.07	0.22	0.38	0.13	0.76	0.05	0.01	0.03
157N 1.00	0.47	0.04	0.76	0.58	0.04	0.49	0.22	0.04	0.32	0.08	0.03	1.00	0.16	0.23	0.16	0.47	0.24	0.07	0.02	0.09
158L 1.00	0.01	0.00	0.00	0.00	0.02	0.00	0.00	0.15	0.00	1.00	0.02	0.00	0.00	0.00	0.00	0.00	0.00	0.02	0.07	0.00
159R 1.00	0.00	0.00	0.00	0.00	0.00	0.00	0.00	0.00	0.00	0.00	0.00	0.00	0.00	0.00	1.00	0.00	0.00	0.00	0.00	0.00
160G 1.00	0.00	0.00	0.00	0.00	0.00	1.00	0.00	0.00	0.00	0.00	0.00	0.00	0.00	0.00	0.00	0.00	0.00	0.00	0.00	0.00
161A 1.00	1.00	0.01	0.01	0.01	0.00	0.04	0.00	0.00	0.01	0.01	0.10	0.00	0.02	0.00	0.00	0.16	0.01	0.01	0.00	0.00
162L 1.00	0.01	0.00	0.00	0.00	0.31	0.00	0.00	0.05	0.00	1.00	0.03	0.00	0.00	0.00	0.00	0.00	0.01	0.13	0.00	0.01
163G 1.00	0.00	0.00	0.00	0.00	0.00	1.00	0.00	0.00	0.00	0.00	0.00	0.00	0.00	0.00	0.00	0.00	0.00	0.00	0.00	0.00
164V 1.00	0.08	0.02	0.01	0.02	0.01	0.01	0.01	0.07	0.02	0.05	0.02	0.02	0.02	0.17	0.01	0.07	1.00	0.51	0.00	0.00
165V 1.00	0.03	0.01	0.00	0.08	0.11	0.01	0.01	0.15	0.01	1.00	0.20	0.01	0.01	0.01	0.01	0.01	0.02	0.57	0.01	0.01
166P 1.00	0.21	0.05	0.28	0.11	0.03	0.20	0.19	0.06	0.14	0.06	0.03	0.63	0.27	0.10	0.08	0.73	1.00	0.09	0.02	0.05
167Q 1.00	0.17	0.00	0.06	0.28	0.00	0.01	0.01	0.00	0.03	0.01	0.00	0.01	0.01	1.00	0.01	0.01	0.01	0.01	0.00	0.00
168L 1.00	0.01	0.00	0.00	0.00	0.01	0.00	0.00	0.19	0.00	1.00	0.01	0.00	0.00	0.00	0.00	0.00	0.00	0.21	0.00	0.00
169F 1.00	1.00	0.10	0.09	0.09	0.08	0.56	0.02	0.05	0.10	0.11	0.05	0.08	0.24	0.07	0.07	0.49	0.17	0.16	0.02	0.05
170I 1.00	0.00	0.00	0.00	0.00	0.00	0.00	0.00	1.00	0.00	0.01	0.00	0.00	0.00	0.00	0.00	0.00	0.00	0.18	0.00	0.00
171T 1.00	0.09	0.19	0.00	0.01	0.01	0.00	0.00	0.34	0.01	0.08	0.02	0.01	0.02	0.01	0.01	0.02	0.47	1.00	0.00	0.00
172V 1.00	0.01	0.00	0.00	0.00	0.01	0.00	0.00	0.83	0.00	0.20	0.01	0.00	0.00	0.00	0.00	0.00	0.06	1.00	0.00	0.00
173G 1.00	0.00	0.00	0.00	0.00	0.00	1.00	0.00	0.00	0.00	0.00	0.00	0.00	0.00	0.00	0.00	0.00	0.00	0.00	0.00	0.00
174I 1.00	0.00	0.00	0.00	0.00	0.00	0.00	0.00	1.00	0.00	0.02	0.00	0.00	0.00	0.00	0.00	0.00	0.00	0.35	0.00	0.00
175L 1.00	0.01	0.00	0.00	0.00	0.24	0.00	0.00	0.03	0.00	1.00	0.02	0.00	0.00	0.00	0.00	0.00	0.00	0.01	0.00	0.01
pos	A	C	D	E	F	G	H	I	K	L	M	N	P	Q	R	S	T	V	W	Y
176V 1.00	0.01	0.00	0.00	0.00	0.01	0.00	0.00	0.47	0.00	0.26	0.01	0.00	0.00	0.00	0.00	0.00	0.19	1.00	0.00	0.00
177A 1.00	1.00	0.00	0.00	0.00	0.00	0.14	0.00	0.00	0.00	0.00	0.00	0.00	0.01	0.00	0.00	0.02	0.01	0.01	0.00	0.00
178Q 1.00	0.00	0.00	0.00	0.00	0.00	0.00	0.00	0.00	0.00	0.00	0.00	0.00	0.00	1.00	0.00	0.00	0.00	0.00	0.00	0.00
179I 1.00	0.00	0.00	0.00	0.00	0.01	0.00	0.00	1.00	0.00	0.36	0.01	0.00	0.00	0.00	0.00	0.00	0.01	0.61	0.00	0.00
180F 1.00	0.01	0.00	0.00	0.00	1.00	0.00	0.00	0.03	0.00	0.39	0.02	0.00	0.00	0.00	0.00	0.00	0.00	0.07	0.00	0.01
181G 1.00	0.03	0.00	0.01	0.00	0.00	1.00	0.00	0.00	0.00	0.00	0.00	0.01	0.01	0.00	0.00	0.16	0.01	0.00	0.00	0.00
182L 1.00	0.00	0.00	0.00	0.00	0.00	0.00	0.00	0.00	0.00	1.00	0.00	0.00	0.00	0.00	0.00	0.00	0.00	0.00	0.00	0.00
183R 1.00	0.29	0.01	0.58	1.00	0.02	0.13	0.06	0.06	0.41	0.10	0.04	0.16	0.20	0.37	0.33	0.22	0.18	0.09	0.01	0.03
184N 1.00	0.77	0.12	0.42	0.75	0.45	0.40	0.32	0.29	0.62	0.52	0.16	0.43	0.25	0.45	0.44	1.00	0.49	0.45	0.10	0.50
185L 1.00	0.01	0.00	0.00	0.00	0.02	0.00	0.00	1.00	0.00	0.60	0.15	0.00	0.00	0.00	0.00	0.00	0.01	0.12	0.00	0.00
186L 1.00	0.01	0.00	0.00	0.00	0.02	0.00	0.00	0.03	0.00	1.00	0.30	0.00	0.00	0.00	0.08	0.00	0.00	0.02	0.00	0.00
187A 1.00	0.33	0.01	0.01	0.01	0.00	1.00	0.00	0.00	0.01	0.01	0.00	0.01	0.01	0.08	0.00	0.03	0.01	0.01	0.00	0.00
188N 1.00	0.12	0.02	0.12	0.09	0.01	0.08	0.03	0.04	0.35	0.04	0.02	1.00	0.06	0.19	0.08	0.64	0.90	0.05	0.01	0.02
189V 0.97	0.33	0.01	0.30	1.00	0.01	0.07	0.03	0.03	0.20	0.05	0.02	0.09	0.15	0.20	0.08	0.12	0.10	0.08	0.01	0.01
190D 1.00	0.50	0.02	0.59	1.00	0.02	0.18	0.06	0.08	0.50	0.14	0.05	0.23	0.14	0.29	0.23	0.54	0.43	0.13	0.01	0.02
191G 1.00	1.00	0.11	0.16	0.14	0.17	0.56	0.05	0.28	0.18	0.79	0.20	0.18	0.27	0.12	0.14	0.63	0.39	0.30	0.03	0.07
192W 1.00	0.00	0.00	0.00	0.00	0.00	0.00	0.00	0.00	0.00	0.00	0.00	0.00	0.00	0.00	0.00	0.00	0.00	0.00	1.00	0.00
193P 1.00	0.00	0.00	0.00	0.00	0.00	0.00	0.00	0.00	0.00	0.00	0.00	0.00	1.00	0.00	0.00	0.00	0.00	0.00	0.00	0.00
194I 1.00	0.03	0.01	0.01	0.01	0.05	0.10	0.00	1.00	0.01	0.87	0.04	0.01	0.01	0.01	0.01	0.01	0.03	0.77	0.01	0.20
195L 1.00	0.00	0.00	0.00	0.00	0.00	0.00	0.00	0.00	0.00	1.00	0.00	0.00	0.00	0.00	0.00	0.00	0.00	0.00	0.00	0.00
196L 1.00	0.00	0.00	0.00	0.00	0.13	0.00	0.00	0.02	0.00	1.00	0.01	0.00	0.00	0.00	0.00	0.00	0.00	0.01	0.00	0.01
197G 1.00	0.32	0.01	0.00	0.00	0.00	1.00	0.00	0.00	0.01	0.00	0.00	0.00	0.01	0.00	0.00	0.22	0.01	0.01	0.00	0.00
198L 1.00	0.02	0.00	0.00	0.00	0.35	0.00	0.00	0.28	0.01	1.00	0.04	0.00	0.01	0.01	0.01	0.01	0.01	0.49	0.00	0.01
199T 1.00	0.08	0.02	0.02	0.02	0.02	0.01	0.01	0.40	0.02	0.07	0.02	0.03	0.03	0.02	0.01	0.10	1.00	0.13	0.00	0.01
200G 1.00	0.09	0.02	0.02	0.02	0.10	0.05	0.02	1.00	0.03	0.41	0.08	0.02	0.02	0.02	0.03	0.05	0.07	0.95	0.01	0.06
pos	A	C	D	E	F	G	H	I	K	L	M	N	P	Q	R	S	T	V	W	Y
201V 1.00	0.01	0.00	0.00	0.00	0.02	0.10	0.00	0.78	0.01	0.48	0.02	0.00	0.00	0.00	0.00	0.01	0.01	1.00	0.00	0.01
202P 1.00	0.00	0.00	0.00	0.00	0.00	0.00	0.00	0.00	0.00	0.00	0.00	0.00	1.00	0.00	0.00	0.00	0.00	0.00	0.00	0.00
203A 1.00	1.00	0.00	0.00	0.00	0.00	0.01	0.00	0.00	0.00	0.00	0.00	0.00	0.01	0.00	0.00	0.01	0.03	0.01	0.00	0.00
204A 1.00	0.15	0.01	0.01	0.01	0.07	0.08	0.00	0.96	0.02	0.66	0.07	0.01	0.01	0.01	0.02	0.02	0.04	1.00	0.01	0.03
205L 1.00	0.09	0.00	0.00	0.00	0.01	0.00	0.00	0.17	0.00	1.00	0.02	0.00	0.00	0.00	0.00	0.00	0.01	0.20	0.00	0.00
206Q 1.00	0.09	0.00	0.01	0.01	0.00	0.02	0.00	0.00	0.01	0.01	0.00	0.01	0.01	1.00	0.01	0.02	0.01	0.01	0.00	0.00
207L 0.97	0.12	0.17	0.01	0.02	0.13	0.04	0.01	0.24	0.03	1.00	0.17	0.02	0.04	0.03	0.02	0.14	0.07	0.17	0.02	0.02
208L 0.97	0.38	0.02	0.01	0.02	0.04	0.01	0.00	0.57	0.02	1.00	0.06	0.01	0.02	0.01	0.01	0.02	0.06	0.52	0.01	0.01
209L 1.00	0.65	0.17	0.10	0.16	0.34	0.13	0.22	0.54	0.17	0.68	0.17	0.15	0.16	0.16	0.16	0.29	0.45	1.00	0.08	0.39
210L 1.00	0.01	0.00	0.00	0.00	0.01	0.01	0.00	0.03	0.00	1.00	0.02	0.00	0.06	0.00	0.00	0.00	0.00	0.02	0.00	0.00
211P 1.00	0.02	0.00	0.00	0.00	0.01	0.02	0.00	0.01	0.01	0.06	0.01	0.00	1.00	0.00	0.01	0.01	0.01	0.01	0.00	0.00
212F 1.00	0.00	0.03	0.00	0.00	1.00	0.00	0.00	0.01	0.00	0.08	0.01	0.00	0.00	0.00	0.00	0.00	0.00	0.01	0.01	0.02
213F 1.00	0.20	0.29	0.02	0.03	0.54	0.06	0.03	0.35	0.04	1.00	0.21	0.03	0.06	0.05	0.04	0.07	0.09	0.28	0.06	0.18
214P 1.00	0.00	0.00	0.00	0.00	0.00	0.00	0.00	0.00	0.00	0.00	0.00	0.00	1.00	0.00	0.00	0.00	0.00	0.00	0.00	0.00
215E 1.00	0.01	0.00	0.14	1.00	0.00	0.00	0.00	0.00	0.01	0.00	0.00	0.00	0.00	0.01	0.00	0.00	0.00	0.00	0.00	0.00
216S 1.00	0.00	0.00	0.00	0.00	0.00	0.00	0.00	0.00	0.00	0.00	0.00	0.00	0.00	0.00	0.00	1.00	0.00	0.00	0.00	0.00
217P 1.00	0.00	0.00	0.00	0.00	0.00	0.00	0.00	0.00	0.00	0.00	0.00	0.00	1.00	0.00	0.00	0.00	0.00	0.00	0.00	0.00
218R 1.00	0.00	0.00	0.00	0.00	0.00	0.00	0.00	0.00	0.00	0.00	0.00	0.00	0.00	0.00	1.00	0.00	0.00	0.00	0.00	0.00
219Y 1.00	0.00	0.00	0.00	0.00	0.66	0.00	0.00	0.01	0.00	0.02	0.00	0.00	0.00	0.00	0.00	0.00	0.00	0.01	0.01	1.00
220L 1.00	0.03	0.00	0.01	0.01	0.01	0.01	0.00	0.02	0.01	1.00	0.01	0.01	0.01	0.01	0.01	0.14	0.11	0.02	0.00	0.00
221L 1.00	0.00	0.00	0.00	0.00	0.04	0.00	0.00	0.01	0.00	1.00	0.01	0.00	0.00	0.00	0.00	0.00	0.00	0.01	0.01	0.15
222I 1.00	0.00	0.00	0.00	0.00	0.01	0.00	0.00	1.00	0.00	0.16	0.01	0.00	0.00	0.00	0.00	0.00	0.00	0.02	0.00	0.00
223Q 0.97	0.23	0.01	0.52	1.00	0.03	0.15	0.08	0.11	0.34	0.08	0.03	0.42	0.13	0.44	0.18	0.18	0.15	0.08	0.01	0.04
224K 1.00	0.02	0.00	0.00	0.02	0.00	0.11	0.02	0.01	1.00	0.02	0.01	0.02	0.01	0.09	0.80	0.01	0.02	0.01	0.00	0.01
225K 1.00	0.15	0.01	0.08	0.20	0.03	0.21	0.14	0.05	1.00	0.11	0.07	0.38	0.09	0.30	0.58	0.13	0.14	0.07	0.02	0.05
pos	A	C	D	E	F	G	H	I	K	L	M	N	P	Q	R	S	T	V	W	Y
226D 1.00	0.14	0.01	0.62	1.00	0.01	0.09	0.04	0.02	0.18	0.13	0.01	0.25	0.08	0.17	0.06	0.11	0.08	0.04	0.01	0.02
227E 1.00	0.06	0.00	0.03	1.00	0.00	0.01	0.00	0.00	0.01	0.00	0.00	0.01	0.07	0.02	0.00	0.01	0.01	0.00	0.00	0.00
228A 1.00	0.75	0.05	0.70	1.00	0.05	0.45	0.14	0.17	0.86	0.27	0.10	0.61	0.27	0.55	0.49	0.72	0.53	0.26	0.02	0.05
229A 1.00	0.80	0.07	0.60	0.98	0.06	0.38	0.13	0.19	1.00	0.31	0.11	0.51	0.30	0.61	0.64	0.72	0.61	0.28	0.02	0.05
230A 1.00	1.00	0.00	0.00	0.01	0.00	0.02	0.00	0.00	0.01	0.01	0.00	0.00	0.01	0.00	0.07	0.02	0.01	0.01	0.00	0.00
231K 1.00	0.11	0.01	0.06	0.26	0.01	0.06	0.05	0.03	1.00	0.07	0.02	0.08	0.06	0.30	0.67	0.10	0.21	0.22	0.01	0.02
232K 1.00	0.15	0.01	0.12	0.47	0.01	0.07	0.03	0.04	1.00	0.06	0.02	0.18	0.05	0.52	0.34	0.59	0.20	0.06	0.00	0.01
233A 1.00	1.00	0.06	0.02	0.04	0.03	0.04	0.01	0.58	0.04	0.20	0.06	0.02	0.07	0.03	0.03	0.23	0.19	0.88	0.01	0.01
234L 1.00	0.00	0.00	0.00	0.00	0.13	0.00	0.00	0.02	0.00	1.00	0.01	0.00	0.00	0.00	0.00	0.00	0.00	0.01	0.00	0.01
235Q 1.00	0.02	0.00	0.00	0.03	0.00	0.01	0.02	0.01	0.73	0.02	0.01	0.02	0.02	1.00	0.49	0.02	0.02	0.01	0.00	0.01
236T 1.00	0.04	0.01	0.01	0.05	0.01	0.03	0.03	0.02	0.53	0.04	0.01	0.04	0.03	0.08	1.00	0.15	0.41	0.02	0.01	0.02
237L 1.00	0.00	0.00	0.00	0.00	0.13	0.00	0.00	0.06	0.00	1.00	0.01	0.00	0.00	0.00	0.00	0.00	0.00	0.01	0.00	0.00
238R 1.00	0.23	0.04	0.05	0.21	0.12	0.13	0.15	0.21	0.95	0.55	0.13	0.17	0.14	0.34	1.00	0.22	0.33	0.20	0.10	0.12
239G 1.00	0.00	0.00	0.00	0.00	0.00	1.00	0.00	0.00	0.00	0.00	0.00	0.00	0.00	0.00	0.00	0.00	0.00	0.00	0.00	0.00
240W 1.00	0.23	0.04	0.14	0.26	0.11	0.19	0.21	0.11	1.00	0.21	0.07	0.26	0.15	0.38	0.82	0.27	0.37	0.14	0.11	0.17
241D 1.00	0.83	0.05	0.65	1.00	0.05	0.37	0.14	0.18	0.93	0.30	0.10	0.50	0.28	0.61	0.51	0.73	0.59	0.28	0.02	0.04
242S 1.00	0.01	0.00	1.00	0.01	0.00	0.02	0.01	0.00	0.01	0.00	0.00	0.08	0.00	0.00	0.00	0.12	0.01	0.00	0.00	0.00
243V 1.00	0.01	0.00	0.00	0.00	0.00	0.00	0.00	0.02	0.00	0.02	0.09	0.00	0.00	0.00	0.00	0.00	0.01	1.00	0.00	0.00
244D 1.00	0.52	0.04	0.70	0.79	0.04	0.23	0.14	0.15	0.55	0.19	0.07	0.30	0.17	0.35	0.31	1.00	0.56	0.22	0.01	0.04
245R 1.00	0.90	0.06	0.65	1.00	0.06	0.39	0.14	0.19	0.91	0.33	0.13	0.48	0.27	0.77	0.69	0.74	0.56	0.29	0.02	0.06
246E 1.00	0.12	0.00	0.57	1.00	0.00	0.02	0.01	0.01	0.05	0.01	0.00	0.02	0.03	0.06	0.01	0.03	0.02	0.09	0.00	0.01
247V 1.00	0.01	0.00	0.00	0.00	0.03	0.00	0.00	0.74	0.00	1.00	0.36	0.00	0.00	0.00	0.00	0.00	0.01	0.42	0.00	0.01
248A 1.00	0.29	0.00	0.13	1.00	0.01	0.03	0.01	0.01	0.06	0.01	0.01	0.02	0.03	0.61	0.02	0.09	0.03	0.02	0.00	0.01
249E 1.00	0.01	0.00	0.10	1.00	0.00	0.00	0.00	0.00	0.01	0.00	0.00	0.00	0.00	0.01	0.00	0.00	0.00	0.00	0.00	0.00
250I 1.00	0.01	0.00	0.00	0.00	0.02	0.00	0.00	0.61	0.00	0.32	1.00	0.00	0.00	0.00	0.00	0.00	0.01	0.31	0.00	0.00
pos	A	C	D	E	F	G	H	I	K	L	M	N	P	Q	R	S	T	V	W	Y
251R 0.97	0.04	0.00	0.01	0.06	0.01	0.03	0.04	0.02	1.00	0.21	0.01	0.04	0.03	0.15	0.67	0.04	0.05	0.02	0.01	0.02
252Q 1.00	0.70	0.03	0.74	1.00	0.03	0.22	0.07	0.11	0.64	0.22	0.06	0.29	0.16	0.39	0.38	0.42	0.40	0.17	0.01	0.02
253E 1.00	0.00	0.00	0.00	1.00	0.00	0.00	0.00	0.00	0.00	0.00	0.00	0.00	0.00	0.00	0.00	0.00	0.00	0.00	0.00	0.00
254D 1.00	0.42	0.02	0.74	0.54	0.02	0.24	0.06	0.06	0.50	0.10	0.04	0.24	0.11	0.23	0.18	1.00	0.20	0.10	0.01	0.02
255E 1.00	0.45	0.04	0.08	0.45	0.05	0.06	0.04	0.23	0.18	0.18	0.12	0.07	0.07	0.10	1.00	0.11	0.18	0.43	0.01	0.04
256A 1.00	0.50	0.03	0.21	0.43	0.04	0.18	0.12	0.11	1.00	0.20	0.07	0.24	0.16	0.48	0.80	0.30	0.31	0.22	0.02	0.06
257E 1.00	0.36	0.03	0.48	1.00	0.13	0.13	0.08	0.26	0.34	0.63	0.20	0.13	0.16	0.32	0.18	0.19	0.19	0.27	0.03	0.07
258K 1.00	0.43	0.03	0.31	0.73	0.03	0.20	0.08	0.10	1.00	0.17	0.37	0.26	0.15	0.43	0.87	0.76	0.30	0.15	0.01	0.03
259A 1.00	1.00	0.08	0.16	0.32	0.05	0.45	0.12	0.09	0.85	0.19	0.07	0.22	0.26	0.45	0.83	0.57	0.35	0.19	0.03	0.08
260A 1.00	0.62	0.09	0.08	0.50	0.05	0.04	0.02	0.52	0.10	0.33	0.10	0.05	0.12	0.08	0.05	0.10	0.33	1.00	0.01	0.02
261G 1.00	0.14	0.01	0.04	0.17	0.03	0.30	0.11	0.05	1.00	0.12	0.04	0.13	0.10	0.28	0.79	0.11	0.13	0.07	0.02	0.05
262F 1.00	0.58	0.18	0.24	0.38	0.70	0.37	0.58	0.42	0.68	0.71	0.24	0.37	0.25	0.43	0.66	0.46	0.46	0.53	0.19	1.00
263I 1.00	0.08	0.00	0.00	0.00	0.01	0.00	0.00	0.46	0.00	0.43	0.06	0.00	0.00	0.00	0.00	0.00	0.01	1.00	0.00	0.00
264S 1.00	0.01	0.00	0.01	0.00	0.00	0.00	0.00	0.00	0.01	0.00	0.00	0.01	0.01	0.00	0.00	1.00	0.66	0.01	0.00	0.00
265V 1.00	0.00	0.00	0.00	0.00	0.00	0.00	0.00	0.27	0.00	0.17	0.00	0.00	0.00	0.00	0.00	0.00	0.00	1.00	0.00	0.00
266L 1.00	0.01	0.00	0.00	0.00	0.02	0.00	0.00	0.05	0.00	1.00	0.06	0.00	0.00	0.01	0.06	0.00	0.01	0.02	0.08	0.00
267K 1.00	0.21	0.01	0.10	1.00	0.01	0.06	0.16	0.03	0.43	0.04	0.02	0.15	0.04	0.28	0.08	0.10	0.14	0.04	0.00	0.01
268L 1.00	0.00	0.00	0.00	0.00	0.01	0.00	0.00	0.01	0.00	1.00	0.04	0.00	0.00	0.00	0.00	0.00	0.00	0.01	0.00	0.00
269F 1.00	0.03	0.19	0.00	0.01	1.00	0.01	0.00	0.11	0.01	0.61	0.07	0.01	0.01	0.01	0.01	0.01	0.02	0.07	0.03	0.10
270R 1.00	0.32	0.02	0.05	0.15	0.02	0.22	0.07	0.04	0.64	0.09	0.03	0.10	0.09	0.20	1.00	0.14	0.21	0.07	0.01	0.04
271M 1.00	0.29	0.07	0.04	0.07	0.25	0.07	0.09	0.46	0.08	1.00	0.25	0.07	0.08	0.08	0.08	0.13	0.18	0.51	0.04	0.16
272R 1.00	0.31	0.03	0.15	0.34	0.06	0.19	0.16	0.09	1.00	0.19	0.07	0.22	0.25	0.41	0.92	0.28	0.25	0.13	0.03	0.10
273S 1.00	0.56	0.08	0.19	0.24	0.24	0.29	0.20	0.17	0.25	0.27	0.14	0.37	0.21	0.19	0.20	1.00	0.61	0.23	0.07	0.50
274L 1.00	0.22	0.07	0.08	0.11	0.32	0.13	0.32	0.27	0.12	1.00	0.16	0.12	0.09	0.12	0.14	0.16	0.16	0.38	0.08	0.77
275R 1.00	0.11	0.01	0.00	0.01	0.04	0.02	0.01	0.02	0.04	0.03	0.01	0.01	0.01	0.01	1.00	0.02	0.02	0.07	0.00	0.01
pos	A	C	D	E	F	G	H	I	K	L	M	N	P	Q	R	S	T	V	W	Y
276W 1.00	0.12	0.04	0.11	0.12	0.04	0.19	0.05	0.05	0.18	0.12	0.03	0.09	0.12	1.00	0.16	0.09	0.08	0.06	0.96	0.04
277Q 1.00	1.00	0.11	0.62	0.85	0.11	0.89	0.18	0.15	0.77	0.32	0.09	0.39	0.76	0.65	0.58	0.64	0.40	0.27	0.08	0.12
278L 1.00	0.01	0.00	0.00	0.00	0.02	0.00	0.00	0.85	0.00	1.00	0.02	0.00	0.00	0.00	0.00	0.00	0.01	0.60	0.00	0.01
279L 1.00	0.01	0.00	0.00	0.00	0.01	0.00	0.00	1.00	0.00	0.61	0.01	0.00	0.00	0.00	0.00	0.00	0.01	0.33	0.00	0.00
280S 1.00	0.24	0.05	0.09	0.06	0.03	0.07	0.03	0.35	0.09	0.08	0.04	0.16	0.11	0.07	0.06	0.91	1.00	0.16	0.01	0.03
281I 1.00	0.54	0.08	0.02	0.06	0.05	0.01	0.02	0.59	0.06	0.29	0.11	0.03	0.09	0.05	0.04	0.20	0.33	1.00	0.01	0.02
282I 1.00	0.00	0.00	0.00	0.00	0.00	0.00	0.00	1.00	0.00	0.02	0.00	0.00	0.00	0.00	0.00	0.00	0.00	0.56	0.00	0.00
283V 1.00	0.04	0.01	0.00	0.01	0.00	0.00	0.00	0.08	0.01	0.03	0.08	0.00	0.07	0.00	0.00	0.01	0.07	1.00	0.00	0.00
284L 1.00	0.01	0.00	0.00	0.00	0.01	0.00	0.00	0.02	0.00	1.00	0.01	0.00	0.00	0.00	0.00	0.00	0.12	0.02	0.00	0.00
285M 1.00	0.13	0.02	0.05	0.08	0.07	0.07	0.03	0.14	0.13	0.40	1.00	0.04	0.05	0.96	0.11	0.07	0.07	0.11	0.01	0.02
286G 0.97	1.00	0.08	0.06	0.08	0.05	0.48	0.02	0.07	0.08	0.38	0.06	0.06	0.20	0.06	0.06	0.41	0.14	0.15	0.01	0.03
287G 1.00	1.00	0.14	0.15	0.11	0.05	0.68	0.04	0.05	0.12	0.10	0.05	0.16	0.25	0.08	0.08	0.73	0.26	0.16	0.04	0.05
288Q 1.00	0.02	0.01	0.03	0.03	0.01	0.03	0.01	0.01	0.04	0.02	0.00	0.02	0.02	1.00	0.03	0.02	0.02	0.01	0.00	0.13
289Q 1.00	0.00	0.00	0.00	0.00	0.00	0.00	0.00	0.00	0.00	0.00	0.00	0.00	0.00	1.00	0.00	0.00	0.00	0.00	0.00	0.00
290L 1.00	0.00	0.00	0.00	0.00	0.03	0.00	0.00	0.01	0.00	1.00	0.01	0.00	0.00	0.00	0.00	0.00	0.00	0.01	0.00	0.00
291S 1.00	0.07	0.13	0.01	0.01	0.00	0.04	0.00	0.00	0.01	0.01	0.00	0.01	0.02	0.01	0.01	1.00	0.03	0.01	0.00	0.00
292G 1.00	0.00	0.00	0.00	0.00	0.00	1.00	0.00	0.00	0.00	0.00	0.00	0.00	0.00	0.00	0.00	0.00	0.00	0.00	0.00	0.00
293V 1.00	0.00	0.00	0.00	0.00	0.01	0.00	0.00	1.00	0.00	0.19	0.01	0.00	0.00	0.00	0.00	0.00	0.00	0.46	0.00	0.00
294N 1.00	0.00	0.00	0.00	0.00	0.00	0.00	0.00	0.00	0.00	0.00	0.00	1.00	0.00	0.00	0.00	0.00	0.00	0.00	0.00	0.00
295A 1.00	1.00	0.00	0.00	0.00	0.00	0.00	0.00	0.00	0.00	0.00	0.00	0.00	0.00	0.00	0.00	0.00	0.00	0.00	0.00	0.00
296I 1.00	0.00	0.00	0.00	0.00	0.00	0.00	0.00	0.73	0.00	0.03	0.00	0.00	0.00	0.00	0.00	0.00	0.00	1.00	0.00	0.00
297Y 1.00	0.08	0.03	0.04	0.04	1.00	0.06	0.09	0.06	0.05	0.11	0.04	0.29	0.03	0.05	0.06	0.07	0.06	0.08	0.23	0.63
298Y 1.00	0.00	0.00	0.00	0.00	0.16	0.00	0.00	0.00	0.00	0.01	0.00	0.00	0.00	0.00	0.00	0.00	0.00	0.00	0.01	1.00
299Y 1.00	0.00	0.00	0.00	0.00	0.00	0.00	0.00	0.00	0.00	0.00	0.00	0.00	0.00	0.00	0.00	0.00	0.00	0.00	0.00	1.00
300A 0.97	0.68	0.01	0.01	0.01	0.00	0.02	0.00	0.01	0.01	0.01	0.00	0.02	0.02	0.01	0.01	1.00	0.29	0.01	0.00	0.00
pos	A	C	D	E	F	G	H	I	K	L	M	N	P	Q	R	S	T	V	W	Y
301D 1.00	0.23	0.05	1.00	0.27	0.04	0.53	0.16	0.04	0.24	0.06	0.02	0.97	0.16	0.17	0.12	0.66	0.81	0.06	0.02	0.09
302Q 1.00	0.40	0.05	0.12	0.11	0.03	0.42	0.03	0.06	0.13	0.08	0.04	0.16	0.14	0.36	0.08	1.00	0.76	0.16	0.01	0.03
303I 1.00	0.00	0.00	0.00	0.00	0.00	0.00	0.00	1.00	0.00	0.00	0.00	0.00	0.00	0.00	0.00	0.00	0.00	0.00	0.00	0.00
304Y 1.00	0.00	0.00	0.00	0.00	1.00	0.00	0.00	0.01	0.00	0.02	0.00	0.00	0.00	0.00	0.00	0.00	0.00	0.01	0.01	0.66
305L 1.00	0.63	0.05	0.57	1.00	0.05	0.33	0.13	0.16	0.96	0.29	0.09	0.42	0.25	0.56	0.59	0.59	0.49	0.24	0.02	0.06
306S 1.00	0.40	0.03	0.56	0.52	0.03	0.21	0.08	0.10	0.88	0.20	0.06	0.28	0.15	0.32	0.37	1.00	0.42	0.15	0.01	0.03
307A 1.00	1.00	0.00	0.00	0.00	0.00	0.02	0.00	0.00	0.00	0.00	0.00	0.00	0.07	0.00	0.00	0.05	0.01	0.01	0.00	0.00
308G 0.97	0.00	0.00	0.00	0.00	0.00	1.00	0.00	0.00	0.00	0.00	0.00	0.00	0.00	0.00	0.00	0.00	0.00	0.00	0.00	0.00
309V 0.97	0.00	0.00	0.00	0.00	0.00	0.00	0.00	0.22	0.00	0.02	0.00	0.00	0.00	0.00	0.00	0.00	0.00	1.00	0.00	0.00
310P 0.64	0.72	0.05	0.62	1.00	0.05	0.39	0.12	0.18	0.95	0.31	0.10	0.49	0.33	0.63	0.50	0.70	0.56	0.27	0.02	0.04
311E 0.67	0.33	0.01	0.50	1.00	0.02	0.12	0.05	0.05	0.31	0.09	0.03	0.15	0.24	0.33	0.14	0.27	0.17	0.09	0.01	0.02
312E 1.00	0.73	0.03	0.62	1.00	0.03	0.22	0.07	0.10	0.52	0.16	0.06	0.33	0.52	0.66	0.28	0.40	0.48	0.16	0.01	0.03
313H 0.94	0.74	0.08	0.68	1.00	0.17	0.38	0.24	0.26	0.94	0.38	0.13	0.48	0.29	0.66	0.55	0.69	0.56	0.37	0.05	0.22
314V 0.73	0.51	0.10	0.06	0.09	0.06	0.04	0.03	0.50	0.10	0.32	0.10	0.10	0.16	0.08	0.06	0.37	0.69	1.00	0.01	0.03
315Q 0.76	0.50	0.09	0.03	0.09	0.05	0.03	0.02	0.46	0.09	0.33	0.10	0.04	0.11	0.08	0.05	0.10	0.33	1.00	0.01	0.02
316Y 1.00	0.00	0.00	0.00	0.00	0.00	0.00	0.00	0.00	0.00	0.00	0.00	0.00	0.00	0.00	0.00	0.00	0.00	0.00	0.00	1.00
317V 1.00	1.00	0.05	0.02	0.04	0.08	0.09	0.01	0.18	0.04	0.14	0.04	0.02	0.07	0.03	0.03	0.11	0.13	0.98	0.02	0.14
318T 1.00	0.00	0.00	0.00	0.00	0.00	0.00	0.00	0.00	0.00	0.00	0.00	0.00	0.00	0.00	0.00	0.00	1.00	0.00	0.00	0.00
319A 1.00	0.39	0.01	0.00	0.01	0.02	0.01	0.00	1.00	0.01	0.38	0.03	0.01	0.01	0.01	0.01	0.01	0.04	0.47	0.00	0.01
320G 1.00	0.11	0.00	0.00	0.00	0.00	1.00	0.00	0.00	0.00	0.00	0.00	0.00	0.01	0.00	0.00	0.18	0.01	0.01	0.00	0.00
321T 1.00	0.83	0.01	0.01	0.01	0.00	0.02	0.00	0.01	0.01	0.01	0.01	0.02	0.02	0.01	0.01	0.79	1.00	0.02	0.00	0.00
322G 1.00	0.00	0.00	0.00	0.00	0.00	1.00	0.00	0.00	0.00	0.00	0.00	0.00	0.00	0.00	0.00	0.00	0.00	0.00	0.00	0.00
323A 1.00	0.45	0.03	0.02	0.02	0.05	0.22	0.00	0.70	0.03	0.23	0.05	0.02	0.05	0.02	0.02	0.11	0.06	1.00	0.01	0.03
324V 1.00	0.00	0.00	0.00	0.00	0.00	0.00	0.00	0.22	0.00	0.01	0.00	0.00	0.00	0.00	0.00	0.00	0.00	1.00	0.00	0.00
325N 1.00	0.01	0.00	0.03	0.14	0.00	0.02	0.01	0.00	0.01	0.00	0.00	1.00	0.01	0.01	0.01	0.02	0.01	0.00	0.00	0.00
pos	A	C	D	E	F	G	H	I	K	L	M	N	P	Q	R	S	T	V	W	Y
326V 1.00	0.11	0.02	0.01	0.02	0.03	0.01	0.00	0.44	0.02	0.24	0.04	0.01	0.02	0.01	0.01	0.02	1.00	0.82	0.00	0.01
327V 1.00	0.38	0.01	0.01	0.01	0.19	0.01	0.00	0.75	0.01	0.80	0.05	0.01	0.01	0.01	0.01	0.01	0.04	1.00	0.01	0.01
328M 1.00	0.27	0.02	0.01	0.02	1.00	0.01	0.01	0.38	0.02	0.73	0.72	0.02	0.03	0.03	0.02	0.02	0.05	0.20	0.02	0.05
329T 1.00	0.14	0.00	0.00	0.00	0.00	0.01	0.00	0.00	0.00	0.00	0.00	0.00	0.01	0.00	0.00	0.02	1.00	0.01	0.00	0.00
330F 1.00	0.01	0.00	0.00	0.00	0.07	0.00	0.00	0.46	0.00	0.37	0.07	0.00	0.00	0.00	0.00	0.00	0.01	1.00	0.00	0.00
331C 1.00	0.12	0.26	0.01	0.02	0.17	0.00	0.01	0.18	0.02	0.22	0.04	0.01	0.03	0.02	0.01	0.02	0.19	1.00	0.00	0.01
332A 1.00	0.19	0.00	0.00	0.00	0.00	0.01	0.00	0.00	0.00	0.00	0.00	0.01	0.01	0.00	0.00	1.00	0.21	0.01	0.00	0.00
333V 1.00	0.12	0.02	0.01	0.02	0.08	0.08	0.00	0.97	0.02	0.60	0.08	0.02	0.01	0.01	0.02	0.03	0.05	1.00	0.01	0.04
334F 1.00	0.01	0.00	0.00	0.00	1.00	0.00	0.00	0.06	0.00	0.44	0.04	0.00	0.01	0.01	0.00	0.00	0.01	0.22	0.01	0.02
335V 1.00	0.01	0.00	0.00	0.00	0.01	0.00	0.00	0.18	0.00	0.77	0.01	0.00	0.00	0.00	0.00	0.00	0.01	1.00	0.00	0.00
336V 1.00	0.00	0.00	0.00	0.00	0.00	0.00	0.00	0.22	0.00	0.01	0.00	0.00	0.00	0.00	0.00	0.00	0.00	1.00	0.00	0.00
337E 1.00	0.00	0.00	0.00	1.00	0.00	0.00	0.00	0.00	0.00	0.00	0.00	0.00	0.00	0.00	0.00	0.00	0.00	0.00	0.00	0.00
338L 1.00	0.15	0.04	0.06	0.11	0.17	0.10	0.28	0.11	0.32	0.38	0.06	0.11	0.08	0.15	1.00	0.19	0.13	0.13	0.05	0.28
339L 1.00	0.10	0.02	0.01	0.02	0.19	0.02	0.02	0.33	0.03	1.00	0.22	0.02	0.03	0.04	0.02	0.03	0.05	0.20	0.03	0.03
340G 1.00	0.09	0.00	0.00	0.00	0.00	1.00	0.00	0.00	0.00	0.00	0.00	0.00	0.01	0.00	0.00	0.01	0.00	0.00	0.00	0.00
341R 0.97	0.00	0.00	0.00	0.00	0.00	0.00	0.00	0.00	0.00	0.00	0.00	0.00	0.00	0.00	1.00	0.00	0.00	0.00	0.00	0.00
342R 1.00	0.00	0.00	0.00	0.00	0.00	0.00	0.00	0.00	0.00	0.00	0.00	0.00	0.00	0.00	1.00	0.00	0.00	0.00	0.00	0.00
343L 1.00	0.53	0.18	0.21	0.28	0.72	0.33	0.55	0.41	0.30	0.68	0.22	0.32	0.23	0.30	0.35	0.41	0.49	0.52	0.18	1.00
344L 1.00	0.00	0.00	0.00	0.00	0.00	0.00	0.00	0.00	0.00	1.00	0.00	0.00	0.00	0.00	0.00	0.00	0.00	0.00	0.00	0.00
345L 1.00	0.09	0.02	0.03	0.04	0.18	0.05	0.04	0.33	0.06	1.00	0.22	0.04	0.05	0.05	0.06	0.04	0.05	0.19	0.03	0.03
346L 1.00	0.00	0.00	0.00	0.00	0.01	0.00	0.00	0.16	0.00	1.00	0.19	0.00	0.00	0.00	0.00	0.00	0.00	0.01	0.00	0.00
347L 1.00	0.20	0.03	0.02	0.03	0.08	0.16	0.02	1.00	0.04	0.56	0.07	0.03	0.04	0.02	0.03	0.11	0.07	0.75	0.01	0.06
348G 1.00	0.00	0.00	0.00	0.00	0.00	1.00	0.00	0.00	0.00	0.00	0.00	0.00	0.00	0.00	0.00	0.00	0.00	0.00	0.00	0.00
349F 1.00	0.02	0.01	0.00	0.01	1.00	0.00	0.00	0.05	0.00	0.93	0.03	0.00	0.01	0.00	0.00	0.01	0.01	0.04	0.08	0.55
350S 1.00	0.85	0.01	0.01	0.01	0.00	1.00	0.00	0.01	0.01	0.01	0.01	0.01	0.03	0.01	0.01	0.65	0.02	0.02	0.00	0.00
pos	A	C	D	E	F	G	H	I	K	L	M	N	P	Q	R	S	T	V	W	Y
351I 0.64	0.14	0.04	0.05	0.06	0.17	0.08	0.07	1.00	0.07	0.54	0.11	0.06	0.05	0.05	0.07	0.10	0.13	0.95	0.03	0.15
352C 1.00	0.57	0.12	0.05	0.06	0.20	0.33	0.03	0.34	0.08	1.00	0.28	0.06	0.15	0.07	0.06	0.27	0.13	0.26	0.03	0.06
353L 1.00	0.59	0.12	0.12	0.16	0.45	0.32	0.25	0.41	0.17	1.00	0.29	0.16	0.18	0.17	0.19	0.33	0.25	0.39	0.10	0.47
354I 1.00	0.61	0.17	0.12	0.19	0.39	0.17	0.28	0.55	0.20	0.57	0.18	0.18	0.18	0.19	0.20	0.27	0.45	1.00	0.10	0.50
355A 1.00	1.00	0.24	0.06	0.07	0.13	0.58	0.03	0.04	0.08	0.08	0.04	0.06	0.18	0.05	0.06	0.37	0.19	0.13	0.01	0.05
356C 1.00	0.24	1.00	0.02	0.02	0.18	0.10	0.01	0.01	0.02	0.02	0.01	0.02	0.05	0.01	0.01	0.38	0.05	0.04	0.00	0.01
357C 1.00	0.93	0.30	0.18	0.25	0.52	0.48	0.35	0.98	0.26	0.93	0.22	0.24	0.22	0.24	0.27	0.46	0.44	1.00	0.13	0.66
358V 1.00	0.01	0.00	0.00	0.00	0.10	0.00	0.00	0.40	0.00	0.27	0.01	0.00	0.00	0.00	0.00	0.00	0.19	1.00	0.00	0.01
359L 1.00	0.00	0.00	0.00	0.00	0.01	0.00	0.00	0.02	0.00	1.00	0.28	0.00	0.00	0.00	0.00	0.00	0.00	0.01	0.00	0.00
360T 1.00	0.00	0.00	0.00	0.00	0.00	0.00	0.00	0.00	0.00	0.00	0.00	0.00	0.00	0.00	0.00	0.00	1.00	0.00	0.00	0.00
361A 1.00	0.24	0.01	0.01	0.01	0.03	0.12	0.00	0.93	0.01	0.13	0.02	0.01	0.01	0.00	0.01	0.02	0.02	1.00	0.00	0.01
362A 1.00	1.00	0.01	0.01	0.01	0.00	0.02	0.00	0.01	0.01	0.01	0.00	0.01	0.01	0.01	0.01	0.34	0.23	0.15	0.00	0.00
363L 1.00	0.00	0.00	0.00	0.00	0.00	0.00	0.00	0.00	0.00	1.00	0.00	0.00	0.00	0.00	0.00	0.00	0.00	0.00	0.00	0.00
364A 1.00	1.00	0.13	0.08	0.12	0.17	0.29	0.04	0.56	0.14	0.96	0.23	0.10	0.23	0.11	0.10	0.45	0.57	0.94	0.03	0.05
365L 1.00	0.00	0.00	0.00	0.00	0.10	0.00	0.00	0.02	0.00	1.00	0.05	0.00	0.00	0.00	0.00	0.00	0.00	0.01	0.00	0.00
366Q 1.00	0.15	0.02	0.04	0.21	0.05	0.10	0.12	0.10	1.00	0.40	0.07	0.13	0.11	0.56	0.75	0.11	0.15	0.10	0.02	0.06
367D 1.00	0.02	0.00	1.00	0.58	0.00	0.03	0.01	0.00	0.02	0.00	0.00	0.39	0.01	0.02	0.01	0.12	0.01	0.00	0.00	0.01
368T 0.97	0.69	0.05	0.62	0.95	0.07	0.35	0.26	0.18	0.85	0.29	0.10	0.63	0.25	0.73	1.00	0.67	0.86	0.37	0.02	0.07
369V 0.97	0.28	0.02	0.01	0.02	0.07	0.02	0.01	0.75	0.02	0.49	0.10	0.02	0.02	0.02	0.02	0.02	0.06	1.00	0.01	0.29
370S 1.00	0.04	0.00	0.09	0.17	0.00	0.05	0.02	0.01	0.12	0.01	0.00	0.25	1.00	0.03	0.03	0.65	0.04	0.01	0.00	0.01
371W 1.00	1.00	0.09	0.17	0.29	0.04	0.56	0.04	0.05	0.13	0.10	0.04	0.13	0.23	0.10	0.08	0.50	0.18	0.15	0.42	0.04
372M 1.00	0.01	0.00	0.00	0.00	0.01	0.00	0.00	0.08	0.00	0.25	1.00	0.00	0.00	0.00	0.00	0.00	0.00	0.18	0.00	0.00
373P 1.00	0.67	0.07	0.15	0.12	0.03	0.39	0.05	0.05	0.23	0.09	0.04	0.18	0.49	0.12	0.20	1.00	0.42	0.14	0.02	0.04
374Y 1.00	0.00	0.00	0.00	0.00	0.26	0.00	0.00	0.00	0.00	0.01	0.00	0.00	0.00	0.00	0.00	0.00	0.00	0.00	0.01	1.00
375I 1.00	0.02	0.01	0.00	0.00	0.02	0.01	0.00	0.79	0.01	0.98	0.03	0.00	0.00	0.00	0.01	0.01	0.02	1.00	0.00	0.01
pos	A	C	D	E	F	G	H	I	K	L	M	N	P	Q	R	S	T	V	W	Y
376S 1.00	0.36	0.24	0.05	0.04	0.01	0.29	0.01	0.02	0.04	0.03	0.02	0.05	0.09	0.03	0.03	1.00	0.08	0.06	0.01	0.01
377I 1.00	0.00	0.00	0.00	0.00	0.00	0.00	0.00	1.00	0.00	0.00	0.00	0.00	0.00	0.00	0.00	0.00	0.00	0.00	0.00	0.00
378V 1.00	0.16	0.01	0.01	0.01	0.03	0.18	0.00	0.42	0.02	0.13	0.03	0.01	0.02	0.01	0.01	0.05	0.03	1.00	0.00	0.01
379C 1.00	1.00	0.58	0.02	0.03	0.01	0.32	0.00	0.01	0.03	0.03	0.01	0.02	0.07	0.02	0.02	0.15	0.05	0.05	0.00	0.01
380V 1.00	0.01	0.00	0.00	0.00	0.00	0.00	0.00	1.00	0.00	0.03	0.00	0.00	0.00	0.00	0.00	0.00	0.06	0.57	0.00	0.00
381I 1.00	0.03	0.01	0.00	0.01	0.82	0.01	0.01	0.62	0.01	1.00	0.11	0.01	0.01	0.02	0.01	0.01	0.02	0.11	0.01	0.03
382S 1.00	1.00	0.09	0.07	0.09	0.04	0.55	0.02	0.07	0.10	0.10	0.05	0.07	0.23	0.07	0.07	0.51	0.19	0.21	0.01	0.04
383Y 1.00	0.01	0.00	0.00	0.00	1.00	0.00	0.00	0.22	0.00	0.04	0.01	0.00	0.00	0.00	0.00	0.01	0.01	0.02	0.04	0.99
384V 1.00	0.00	0.00	0.00	0.00	0.00	0.00	0.00	0.35	0.00	0.02	0.00	0.00	0.00	0.00	0.00	0.00	0.00	1.00	0.00	0.00
385I 1.00	1.00	0.05	0.01	0.04	0.03	0.02	0.01	0.61	0.04	0.21	0.06	0.02	0.05	0.03	0.02	0.05	0.17	0.64	0.01	0.01
386G 1.00	1.00	0.13	0.14	0.16	0.27	0.57	0.17	0.17	0.17	0.33	0.11	0.16	0.26	0.14	0.16	0.56	0.28	0.29	0.07	0.32
387H 1.00	0.11	0.05	0.12	0.08	1.00	0.19	0.65	0.11	0.09	0.28	0.07	0.11	0.09	0.06	0.09	0.09	0.08	0.10	0.03	0.07
388A 1.00	1.00	0.12	0.11	0.24	0.04	0.50	0.02	0.05	0.11	0.10	0.04	0.09	0.23	0.08	0.07	0.52	0.21	0.17	0.01	0.03
389L 1.00	0.01	0.00	0.00	0.00	0.01	0.00	0.00	1.00	0.00	0.33	0.01	0.00	0.00	0.00	0.00	0.17	0.01	0.43	0.00	0.01
390G 1.00	0.00	0.00	0.00	0.00	0.00	1.00	0.00	0.00	0.00	0.00	0.00	0.00	0.00	0.00	0.00	0.00	0.00	0.00	0.00	0.00
391P 1.00	0.00	0.00	0.00	0.00	0.00	0.00	0.00	0.00	0.00	0.00	0.00	0.00	1.00	0.00	0.00	0.00	0.00	0.00	0.00	0.00
392S 1.00	0.17	0.01	0.01	0.01	0.00	1.00	0.00	0.00	0.01	0.01	0.00	0.01	0.02	0.01	0.01	0.57	0.01	0.01	0.00	0.00
393P 0.97	0.07	0.01	0.01	0.01	0.00	0.18	0.00	0.00	0.01	0.01	0.00	0.01	1.00	0.01	0.01	0.04	0.01	0.01	0.00	0.00
394I 0.97	0.00	0.00	0.00	0.00	0.00	0.00	0.00	1.00	0.00	0.01	0.00	0.00	0.00	0.00	0.00	0.00	0.00	0.19	0.00	0.00
395P 1.00	0.02	0.00	0.01	0.01	0.01	0.02	0.00	0.07	0.01	0.03	0.01	0.00	1.00	0.00	0.01	0.01	0.01	0.02	0.00	0.00
396A 1.00	1.00	0.17	0.20	0.26	0.61	0.49	0.41	0.32	0.32	0.53	0.19	0.28	0.30	0.27	0.38	0.64	0.44	0.45	0.52	0.74
397L 1.00	0.05	0.01	0.01	0.01	1.00	0.01	0.01	0.70	0.02	0.85	0.10	0.01	0.02	0.02	0.02	0.12	0.04	0.69	0.01	0.03
398L 1.00	0.01	0.00	0.00	0.00	0.08	0.00	0.00	1.00	0.00	0.68	0.01	0.00	0.00	0.00	0.00	0.00	0.01	0.34	0.00	0.00
399I 1.00	0.06	0.02	0.01	0.02	0.04	0.01	0.01	0.55	0.02	0.17	0.04	0.01	0.02	0.01	0.15	0.02	0.17	1.00	0.01	0.09
400T 1.00	1.00	0.02	0.01	0.01	0.01	0.27	0.00	0.01	0.02	0.01	0.01	0.01	0.04	0.01	0.01	0.09	0.71	0.03	0.00	0.00
pos	A	C	D	E	F	G	H	I	K	L	M	N	P	Q	R	S	T	V	W	Y
401E 1.00	0.00	0.00	0.00	1.00	0.00	0.00	0.00	0.00	0.00	0.00	0.00	0.00	0.00	0.00	0.00	0.00	0.00	0.00	0.00	0.00
402I 1.00	0.01	0.00	0.00	0.00	0.22	0.00	0.00	0.72	0.00	1.00	0.03	0.00	0.00	0.01	0.00	0.00	0.01	0.15	0.00	0.01
403F 1.00	0.00	0.00	0.00	0.00	1.00	0.00	0.00	0.01	0.00	0.01	0.00	0.00	0.00	0.00	0.00	0.00	0.00	0.05	0.01	0.03
404L 1.00	1.00	0.11	0.24	0.20	0.08	0.60	0.08	0.10	0.27	0.24	0.08	0.26	0.28	0.16	0.20	0.66	0.37	0.20	0.03	0.08
405Q 1.00	0.00	0.00	0.00	0.00	0.00	0.00	0.00	0.00	0.00	0.00	0.00	0.00	0.00	1.00	0.00	0.00	0.00	0.00	0.00	0.00
406S 1.00	0.89	0.09	0.21	0.12	0.04	1.00	0.05	0.04	0.13	0.09	0.04	0.22	0.24	0.09	0.08	0.96	0.21	0.14	0.02	0.04
407S 1.00	0.17	0.02	0.05	0.03	0.01	0.22	0.01	0.01	0.03	0.02	0.01	0.05	1.00	0.23	0.02	0.75	0.05	0.03	0.00	0.01
408R 1.00	0.00	0.00	0.00	0.00	0.00	0.00	0.00	0.00	0.00	0.00	0.00	0.00	0.00	0.00	1.00	0.00	0.00	0.00	0.00	0.00
409P 1.00	0.03	0.00	0.01	0.01	0.00	0.01	0.00	0.00	0.02	0.01	0.00	0.01	1.00	0.01	0.11	0.09	0.11	0.01	0.00	0.00
410S 1.00	1.00	0.00	0.00	0.00	0.00	0.02	0.00	0.00	0.00	0.00	0.00	0.00	0.07	0.00	0.00	0.09	0.01	0.01	0.00	0.00
411A 1.00	1.00	0.00	0.00	0.00	0.00	0.01	0.00	0.00	0.00	0.00	0.00	0.00	0.01	0.00	0.00	0.01	0.07	0.01	0.00	0.00
412F 1.00	0.11	0.04	0.04	0.05	1.00	0.06	0.09	0.31	0.05	0.35	0.39	0.05	0.05	0.05	0.06	0.08	0.08	0.23	0.21	0.83
413M 1.00	0.64	0.10	0.04	0.09	0.16	0.06	0.05	0.61	0.10	0.75	0.27	0.07	0.12	0.08	0.07	0.16	0.41	1.00	0.04	0.09
414V 0.97	0.00	0.00	0.00	0.00	0.00	0.00	0.00	0.27	0.00	0.02	0.00	0.00	0.00	0.00	0.00	0.00	0.00	1.00	0.00	0.00
415G 0.97	1.00	0.03	0.22	0.05	0.01	0.32	0.01	0.01	0.04	0.02	0.01	0.07	0.07	0.03	0.02	0.15	0.05	0.04	0.00	0.01
416G 1.00	0.00	0.00	0.00	0.00	0.00	1.00	0.00	0.00	0.00	0.00	0.00	0.00	0.00	0.00	0.00	0.00	0.00	0.00	0.00	0.00
417S 1.00	0.78	0.23	0.29	0.36	0.73	0.42	0.55	0.48	0.39	0.73	0.25	0.42	0.30	0.37	0.40	0.85	0.97	0.67	0.19	1.00
418V 1.00	0.88	0.13	0.08	0.10	0.06	0.34	0.03	0.30	0.11	0.25	0.09	0.10	0.22	0.08	0.07	0.83	0.51	1.00	0.02	0.04
419H 1.00	0.02	0.00	0.07	0.02	0.00	0.05	0.61	0.00	0.02	0.00	0.00	1.00	0.01	0.01	0.01	0.04	0.02	0.00	0.00	0.01
420W 1.00	0.00	0.00	0.00	0.00	0.00	0.00	0.00	0.00	0.00	0.00	0.00	0.00	0.00	0.00	0.00	0.00	0.00	0.00	1.00	0.00
421L 1.00	0.09	0.02	0.02	0.02	0.09	0.03	0.01	0.19	0.03	1.00	0.11	0.03	0.04	0.03	0.02	0.09	0.63	0.15	0.01	0.02
422S 1.00	0.02	0.10	0.01	0.01	0.00	0.01	0.00	0.01	0.01	0.01	0.00	0.01	0.01	0.01	0.01	1.00	0.24	0.01	0.00	0.00
423N 1.00	0.00	0.00	0.00	0.00	0.00	0.00	0.00	0.00	0.00	0.00	0.00	1.00	0.00	0.00	0.00	0.00	0.00	0.00	0.00	0.00
424F 1.00	0.00	0.00	0.00	0.00	1.00	0.00	0.00	0.00	0.00	0.00	0.00	0.00	0.00	0.00	0.00	0.00	0.00	0.00	0.00	0.00
425T 1.00	0.42	0.03	0.01	0.03	0.05	0.01	0.01	1.00	0.03	0.67	0.07	0.02	0.04	0.02	0.02	0.03	0.45	0.40	0.01	0.01
pos	A	C	D	E	F	G	H	I	K	L	M	N	P	Q	R	S	T	V	W	Y
426V 1.00	0.00	0.00	0.00	0.00	0.00	0.00	0.00	0.19	0.00	0.01	0.00	0.00	0.00	0.00	0.00	0.00	0.00	1.00	0.00	0.00
427G 1.00	0.00	0.00	0.00	0.00	0.00	1.00	0.00	0.00	0.00	0.00	0.00	0.00	0.00	0.00	0.00	0.00	0.00	0.00	0.00	0.00
428L 1.00	0.01	0.00	0.00	0.00	0.15	0.00	0.00	0.04	0.00	1.00	0.60	0.00	0.00	0.00	0.00	0.00	0.00	0.02	0.00	0.00
429I 1.00	0.10	0.09	0.03	0.05	0.18	0.12	0.07	1.00	0.05	0.69	0.11	0.05	0.03	0.04	0.06	0.07	0.11	0.97	0.03	0.15
430F 1.00	0.00	0.00	0.00	0.00	1.00	0.00	0.00	0.00	0.00	0.00	0.00	0.00	0.00	0.00	0.00	0.00	0.00	0.00	0.00	0.00
431P 1.00	0.07	0.01	0.04	0.05	0.01	0.06	0.01	0.01	0.05	0.02	0.01	0.03	1.00	0.39	0.04	0.04	0.03	0.02	0.01	0.01
432F 1.00	0.07	0.03	0.02	0.03	1.00	0.03	0.03	0.12	0.02	0.27	0.06	0.02	0.03	0.02	0.02	0.05	0.05	0.11	0.21	0.88
433I 1.00	0.40	0.01	0.00	0.01	0.01	0.00	0.00	1.00	0.01	0.09	0.02	0.01	0.01	0.01	0.01	0.01	0.05	0.62	0.00	0.01
434Q 1.00	0.54	0.01	0.41	1.00	0.02	0.09	0.04	0.03	0.19	0.05	0.02	0.08	0.11	0.76	0.07	0.12	0.12	0.06	0.01	0.02
435E 1.00	0.53	0.18	0.23	0.31	0.70	0.34	0.54	0.40	0.32	0.66	0.22	0.32	0.21	0.31	0.36	0.42	0.41	0.51	0.19	1.00
436G 1.00	1.00	0.12	0.12	0.14	0.20	0.56	0.15	0.13	0.15	0.26	0.09	0.14	0.25	0.13	0.14	0.53	0.24	0.25	0.06	0.29
437L 0.97	0.02	0.28	0.00	0.01	0.05	0.00	0.00	0.29	0.01	1.00	0.22	0.01	0.01	0.01	0.01	0.01	0.01	0.07	0.01	0.01
438G 1.00	0.01	0.00	0.14	0.01	0.00	1.00	0.00	0.00	0.01	0.00	0.00	0.02	0.01	0.00	0.00	0.01	0.01	0.00	0.00	0.00
439P 1.00	1.00	0.08	0.09	0.09	0.04	0.34	0.02	0.09	0.11	0.15	0.05	0.11	0.45	0.08	0.07	0.62	0.62	0.22	0.02	0.03
440Y 1.00	0.00	0.00	0.00	0.00	0.00	0.00	0.00	0.00	0.00	0.00	0.00	0.00	0.00	0.00	0.00	0.00	0.00	0.00	0.00	1.00
441S 1.00	0.82	0.19	0.07	0.09	0.05	0.31	0.02	0.29	0.10	0.23	0.08	0.09	0.20	0.08	0.07	0.76	0.46	1.00	0.02	0.03
442F 1.00	0.00	0.00	0.00	0.00	1.00	0.00	0.00	0.00	0.00	0.00	0.00	0.00	0.00	0.00	0.00	0.00	0.00	0.00	0.00	0.00
443I 1.00	0.00	0.00	0.00	0.00	0.01	0.00	0.00	1.00	0.00	0.49	0.01	0.00	0.00	0.00	0.00	0.00	0.00	0.17	0.00	0.00
444V 1.00	0.00	0.00	0.00	0.00	0.00	0.00	0.00	1.00	0.00	0.18	0.00	0.00	0.00	0.00	0.00	0.00	0.00	0.40	0.00	0.00
445F 1.00	0.00	0.00	0.00	0.00	1.00	0.00	0.00	0.00	0.00	0.00	0.00	0.00	0.00	0.00	0.00	0.00	0.00	0.00	0.00	0.00
446A 1.00	1.00	0.01	0.01	0.01	0.01	0.16	0.00	0.01	0.01	0.07	0.01	0.01	0.03	0.01	0.01	0.08	0.45	0.02	0.00	0.00
447V 1.00	0.76	0.08	0.08	0.09	0.09	0.49	0.03	0.72	0.11	0.33	0.08	0.09	0.19	0.07	0.08	0.48	0.40	1.00	0.02	0.07
448I 1.00	0.14	0.01	0.00	0.01	0.47	0.01	0.00	1.00	0.01	0.81	0.06	0.01	0.01	0.01	0.01	0.01	0.03	0.31	0.01	0.01
449C 1.00	0.08	0.48	0.01	0.02	0.11	0.03	0.01	0.19	0.02	1.00	0.12	0.01	0.03	0.02	0.02	0.03	0.04	0.13	0.02	0.03
450L 1.00	0.02	0.00	0.00	0.00	0.17	0.00	0.00	0.60	0.01	1.00	0.15	0.00	0.01	0.01	0.01	0.01	0.01	0.59	0.00	0.01
pos	A	C	D	E	F	G	H	I	K	L	M	N	P	Q	R	S	T	V	W	Y
451L 1.00	0.26	0.09	0.10	0.13	0.41	0.25	0.24	0.52	0.15	1.00	0.17	0.15	0.10	0.14	0.17	0.26	0.37	0.48	0.09	0.46
452T 1.00	1.00	0.12	0.27	0.17	0.48	0.67	0.08	0.12	0.20	0.22	0.08	0.32	0.30	0.14	0.14	0.87	0.92	0.23	0.05	0.18
453T 1.00	0.38	0.08	0.07	0.10	0.71	0.12	0.17	0.39	0.11	1.00	0.23	0.11	0.10	0.11	0.12	0.18	0.34	0.37	0.14	0.51
454I 1.00	0.17	0.00	0.00	0.00	0.01	0.00	0.00	1.00	0.00	0.03	0.01	0.00	0.00	0.00	0.00	0.00	0.02	0.35	0.00	0.00
455Y 1.00	0.00	0.00	0.00	0.00	1.00	0.00	0.00	0.01	0.00	0.02	0.00	0.00	0.00	0.00	0.00	0.00	0.00	0.01	0.02	1.00
456I 1.00	0.20	0.04	0.02	0.04	0.17	0.02	0.02	0.84	0.05	1.00	0.21	0.03	0.06	0.04	0.04	0.07	0.52	0.67	0.02	0.03
457F 1.00	0.00	0.00	0.00	0.00	1.00	0.00	0.00	0.01	0.00	0.02	0.00	0.00	0.00	0.00	0.00	0.05	0.00	0.01	0.02	0.83
458L 1.00	0.03	0.01	0.00	0.01	0.97	0.01	0.01	0.16	0.01	1.00	0.23	0.01	0.01	0.02	0.01	0.01	0.02	0.32	0.01	0.01
459I 1.00	0.25	0.05	0.03	0.15	0.08	0.08	0.08	0.85	0.62	0.43	0.10	0.10	0.10	0.21	0.51	0.10	0.22	1.00	0.02	0.07
460V 1.00	0.00	0.00	0.00	0.00	0.00	0.00	0.00	0.32	0.00	0.17	0.00	0.00	0.00	0.00	0.00	0.00	0.00	1.00	0.00	0.00
461P 1.00	0.00	0.00	0.00	0.00	0.00	0.00	0.00	0.00	0.00	0.00	0.00	0.00	1.00	0.00	0.00	0.00	0.00	0.00	0.00	0.00
462E 1.00	0.00	0.00	0.00	1.00	0.00	0.00	0.00	0.00	0.00	0.00	0.00	0.00	0.00	0.00	0.00	0.00	0.00	0.00	0.00	0.00
463T 1.00	0.00	0.00	0.00	0.00	0.00	0.00	0.00	0.00	0.00	0.00	0.00	0.00	0.00	0.00	0.00	0.00	1.00	0.00	0.00	0.00
464K 1.00	0.01	0.00	0.00	0.01	0.00	0.00	0.00	0.00	1.00	0.01	0.00	0.00	0.00	0.01	0.34	0.00	0.01	0.00	0.00	0.00
465A 1.00	0.06	0.00	0.02	0.01	0.00	1.00	0.00	0.00	0.01	0.00	0.00	0.16	0.01	0.00	0.00	0.10	0.01	0.00	0.00	0.00
466K 1.00	0.01	0.00	0.00	0.01	0.00	0.00	0.00	0.00	0.40	0.01	0.00	0.01	0.00	0.01	1.00	0.00	0.01	0.00	0.00	0.00
467T 1.00	0.01	0.00	0.00	0.00	0.00	0.00	0.00	0.00	0.00	0.00	0.00	0.01	0.00	0.00	0.00	0.08	1.00	0.00	0.00	0.00
468F 1.00	0.00	0.00	0.00	0.00	1.00	0.00	0.00	0.00	0.00	0.01	0.00	0.00	0.00	0.00	0.00	0.00	0.00	0.00	0.01	0.15
469I 1.00	0.60	0.08	0.51	1.00	0.07	0.10	0.06	0.50	0.29	0.34	0.10	0.13	0.20	0.29	0.12	0.21	0.37	0.94	0.02	0.05
470E 1.00	0.01	0.00	0.23	1.00	0.00	0.00	0.00	0.00	0.01	0.00	0.00	0.00	0.01	0.16	0.00	0.01	0.00	0.00	0.00	0.00
471I 1.00	0.00	0.00	0.00	0.00	0.00	0.00	0.00	1.00	0.00	0.00	0.00	0.00	0.00	0.00	0.00	0.00	0.00	0.00	0.00	0.00
472N 1.00	0.28	0.05	0.10	0.07	0.02	0.07	0.03	0.10	0.10	0.07	0.03	0.26	0.11	0.07	0.06	0.78	1.00	0.12	0.01	0.03
473Q 1.00	0.56	0.20	0.16	0.23	0.43	0.23	0.41	0.25	0.31	0.42	0.14	0.23	0.15	0.67	1.00	0.53	0.29	0.33	0.12	0.67
474I 1.00	1.00	0.09	0.15	0.22	0.14	0.51	0.11	0.38	0.26	0.24	0.08	0.15	0.22	0.17	0.24	0.48	0.30	0.34	0.04	0.17
475F 1.00	0.00	0.00	0.00	0.00	1.00	0.00	0.00	0.00	0.00	0.00	0.00	0.00	0.00	0.00	0.00	0.00	0.00	0.00	0.00	0.00
pos	A	C	D	E	F	G	H	I	K	L	M	N	P	Q	R	S	T	V	W	Y
476T 0.55	0.83	0.07	0.61	1.00	0.12	0.39	0.19	0.26	0.91	0.35	0.12	0.50	0.28	0.59	0.56	0.79	0.65	0.32	0.03	0.13
477K 0.79	0.03	0.00	0.01	0.11	0.01	0.08	0.02	0.01	1.00	0.03	0.09	0.03	0.02	0.06	0.82	0.02	0.03	0.02	0.00	0.01
478M 0.79	0.13	0.01	0.03	0.17	0.03	0.09	0.10	0.05	0.91	0.12	0.29	0.12	0.09	0.58	1.00	0.11	0.28	0.07	0.02	0.05
479N 0.79	1.00	0.10	0.20	0.14	0.05	0.74	0.05	0.05	0.14	0.10	0.05	0.67	0.35	0.10	0.09	0.54	0.21	0.19	0.02	0.05
480K 0.79	0.24	0.02	0.19	0.36	0.03	0.32	0.12	0.07	1.00	0.14	0.05	0.22	0.12	0.31	0.61	0.32	0.21	0.11	0.02	0.05
481V 0.70	0.42	0.02	0.01	0.02	0.01	0.00	0.00	0.12	0.02	0.29	0.03	0.01	0.02	0.01	0.01	0.02	0.15	1.00	0.00	0.00
482S 0.70	0.22	0.01	0.25	0.54	0.02	0.11	0.05	0.05	0.50	0.09	0.03	0.14	0.23	0.45	0.20	1.00	0.16	0.08	0.01	0.02
483E 0.70	0.46	0.03	0.59	1.00	0.04	0.30	0.08	0.11	0.56	0.23	0.06	0.31	0.18	0.50	0.30	0.45	0.33	0.17	0.01	0.03
484V 0.73	1.00	0.10	0.10	0.15	0.05	0.42	0.03	0.18	0.18	0.18	0.07	0.10	0.28	0.11	0.11	0.60	0.35	0.67	0.02	0.04
485Y 0.76	0.56	0.18	0.29	0.36	0.70	0.38	0.55	0.40	0.36	0.66	0.23	0.38	0.23	0.34	0.38	0.46	0.43	0.52	0.18	1.00
486P 0.79	0.02	0.00	0.04	0.22	0.00	0.01	0.01	0.00	0.32	0.01	0.00	0.01	1.00	0.03	0.03	0.02	0.01	0.01	0.00	0.00
487E 0.79	0.69	0.05	0.59	1.00	0.04	0.33	0.11	0.16	0.86	0.26	0.09	0.43	0.30	0.52	0.45	0.71	0.59	0.25	0.02	0.03
488K 0.79	0.61	0.04	0.51	1.00	0.04	0.33	0.10	0.15	0.95	0.25	0.09	0.40	0.35	0.49	0.50	0.62	0.55	0.23	0.02	0.03
489E 0.79	0.02	0.00	0.15	1.00	0.00	0.01	0.01	0.00	0.09	0.01	0.00	0.01	0.06	0.03	0.01	0.01	0.01	0.04	0.00	0.00
490E 0.67	0.05	0.00	0.11	1.00	0.01	0.02	0.01	0.01	0.25	0.02	0.01	0.03	0.09	0.07	0.04	0.04	0.16	0.02	0.00	0.01
491L 0.67	0.01	0.00	0.00	0.00	0.08	0.00	0.00	0.58	0.00	1.00	0.03	0.00	0.00	0.00	0.00	0.00	0.01	0.19	0.00	0.01
492K 0.45	0.60	0.04	0.90	0.79	0.04	0.40	0.16	0.12	1.00	0.20	0.07	0.57	0.20	0.41	0.35	0.53	0.39	0.19	0.01	0.04
493E 0.45	0.84	0.04	0.81	1.00	0.03	0.25	0.08	0.12	0.72	0.20	0.07	0.33	0.19	0.40	0.34	0.97	0.53	0.19	0.01	0.03
494L 0.39	0.54	0.18	0.21	0.29	0.76	0.35	0.54	0.48	0.31	0.89	0.27	0.32	0.21	0.31	0.36	0.41	0.40	0.55	0.19	1.00
495P 0.36	0.02	0.00	0.02	0.04	0.00	0.02	0.01	0.01	0.21	0.01	0.00	0.02	1.00	0.11	0.07	0.02	0.02	0.01	0.00	0.01
496P 0.33	0.16	0.03	0.07	0.10	0.07	0.09	0.16	0.09	0.17	0.19	0.15	0.08	1.00	0.09	0.14	0.11	0.10	0.11	0.02	0.07
497V 0.33	0.86	0.10	0.63	0.96	0.20	0.43	0.23	0.28	0.90	0.43	0.15	0.56	0.33	0.60	0.55	1.00	0.96	0.42	0.06	0.25
498T 0.27	0.67	0.07	0.02	0.05	0.04	0.01	0.01	0.51	0.05	0.23	0.07	0.03	0.07	0.04	0.03	0.07	1.00	0.97	0.01	0.01
499S 0.24	0.93	0.09	0.34	0.54	0.12	0.41	0.14	0.18	0.61	0.37	0.10	0.32	0.26	0.36	0.47	1.00	0.51	0.30	0.04	0.15
500E 0.18	0.08	0.01	0.11	1.00	0.01	0.04	0.03	0.02	0.19	0.04	0.01	0.05	0.04	0.10	0.45	0.06	0.05	0.03	0.01	0.02
pos	A	C	D	E	F	G	H	I	K	L	M	N	P	Q	R	S	T	V	W	Y
501Q 0.15	0.00	0.00	0.00	0.00	0.00	0.00	0.00	0.00	0.00	0.00	0.00	0.00	0.00	1.00	0.00	0.00	0.00	0.00	0.00	0.00
