Each row corresponds to a position in the reference protein.  Below each position is the fraction of sequences that contain one of the basic amino acids.  A low fraction indicates the position is either severely gapped or unalignable and has little information.  Expect poor prediction at these positions.
Each column corresponds to one of the twenty amino acids. 
Each entry contains the score at a particular position (row) for an amino acid substitution (column).  Substitutions predicted to be intolerant are highlighted in red.




pos	A	C	D	E	F	G	H	I	K	L	M	N	P	Q	R	S	T	V	W	Y
1M 0.28	0.00	0.00	0.00	0.00	0.00	0.00	0.00	0.00	0.00	0.00	1.00	0.00	0.00	0.00	0.00	0.00	0.00	0.00	0.00	0.00
2G 0.28	0.35	0.04	0.13	0.08	0.02	1.00	0.03	0.04	0.09	0.05	0.03	0.16	0.11	0.06	0.06	0.77	0.74	0.08	0.01	0.03
3T 0.44	0.22	0.04	0.16	0.40	0.02	0.09	0.03	0.06	0.13	0.06	0.03	0.16	0.10	0.10	0.07	0.69	1.00	0.09	0.01	0.03
4Q 0.61	0.65	0.04	0.74	0.84	0.04	0.37	0.10	0.15	1.00	0.24	0.08	0.41	0.22	0.70	0.42	0.59	0.58	0.23	0.01	0.04
5K 0.83	0.01	0.00	0.00	0.02	0.00	0.01	0.09	0.01	1.00	0.01	0.00	0.01	0.01	0.03	0.82	0.01	0.01	0.01	0.00	0.01
6V 0.83	0.02	0.00	0.00	0.00	0.03	0.01	0.00	0.42	0.01	1.00	0.09	0.00	0.00	0.00	0.01	0.01	0.02	0.95	0.00	0.01
7T 0.83	0.02	0.00	0.01	0.01	0.00	0.01	0.00	0.01	0.01	0.01	0.00	0.02	0.01	0.18	0.01	0.05	1.00	0.01	0.00	0.00
8P 0.83	1.00	0.10	0.08	0.10	0.06	0.56	0.03	0.06	0.11	0.13	0.05	0.08	0.27	0.08	0.08	0.50	0.20	0.17	0.02	0.05
9A 0.83	0.24	0.04	0.07	0.07	0.02	0.07	0.02	0.07	0.09	0.07	0.03	0.11	0.14	0.06	0.18	0.56	1.00	0.32	0.01	0.02
10L 0.83	0.00	0.00	0.00	0.00	0.01	0.00	0.00	0.08	0.00	1.00	0.01	0.00	0.00	0.00	0.00	0.00	0.00	0.01	0.00	0.00
11I 0.83	0.45	0.01	0.00	0.01	0.03	0.00	0.00	0.50	0.01	0.33	0.26	0.01	0.01	0.01	0.01	0.01	0.05	1.00	0.00	0.01
12F 0.83	0.01	0.00	0.00	0.00	0.54	0.00	0.00	0.02	0.00	1.00	0.01	0.00	0.00	0.00	0.00	0.00	0.01	0.02	0.03	0.18
13A 0.83	1.00	0.01	0.01	0.01	0.00	0.03	0.00	0.01	0.02	0.01	0.01	0.02	0.02	0.01	0.10	0.14	0.31	0.02	0.00	0.00
14I 0.83	0.05	0.01	0.00	0.01	0.01	0.00	0.00	0.29	0.01	0.12	0.02	0.00	0.01	0.01	0.01	0.01	0.58	1.00	0.00	0.01
15T 0.83	0.50	0.16	0.19	0.24	0.72	0.34	0.44	0.48	0.26	1.00	0.26	0.28	0.20	0.26	0.30	0.47	0.49	0.51	0.16	0.81
16V 0.83	0.15	0.04	0.06	0.06	0.11	0.08	0.04	1.00	0.07	0.40	0.08	0.08	0.05	0.05	0.06	0.25	0.33	0.97	0.02	0.09
17A 0.83	1.00	0.00	0.00	0.00	0.00	0.00	0.00	0.00	0.00	0.00	0.00	0.00	0.00	0.00	0.00	0.00	0.00	0.00	0.00	0.00
18T 0.83	0.76	0.04	0.01	0.03	0.02	0.03	0.01	0.20	0.04	0.14	0.04	0.02	0.06	0.03	0.02	0.07	0.39	1.00	0.00	0.01
19I 0.83	0.02	0.01	0.00	0.01	0.61	0.00	0.00	0.44	0.01	1.00	0.08	0.01	0.01	0.01	0.01	0.01	0.01	0.07	0.01	0.02
20G 0.83	0.02	0.00	0.01	0.00	0.00	1.00	0.00	0.00	0.00	0.00	0.00	0.01	0.01	0.00	0.00	0.09	0.01	0.00	0.00	0.00
21S 0.92	0.02	0.00	0.01	0.00	0.06	0.01	0.00	0.00	0.00	0.01	0.00	0.01	0.01	0.00	0.00	1.00	0.01	0.01	0.00	0.02
22F 0.92	0.01	0.00	0.00	0.00	1.00	0.00	0.00	0.02	0.00	0.39	0.01	0.00	0.00	0.00	0.00	0.00	0.00	0.01	0.01	0.03
23Q 0.92	0.00	0.00	0.00	0.00	0.00	0.00	0.00	0.00	0.00	0.00	0.00	0.00	0.00	1.00	0.00	0.00	0.00	0.00	0.00	0.00
24F 0.92	0.00	0.00	0.00	0.00	1.00	0.00	0.00	0.01	0.00	0.02	0.00	0.00	0.00	0.00	0.00	0.00	0.00	0.01	0.02	0.84
25G 0.92	0.09	0.00	0.00	0.00	0.00	1.00	0.00	0.00	0.00	0.00	0.00	0.00	0.01	0.00	0.00	0.01	0.00	0.00	0.00	0.00
pos	A	C	D	E	F	G	H	I	K	L	M	N	P	Q	R	S	T	V	W	Y
26Y 0.92	0.00	0.00	0.00	0.00	0.00	0.00	0.00	0.00	0.00	0.00	0.00	0.00	0.00	0.00	0.00	0.00	0.00	0.00	0.00	1.00
27N 0.92	0.00	0.00	0.18	0.01	0.00	0.02	0.00	0.00	0.01	0.00	0.00	1.00	0.00	0.00	0.00	0.06	0.00	0.00	0.00	0.00
28T 0.92	0.12	0.03	0.01	0.02	0.07	0.02	0.00	0.94	0.03	0.40	0.07	0.02	0.02	0.01	0.02	0.03	0.16	1.00	0.01	0.03
29G 0.92	0.50	0.01	0.01	0.01	0.00	1.00	0.00	0.00	0.01	0.01	0.00	0.00	0.02	0.00	0.00	0.28	0.01	0.01	0.00	0.00
30V 0.92	0.25	0.01	0.00	0.01	0.00	0.00	0.00	0.03	0.01	0.02	0.01	0.00	0.01	0.00	0.00	0.01	0.06	1.00	0.00	0.00
31I 0.92	0.01	0.09	0.00	0.00	0.00	0.00	0.00	1.00	0.00	0.02	0.00	0.00	0.00	0.00	0.00	0.00	0.01	0.39	0.00	0.00
32N 0.92	0.00	0.00	0.00	0.00	0.00	0.00	0.00	0.00	0.00	0.00	0.00	1.00	0.00	0.00	0.00	0.00	0.00	0.00	0.00	0.00
33A 0.92	1.00	0.01	0.01	0.01	0.00	0.02	0.00	0.01	0.01	0.01	0.00	0.02	0.02	0.01	0.05	0.54	0.33	0.01	0.00	0.00
34P 0.92	0.00	0.00	0.00	0.00	0.00	0.00	0.00	0.00	0.00	0.00	0.00	0.00	1.00	0.00	0.00	0.00	0.00	0.00	0.00	0.00
35E 0.92	0.35	0.01	0.33	1.00	0.02	0.09	0.32	0.03	0.21	0.06	0.02	0.11	0.09	0.96	0.10	0.50	0.11	0.05	0.01	0.03
36K 0.92	0.25	0.01	0.16	0.75	0.01	0.09	0.03	0.04	1.00	0.15	0.02	0.11	0.07	0.26	0.15	0.16	0.26	0.07	0.01	0.01
37I 0.92	0.01	0.00	0.00	0.00	0.21	0.00	0.00	0.47	0.00	0.32	0.02	0.00	0.00	0.00	0.00	0.00	0.01	1.00	0.00	0.01
38I 0.92	0.02	0.00	0.00	0.00	0.27	0.00	0.00	1.00	0.01	0.27	0.50	0.00	0.01	0.01	0.01	0.00	0.01	0.06	0.01	0.01
39K 0.92	0.03	0.00	0.02	0.55	0.01	0.02	0.02	0.01	1.00	0.03	0.01	0.03	0.02	0.36	0.33	0.03	0.15	0.02	0.00	0.01
40E 0.94	0.57	0.03	0.66	1.00	0.03	0.22	0.13	0.10	0.56	0.17	0.06	0.28	0.17	0.56	0.28	0.53	0.32	0.16	0.01	0.03
41F 0.94	0.17	0.02	0.02	0.03	1.00	0.05	0.10	0.05	0.03	0.07	0.02	0.03	0.03	0.03	0.04	0.18	0.06	0.15	0.02	0.10
42I 0.94	0.01	0.00	0.00	0.00	0.10	0.00	0.00	0.18	0.00	0.40	0.03	0.00	0.01	0.00	0.00	0.01	0.01	0.04	0.02	1.00
43N 0.94	0.01	0.00	0.03	0.01	0.00	0.14	0.01	0.00	0.01	0.00	0.00	1.00	0.01	0.01	0.01	0.02	0.01	0.00	0.00	0.00
44K 0.94	0.79	0.08	0.63	1.00	0.15	0.41	0.19	0.23	0.92	0.38	0.13	0.51	0.29	0.60	0.55	0.75	0.60	0.34	0.04	0.18
45T 0.94	0.03	0.01	0.05	0.01	0.00	0.01	0.01	0.01	0.01	0.01	0.05	0.02	0.05	0.01	0.01	0.12	1.00	0.01	0.00	0.04
46L 0.94	0.37	0.13	0.15	0.20	0.52	0.24	0.47	0.32	0.21	0.90	0.18	0.22	0.15	0.21	0.25	0.29	0.29	0.44	0.27	1.00
47T 0.94	0.51	0.17	0.22	0.29	0.70	0.33	0.53	0.39	0.30	0.65	0.22	0.31	0.20	0.30	0.35	0.41	0.40	0.50	0.18	1.00
48D 0.94	0.31	0.03	0.99	1.00	0.04	0.36	0.27	0.08	0.37	0.13	0.05	0.34	0.12	0.36	0.37	0.49	0.24	0.12	0.01	0.10
49K 0.94	0.01	0.00	0.00	0.05	0.00	0.00	0.01	0.00	0.10	0.01	0.00	0.01	0.00	0.10	1.00	0.04	0.01	0.00	0.00	0.00
50G 0.94	0.51	0.18	0.21	0.28	0.70	0.35	0.55	0.39	0.30	0.65	0.22	0.31	0.20	0.30	0.35	0.41	0.40	0.50	0.18	1.00
pos	A	C	D	E	F	G	H	I	K	L	M	N	P	Q	R	S	T	V	W	Y
51N 0.94	0.62	0.04	0.51	1.00	0.03	0.73	0.08	0.12	0.66	0.20	0.07	0.43	0.28	0.39	0.35	0.57	0.43	0.19	0.01	0.03
52A 0.94	0.50	0.03	0.45	1.00	0.03	0.27	0.07	0.13	0.55	0.18	0.06	0.31	0.21	0.35	0.31	0.45	0.51	0.17	0.01	0.02
53P 0.94	0.51	0.18	0.21	0.28	0.70	0.33	0.54	0.39	0.30	0.65	0.22	0.31	0.21	0.30	0.35	0.41	0.40	0.50	0.18	1.00
54P 0.94	0.87	0.10	0.08	0.10	0.20	0.45	0.04	0.44	0.13	1.00	0.24	0.08	0.23	0.10	0.11	0.43	0.20	0.40	0.03	0.07
55S 0.94	0.55	0.04	0.78	0.89	0.04	0.31	0.09	0.14	0.68	0.27	0.08	0.44	0.25	0.43	0.42	1.00	0.55	0.21	0.01	0.03
56E 0.94	0.67	0.04	0.55	1.00	0.04	0.35	0.10	0.14	0.69	0.22	0.08	0.38	0.28	0.45	0.38	0.66	0.46	0.22	0.01	0.03
57V 0.92	0.97	0.17	0.64	1.00	0.56	0.54	0.48	0.43	0.96	0.69	0.24	0.61	0.36	0.68	0.66	0.88	0.74	0.59	0.14	0.73
58L 0.92	0.45	0.13	0.16	0.19	0.41	0.21	0.30	0.45	0.22	0.86	0.18	0.26	0.27	0.20	0.22	0.63	1.00	0.48	0.11	0.59
59L 0.92	0.00	0.00	0.00	0.00	0.01	0.00	0.00	0.11	0.00	1.00	0.12	0.00	0.00	0.00	0.00	0.00	0.00	0.10	0.00	0.00
60T 0.94	0.04	0.01	0.01	0.01	0.02	0.01	0.00	0.05	0.01	0.26	0.03	0.02	0.02	0.01	0.01	0.06	1.00	0.05	0.00	0.01
61S 0.94	0.32	0.05	0.07	0.06	0.07	0.09	0.03	0.18	0.08	0.78	0.29	0.12	0.11	0.07	0.06	0.68	1.00	0.25	0.02	0.04
62L 0.94	0.00	0.00	0.00	0.00	0.07	0.00	0.00	0.01	0.00	1.00	0.00	0.00	0.00	0.00	0.00	0.00	0.00	0.01	0.01	0.07
63W 0.94	0.00	0.00	0.00	0.00	0.00	0.00	0.00	0.00	0.00	0.00	0.00	0.00	0.00	0.00	0.00	0.00	0.00	0.00	1.00	0.00
64S 0.94	0.13	0.00	0.00	0.00	0.00	0.01	0.00	0.00	0.00	0.00	0.00	0.00	0.01	0.00	0.00	1.00	0.01	0.00	0.00	0.00
65L 0.94	0.03	0.19	0.00	0.01	0.02	0.00	0.00	0.15	0.01	1.00	0.03	0.00	0.01	0.01	0.00	0.01	0.02	0.34	0.00	0.00
66S 0.94	0.03	0.09	0.01	0.01	0.00	0.01	0.00	0.01	0.01	0.01	0.00	0.02	0.01	0.01	0.01	1.00	0.70	0.01	0.00	0.00
67V 0.94	0.00	0.00	0.00	0.00	0.00	0.00	0.00	0.00	0.00	0.00	0.00	0.00	0.00	0.00	0.00	0.00	0.00	1.00	0.00	0.00
68A 0.94	0.77	0.01	0.01	0.01	0.00	0.04	0.00	0.00	0.01	0.01	0.00	0.01	0.02	0.01	0.01	1.00	0.02	0.01	0.00	0.00
69I 0.94	0.12	0.02	0.01	0.02	0.09	0.03	0.01	1.00	0.03	0.47	0.87	0.02	0.03	0.03	0.02	0.30	0.10	0.27	0.01	0.02
70F 0.94	0.00	0.00	0.00	0.00	1.00	0.00	0.00	0.00	0.00	0.00	0.00	0.00	0.00	0.00	0.00	0.00	0.00	0.00	0.00	0.00
71S 0.94	1.00	0.09	0.07	0.08	0.03	0.48	0.02	0.04	0.09	0.09	0.04	0.07	0.42	0.06	0.06	0.69	0.21	0.15	0.01	0.03
72V 0.94	0.05	0.01	0.01	0.01	0.35	0.01	0.01	0.20	0.01	0.47	0.06	0.01	0.01	0.01	0.01	0.10	0.03	1.00	0.01	0.03
73G 0.94	0.00	0.00	0.00	0.00	0.00	1.00	0.00	0.00	0.00	0.00	0.00	0.00	0.00	0.00	0.00	0.00	0.00	0.00	0.00	0.00
74G 0.94	0.00	0.00	0.00	0.00	0.00	1.00	0.00	0.00	0.00	0.00	0.00	0.00	0.00	0.00	0.00	0.00	0.00	0.00	0.00	0.00
75M 0.94	0.01	0.00	0.00	0.00	0.47	0.00	0.00	0.06	0.00	0.41	1.00	0.00	0.01	0.01	0.00	0.00	0.01	0.03	0.01	0.01
pos	A	C	D	E	F	G	H	I	K	L	M	N	P	Q	R	S	T	V	W	Y
76I 0.94	0.13	0.01	0.00	0.00	0.01	0.00	0.00	1.00	0.01	0.36	0.01	0.00	0.01	0.00	0.00	0.01	0.08	0.36	0.00	0.00
77G 0.94	0.24	0.00	0.00	0.00	0.00	1.00	0.00	0.00	0.00	0.00	0.00	0.00	0.01	0.00	0.00	0.26	0.01	0.01	0.00	0.00
78S 0.94	0.00	0.00	0.00	0.00	0.00	0.00	0.00	0.00	0.00	0.00	0.00	0.00	0.00	0.00	0.00	1.00	0.00	0.00	0.00	0.00
79F 0.94	0.01	0.00	0.00	0.00	1.00	0.00	0.00	0.05	0.00	0.78	0.03	0.00	0.00	0.00	0.00	0.00	0.01	0.03	0.01	0.04
80S 0.94	0.17	0.04	0.03	0.05	0.23	0.05	0.07	0.42	0.06	1.00	0.23	0.05	0.06	0.07	0.06	0.08	0.13	0.36	0.04	0.12
81V 0.94	0.02	0.00	0.00	0.00	0.02	0.13	0.00	0.40	0.01	0.11	0.02	0.00	0.00	0.00	0.01	0.01	0.02	1.00	0.00	0.01
82G 0.94	0.02	0.00	0.00	0.00	0.00	1.00	0.00	0.00	0.00	0.00	0.00	0.01	0.01	0.00	0.00	0.05	0.00	0.00	0.00	0.00
83L 0.94	0.10	0.03	0.02	0.04	0.21	0.04	0.05	0.33	0.04	1.00	0.21	0.04	0.07	0.05	0.05	0.05	0.06	0.20	0.05	0.09
84F 0.94	0.02	0.00	0.00	0.00	0.54	0.00	0.00	0.29	0.01	1.00	0.14	0.00	0.01	0.01	0.01	0.00	0.01	0.05	0.01	0.01
85V 0.94	1.00	0.10	0.10	0.10	0.10	0.67	0.04	0.16	0.11	0.16	0.06	0.10	0.24	0.08	0.08	0.59	0.22	0.79	0.02	0.07
86N 0.94	0.01	0.00	0.42	0.02	0.00	0.03	0.01	0.00	0.01	0.00	0.00	1.00	0.01	0.15	0.01	0.02	0.01	0.00	0.00	0.00
87R 0.94	0.10	0.01	0.05	0.13	0.02	0.07	0.07	0.04	0.94	0.08	0.03	0.23	0.07	0.19	1.00	0.24	0.18	0.05	0.15	0.04
88F 0.94	0.03	0.15	0.00	0.01	1.00	0.01	0.01	0.10	0.01	0.97	0.06	0.00	0.01	0.01	0.01	0.01	0.02	0.07	0.15	0.24
89G 0.94	0.00	0.00	0.00	0.00	0.00	1.00	0.00	0.00	0.00	0.00	0.00	0.00	0.00	0.00	0.00	0.00	0.00	0.00	0.00	0.00
90R 0.94	0.00	0.00	0.00	0.00	0.00	0.00	0.00	0.00	0.05	0.00	0.00	0.00	0.00	0.01	1.00	0.00	0.00	0.00	0.00	0.00
91R 0.94	0.08	0.01	0.02	0.11	0.02	0.08	0.07	0.17	1.00	0.08	0.03	0.07	0.06	0.18	0.72	0.07	0.08	0.09	0.01	0.04
92N 0.94	0.15	0.02	0.28	0.20	0.03	0.95	0.13	0.04	1.00	0.10	0.03	1.00	0.11	0.25	0.78	0.22	0.15	0.06	0.02	0.07
93S 0.94	1.00	0.01	0.01	0.01	0.00	0.03	0.00	0.01	0.01	0.01	0.01	0.02	0.02	0.01	0.01	0.78	0.60	0.02	0.00	0.00
94M 0.94	0.01	0.00	0.00	0.00	0.02	0.00	0.00	0.03	0.00	0.86	1.00	0.00	0.00	0.00	0.00	0.00	0.00	0.02	0.00	0.00
95L 0.94	0.00	0.00	0.00	0.00	0.00	0.00	0.00	0.00	0.00	1.00	0.00	0.00	0.00	0.00	0.00	0.00	0.00	0.00	0.00	0.00
96I 0.94	0.21	0.03	0.01	0.03	0.43	0.02	0.01	0.88	0.03	1.00	0.34	0.02	0.03	0.03	0.03	0.03	0.08	0.73	0.02	0.04
97V 0.94	1.00	0.14	0.11	0.15	0.09	0.34	0.05	0.41	0.16	0.35	0.13	0.20	0.25	0.12	0.11	0.54	0.60	0.92	0.02	0.07
98N 0.97	0.00	0.00	0.00	0.00	0.00	0.00	0.00	0.00	0.00	0.00	0.00	1.00	0.00	0.00	0.00	0.00	0.00	0.00	0.00	0.00
99L 0.97	0.08	0.01	0.00	0.01	0.02	0.00	0.00	1.00	0.01	0.62	0.02	0.00	0.01	0.00	0.01	0.13	0.03	0.57	0.00	0.01
100L 0.97	0.01	0.00	0.00	0.00	0.58	0.00	0.00	0.11	0.01	1.00	0.05	0.00	0.01	0.01	0.01	0.00	0.01	0.04	0.01	0.01
pos	A	C	D	E	F	G	H	I	K	L	M	N	P	Q	R	S	T	V	W	Y
101A 1.00	1.00	0.01	0.00	0.00	0.00	0.03	0.00	0.00	0.01	0.01	0.00	0.00	0.01	0.00	0.00	0.73	0.01	0.01	0.00	0.00
102V 1.00	0.01	0.00	0.00	0.00	0.29	0.00	0.00	1.00	0.00	0.27	0.01	0.00	0.00	0.00	0.00	0.00	0.01	0.33	0.00	0.00
103T 1.00	0.39	0.02	0.01	0.02	0.02	0.00	0.00	0.47	0.02	0.50	0.03	0.01	0.02	0.01	0.01	0.02	0.36	1.00	0.00	0.01
104G 1.00	1.00	0.09	0.07	0.08	0.03	0.87	0.02	0.04	0.09	0.08	0.04	0.06	0.53	0.06	0.06	0.59	0.15	0.14	0.01	0.03
105G 1.00	1.00	0.01	0.02	0.01	0.00	0.47	0.00	0.00	0.01	0.01	0.00	0.08	0.02	0.01	0.01	0.04	0.02	0.01	0.00	0.00
106C 1.00	0.41	0.41	0.01	0.04	0.03	0.00	0.01	0.89	0.04	0.65	0.06	0.02	0.05	0.03	0.02	0.08	0.23	1.00	0.01	0.01
107F 1.00	0.00	0.00	0.00	0.00	0.07	0.00	0.00	0.01	0.00	1.00	0.01	0.00	0.00	0.00	0.00	0.00	0.00	0.01	0.00	0.00
108M 1.00	0.00	0.00	0.00	0.00	0.00	0.00	0.00	0.00	0.00	0.00	1.00	0.00	0.00	0.00	0.00	0.00	0.00	0.00	0.00	0.00
109G 1.00	0.06	0.00	0.00	0.00	0.00	1.00	0.00	0.00	0.00	0.00	0.00	0.00	0.01	0.00	0.00	0.01	0.00	0.00	0.00	0.00
110L 1.00	0.34	0.25	0.03	0.06	0.50	0.03	0.04	0.57	0.07	1.00	0.21	0.04	0.09	0.06	0.05	0.07	0.27	0.92	0.03	0.08
111C 1.00	0.41	0.14	0.01	0.01	0.00	0.07	0.00	0.01	0.01	0.01	0.01	0.01	0.03	0.01	0.01	1.00	0.03	0.02	0.00	0.00
112K 1.00	0.01	0.00	0.05	0.05	0.00	0.01	0.00	0.00	1.00	0.01	0.00	0.09	0.01	0.05	0.08	0.01	0.01	0.00	0.00	0.00
113V 1.00	0.29	0.02	0.01	0.01	0.20	0.01	0.00	0.91	0.02	0.79	0.20	0.01	0.02	0.01	0.01	0.02	0.14	1.00	0.01	0.01
114A 1.00	1.00	0.01	0.00	0.00	0.00	0.38	0.00	0.00	0.01	0.01	0.00	0.00	0.01	0.00	0.00	0.03	0.01	0.04	0.00	0.00
115K 1.00	0.48	0.03	0.29	0.64	0.02	0.18	0.06	0.09	1.00	0.18	0.05	0.23	0.36	0.37	0.50	0.34	0.30	0.13	0.01	0.02
116S 1.00	0.34	0.00	0.00	0.00	0.00	0.02	0.00	0.00	0.00	0.00	0.00	0.00	0.01	0.00	0.00	1.00	0.01	0.01	0.00	0.00
117V 1.00	0.11	0.04	0.04	0.06	1.00	0.07	0.40	0.08	0.06	0.14	0.05	0.06	0.04	0.06	0.07	0.08	0.08	0.46	0.04	0.42
118E 1.00	0.15	0.01	0.10	1.00	0.01	0.03	0.01	0.13	0.04	0.03	0.01	0.02	0.03	0.05	0.02	0.04	0.04	0.06	0.00	0.01
119M 1.00	0.01	0.00	0.00	0.00	0.02	0.00	0.00	0.20	0.00	1.00	0.99	0.00	0.00	0.00	0.00	0.00	0.00	0.02	0.00	0.00
120L 1.00	0.01	0.00	0.00	0.00	0.02	0.00	0.00	1.00	0.00	0.87	0.03	0.00	0.00	0.00	0.00	0.00	0.01	0.04	0.00	0.00
121I 1.00	0.00	0.00	0.00	0.00	0.00	0.00	0.00	1.00	0.00	0.01	0.00	0.00	0.00	0.00	0.00	0.00	0.00	0.12	0.00	0.00
122L 1.00	0.30	0.02	0.01	0.02	0.18	0.01	0.01	0.49	0.02	1.00	0.07	0.01	0.02	0.02	0.02	0.06	0.05	0.34	0.01	0.02
123G 1.00	0.16	0.01	0.01	0.01	0.00	1.00	0.00	0.00	0.01	0.01	0.00	0.01	0.02	0.00	0.00	0.57	0.01	0.01	0.00	0.00
124R 1.00	0.00	0.00	0.00	0.00	0.00	0.00	0.00	0.00	0.00	0.00	0.00	0.00	0.00	0.00	1.00	0.00	0.00	0.00	0.00	0.00
125L 1.00	0.53	0.09	0.10	0.13	0.68	0.31	0.20	0.25	0.14	1.00	0.13	0.13	0.14	0.13	0.15	0.43	0.20	0.56	0.08	0.38
pos	A	C	D	E	F	G	H	I	K	L	M	N	P	Q	R	S	T	V	W	Y
126V 1.00	0.01	0.00	0.00	0.00	0.07	0.00	0.00	0.96	0.00	1.00	0.02	0.00	0.00	0.00	0.00	0.00	0.01	0.53	0.00	0.01
127I 1.00	0.03	0.01	0.00	0.01	0.02	0.01	0.00	1.00	0.01	0.24	0.02	0.00	0.01	0.00	0.01	0.23	0.10	0.79	0.00	0.01
128G 1.00	0.00	0.00	0.00	0.00	0.00	1.00	0.00	0.00	0.00	0.00	0.00	0.00	0.00	0.00	0.00	0.00	0.00	0.00	0.00	0.00
129L 1.00	0.22	0.01	0.00	0.01	0.02	0.00	0.00	1.00	0.01	0.77	0.02	0.00	0.01	0.00	0.01	0.01	0.03	0.63	0.00	0.01
130F 1.00	0.05	0.04	0.01	0.01	1.00	0.01	0.00	0.09	0.00	0.23	0.05	0.00	0.02	0.00	0.00	0.03	0.03	0.09	0.21	0.88
131C 1.00	0.89	1.00	0.01	0.01	0.00	0.05	0.00	0.00	0.01	0.01	0.00	0.01	0.02	0.01	0.01	0.28	0.02	0.02	0.00	0.00
132G 1.00	0.00	0.00	0.00	0.00	0.00	1.00	0.00	0.00	0.00	0.00	0.00	0.00	0.00	0.00	0.00	0.00	0.00	0.00	0.00	0.00
133L 1.00	0.01	0.00	0.00	0.00	0.01	0.00	0.00	0.33	0.00	1.00	0.01	0.00	0.00	0.00	0.00	0.00	0.00	0.20	0.00	0.00
134C 1.00	0.31	0.14	0.09	0.06	0.03	0.09	0.03	0.16	0.09	0.09	0.04	0.15	0.12	0.07	0.06	0.82	1.00	0.20	0.01	0.03
135T 1.00	0.08	0.02	0.04	0.02	0.01	0.03	0.01	0.02	0.03	0.02	0.01	0.07	0.04	0.03	0.02	1.00	0.85	0.04	0.01	0.20
136G 1.00	0.02	0.00	0.06	0.02	0.00	1.00	0.01	0.00	0.02	0.00	0.00	0.47	0.01	0.01	0.01	0.25	0.01	0.00	0.00	0.01
137F 1.00	0.40	0.06	0.02	0.05	0.50	0.01	0.02	0.42	0.05	0.80	0.13	0.03	0.07	0.05	0.04	0.06	0.27	1.00	0.01	0.04
138V 1.00	0.00	0.00	0.00	0.00	0.00	0.00	0.00	0.07	0.00	0.17	0.00	0.00	0.00	0.00	0.00	0.00	0.00	1.00	0.00	0.00
139P 1.00	0.00	0.00	0.00	0.00	0.00	0.00	0.00	0.00	0.00	0.00	0.00	0.00	1.00	0.00	0.00	0.00	0.00	0.00	0.00	0.00
140M 1.00	0.00	0.00	0.00	0.00	0.00	0.00	0.00	0.00	0.00	0.00	1.00	0.00	0.00	0.00	0.00	0.00	0.00	0.00	0.00	0.00
141Y 1.00	0.00	0.00	0.00	0.00	0.00	0.00	0.00	0.00	0.00	0.00	0.00	0.00	0.00	0.00	0.00	0.00	0.00	0.00	0.00	1.00
142I 1.00	0.01	0.00	0.00	0.00	0.02	0.01	0.00	1.00	0.01	0.99	0.02	0.00	0.00	0.00	0.00	0.01	0.02	0.84	0.00	0.01
143G 1.00	0.02	0.00	0.01	0.00	0.00	1.00	0.00	0.00	0.00	0.00	0.00	0.01	0.01	0.00	0.00	0.09	0.00	0.00	0.00	0.00
144E 1.00	0.00	0.00	0.00	1.00	0.00	0.00	0.00	0.00	0.00	0.00	0.00	0.00	0.00	0.00	0.00	0.00	0.00	0.00	0.00	0.00
145I 1.00	0.01	0.00	0.00	0.00	0.02	0.01	0.00	0.97	0.01	1.00	0.02	0.00	0.00	0.00	0.00	0.01	0.02	0.90	0.00	0.01
146S 1.00	1.00	0.01	0.00	0.00	0.00	0.03	0.00	0.00	0.01	0.01	0.00	0.00	0.01	0.00	0.00	0.72	0.01	0.01	0.00	0.00
147P 1.00	0.00	0.00	0.00	0.00	0.00	0.00	0.00	0.00	0.00	0.00	0.00	0.00	1.00	0.00	0.00	0.00	0.00	0.00	0.00	0.00
148T 1.00	0.06	0.01	0.02	0.07	0.01	0.04	0.03	0.02	0.75	0.04	0.01	0.05	0.04	0.17	0.21	0.09	1.00	0.03	0.01	0.02
149A 1.00	0.69	0.06	0.62	0.45	0.07	0.42	0.22	0.10	0.39	0.14	0.06	1.00	0.20	0.27	0.23	0.83	0.85	0.16	0.03	0.10
150L 1.00	0.00	0.00	0.00	0.00	0.01	0.00	0.00	0.02	0.00	1.00	0.01	0.00	0.00	0.00	0.00	0.00	0.00	0.01	0.06	0.01
pos	A	C	D	E	F	G	H	I	K	L	M	N	P	Q	R	S	T	V	W	Y
151R 1.00	0.00	0.00	0.00	0.00	0.00	0.00	0.00	0.00	0.00	0.00	0.00	0.00	0.00	0.00	1.00	0.00	0.00	0.00	0.00	0.00
152G 1.00	0.00	0.00	0.00	0.00	0.00	1.00	0.00	0.00	0.00	0.00	0.00	0.00	0.00	0.00	0.00	0.00	0.00	0.00	0.00	0.00
153A 1.00	1.00	0.00	0.00	0.00	0.00	0.02	0.00	0.01	0.00	0.01	0.09	0.00	0.01	0.00	0.00	0.02	0.01	0.01	0.00	0.00
154F 1.00	0.01	0.00	0.00	0.00	0.29	0.00	0.00	0.09	0.00	1.00	0.03	0.00	0.00	0.00	0.00	0.00	0.01	0.14	0.00	0.00
155G 1.00	0.00	0.00	0.00	0.00	0.00	1.00	0.00	0.00	0.00	0.00	0.00	0.00	0.00	0.00	0.00	0.00	0.00	0.00	0.00	0.00
156T 1.00	0.08	0.01	0.00	0.01	0.00	0.00	0.00	0.03	0.01	0.02	0.01	0.01	0.01	0.01	0.00	0.02	1.00	0.42	0.00	0.00
157L 1.00	0.02	0.01	0.00	0.08	0.12	0.00	0.00	0.10	0.01	1.00	0.18	0.00	0.01	0.01	0.01	0.01	0.01	0.38	0.01	0.01
158N 1.00	0.26	0.06	0.43	0.16	0.04	0.30	0.19	0.07	0.19	0.08	0.04	0.64	0.21	0.13	0.11	0.86	1.00	0.11	0.02	0.07
159Q 1.00	0.01	0.00	0.02	0.18	0.00	0.00	0.00	0.00	0.01	0.00	0.00	0.00	0.00	1.00	0.00	0.00	0.00	0.00	0.00	0.00
160L 1.00	0.00	0.00	0.00	0.00	0.01	0.00	0.00	0.02	0.00	1.00	0.01	0.00	0.00	0.00	0.00	0.00	0.00	0.16	0.00	0.00
161G 1.00	1.00	0.10	0.08	0.09	0.06	0.54	0.02	0.05	0.10	0.10	0.04	0.07	0.24	0.07	0.07	0.49	0.17	0.16	0.02	0.04
162I 1.00	0.00	0.00	0.00	0.00	0.00	0.00	0.00	1.00	0.00	0.10	0.00	0.00	0.00	0.00	0.00	0.00	0.00	0.20	0.00	0.00
163V 1.00	0.03	0.01	0.00	0.00	0.01	0.00	0.00	0.28	0.01	0.04	0.01	0.00	0.01	0.00	0.00	0.01	0.40	1.00	0.00	0.00
164V 1.00	0.02	0.00	0.00	0.00	0.01	0.00	0.00	0.64	0.00	0.21	0.01	0.00	0.00	0.00	0.00	0.00	0.37	1.00	0.00	0.00
165G 1.00	0.00	0.00	0.00	0.00	0.00	1.00	0.00	0.00	0.00	0.00	0.00	0.00	0.00	0.00	0.00	0.00	0.00	0.00	0.00	0.00
166I 1.00	0.00	0.00	0.00	0.00	0.00	0.00	0.00	1.00	0.00	0.01	0.00	0.00	0.00	0.00	0.00	0.00	0.00	0.18	0.00	0.00
167L 1.00	0.00	0.00	0.00	0.00	0.10	0.00	0.00	0.01	0.00	1.00	0.01	0.00	0.00	0.00	0.00	0.00	0.00	0.01	0.00	0.01
168V 1.00	0.00	0.00	0.00	0.00	0.01	0.00	0.00	0.72	0.00	0.27	0.01	0.00	0.00	0.00	0.00	0.00	0.01	1.00	0.00	0.00
169A 1.00	1.00	0.00	0.00	0.00	0.00	0.02	0.00	0.00	0.00	0.00	0.00	0.00	0.01	0.00	0.00	0.21	0.01	0.00	0.00	0.00
170Q 1.00	0.00	0.00	0.00	0.00	0.00	0.00	0.00	0.00	0.00	0.00	0.00	0.00	0.00	1.00	0.00	0.00	0.00	0.00	0.00	0.00
171I 1.00	0.00	0.00	0.00	0.00	0.00	0.00	0.00	1.00	0.00	0.12	0.00	0.00	0.00	0.00	0.00	0.00	0.00	0.50	0.00	0.00
172F 1.00	0.11	0.01	0.00	0.00	1.00	0.00	0.00	0.12	0.01	0.34	0.04	0.00	0.01	0.01	0.00	0.01	0.02	0.16	0.00	0.01
173G 1.00	0.03	0.00	0.01	0.00	0.00	1.00	0.00	0.00	0.00	0.00	0.00	0.01	0.01	0.00	0.00	0.17	0.01	0.00	0.00	0.00
174L 1.00	0.00	0.00	0.00	0.00	0.00	0.00	0.00	0.00	0.00	1.00	0.00	0.00	0.00	0.00	0.00	0.00	0.00	0.00	0.00	0.00
175E 1.00	0.38	0.02	0.74	1.00	0.03	0.19	0.07	0.09	0.57	0.14	0.05	0.24	0.15	0.49	0.57	0.42	0.27	0.13	0.01	0.03
pos	A	C	D	E	F	G	H	I	K	L	M	N	P	Q	R	S	T	V	W	Y
176F 1.00	0.58	0.18	0.23	0.31	0.74	0.36	0.54	0.41	0.33	0.67	0.23	0.33	0.22	0.32	0.37	0.50	0.42	0.53	0.19	1.00
177I 1.00	0.01	0.00	0.00	0.00	0.01	0.00	0.00	1.00	0.00	0.39	0.11	0.00	0.00	0.00	0.00	0.00	0.00	0.09	0.00	0.00
178L 0.97	0.00	0.00	0.00	0.00	0.01	0.00	0.00	0.02	0.00	1.00	0.27	0.00	0.00	0.00	0.00	0.00	0.00	0.01	0.00	0.00
179G 1.00	0.32	0.01	0.01	0.01	0.00	1.00	0.00	0.00	0.01	0.01	0.00	0.01	0.02	0.00	0.08	0.03	0.01	0.01	0.00	0.00
180S 1.00	0.04	0.01	0.04	0.02	0.00	0.02	0.01	0.01	0.02	0.01	0.01	1.00	0.02	0.11	0.01	0.36	0.56	0.02	0.00	0.01
181E 1.00	0.53	0.03	0.42	1.00	0.05	0.18	0.11	0.09	0.43	0.15	0.05	0.22	0.22	0.45	0.23	0.32	0.26	0.19	0.02	0.09
182E 1.00	0.50	0.02	0.75	1.00	0.02	0.16	0.05	0.08	0.48	0.13	0.04	0.21	0.12	0.26	0.22	0.38	0.43	0.16	0.01	0.02
183L 1.00	0.53	0.15	0.39	0.30	0.56	0.47	0.43	0.44	0.41	1.00	0.27	0.52	0.23	0.31	0.39	0.47	0.36	0.45	0.14	0.70
184W 1.00	0.00	0.00	0.00	0.00	0.00	0.00	0.00	0.00	0.00	0.00	0.00	0.00	0.00	0.00	0.00	0.00	0.00	0.00	1.00	0.00
185P 1.00	0.03	0.01	0.03	0.02	0.01	0.05	0.15	0.01	0.03	0.01	0.00	0.03	1.00	0.01	0.02	0.02	0.02	0.01	0.01	0.01
186L 1.00	0.01	0.00	0.00	0.00	0.03	0.10	0.00	1.00	0.01	0.81	0.02	0.00	0.00	0.00	0.01	0.01	0.02	0.53	0.00	0.01
187L 1.00	0.00	0.00	0.00	0.00	0.00	0.00	0.00	0.00	0.00	1.00	0.00	0.00	0.00	0.00	0.00	0.00	0.00	0.00	0.00	0.00
188L 1.00	0.00	0.00	0.00	0.00	0.00	0.00	0.00	0.00	0.00	1.00	0.00	0.00	0.00	0.00	0.00	0.00	0.00	0.00	0.00	0.00
189G 1.00	0.29	0.00	0.00	0.00	0.00	1.00	0.00	0.00	0.00	0.00	0.00	0.00	0.01	0.00	0.00	0.18	0.01	0.01	0.00	0.00
190F 1.00	0.01	0.00	0.00	0.00	0.26	0.00	0.00	0.15	0.00	1.00	0.03	0.00	0.00	0.00	0.00	0.00	0.01	0.18	0.00	0.00
191T 1.00	0.03	0.01	0.01	0.01	0.00	0.01	0.00	0.19	0.01	0.01	0.00	0.02	0.01	0.01	0.01	0.30	1.00	0.01	0.00	0.00
192I 1.00	0.27	0.05	0.04	0.05	0.14	0.15	0.05	1.00	0.06	0.50	0.10	0.05	0.07	0.04	0.06	0.14	0.11	0.96	0.03	0.12
193L 1.00	0.01	0.00	0.00	0.00	0.02	0.10	0.00	0.70	0.00	0.35	0.02	0.00	0.00	0.00	0.00	0.00	0.01	1.00	0.00	0.01
194P 1.00	0.07	0.00	0.00	0.00	0.00	0.02	0.00	0.00	0.01	0.00	0.00	0.00	1.00	0.00	0.04	0.01	0.01	0.01	0.00	0.00
195A 1.00	1.00	0.00	0.00	0.00	0.00	0.00	0.00	0.00	0.00	0.00	0.00	0.00	0.00	0.00	0.00	0.00	0.00	0.00	0.00	0.00
196I 0.97	0.16	0.01	0.01	0.01	0.06	0.11	0.00	1.00	0.02	0.93	0.06	0.01	0.01	0.01	0.01	0.02	0.04	0.88	0.01	0.03
197L 0.97	0.00	0.00	0.00	0.00	0.01	0.00	0.00	0.13	0.00	1.00	0.01	0.00	0.00	0.00	0.00	0.00	0.00	0.01	0.00	0.00
198Q 1.00	0.09	0.00	0.01	0.01	0.00	0.02	0.00	0.00	0.01	0.00	0.00	0.00	0.01	1.00	0.01	0.02	0.01	0.01	0.00	0.00
199S 1.00	0.24	0.16	0.04	0.06	0.25	0.09	0.09	0.33	0.07	1.00	0.21	0.06	0.07	0.07	0.07	0.17	0.12	0.28	0.04	0.16
200A 1.00	0.37	0.01	0.01	0.01	0.12	0.01	0.01	0.52	0.02	1.00	0.08	0.01	0.02	0.02	0.01	0.01	0.05	0.47	0.01	0.01
pos	A	C	D	E	F	G	H	I	K	L	M	N	P	Q	R	S	T	V	W	Y
201A 1.00	0.64	0.17	0.05	0.09	0.24	0.07	0.12	0.39	0.10	1.00	0.11	0.08	0.10	0.09	0.09	0.19	0.38	0.74	0.04	0.20
202L 1.00	0.01	0.00	0.00	0.00	0.01	0.00	0.00	0.02	0.00	1.00	0.02	0.00	0.06	0.00	0.00	0.00	0.00	0.01	0.00	0.00
203P 1.00	0.08	0.02	0.01	0.02	0.31	0.02	0.01	0.29	0.02	1.00	0.19	0.02	0.87	0.03	0.02	0.03	0.04	0.17	0.04	0.10
204F 1.00	0.00	0.00	0.00	0.00	1.00	0.00	0.00	0.01	0.00	0.11	0.00	0.00	0.00	0.00	0.00	0.00	0.00	0.01	0.01	0.02
205C 1.00	0.62	0.86	0.05	0.06	1.00	0.29	0.02	0.14	0.06	0.28	0.07	0.05	0.15	0.05	0.05	0.28	0.14	0.23	0.10	0.40
206P 1.00	0.00	0.00	0.00	0.00	0.00	0.00	0.00	0.00	0.00	0.00	0.00	0.00	1.00	0.00	0.00	0.00	0.00	0.00	0.00	0.00
207E 1.00	0.00	0.00	0.00	1.00	0.00	0.00	0.00	0.00	0.00	0.00	0.00	0.00	0.00	0.00	0.00	0.00	0.00	0.00	0.00	0.00
208S 1.00	0.00	0.00	0.00	0.00	0.00	0.00	0.00	0.00	0.00	0.00	0.00	0.00	0.00	0.00	0.00	1.00	0.00	0.00	0.00	0.00
209P 1.00	0.00	0.00	0.00	0.00	0.00	0.00	0.00	0.00	0.00	0.00	0.00	0.00	1.00	0.00	0.00	0.00	0.00	0.00	0.00	0.00
210R 1.00	0.00	0.00	0.00	0.00	0.00	0.00	0.00	0.00	0.00	0.00	0.00	0.00	0.00	0.00	1.00	0.00	0.00	0.00	0.00	0.00
211F 1.00	0.00	0.00	0.00	0.00	0.57	0.00	0.00	0.01	0.00	0.01	0.00	0.00	0.00	0.00	0.00	0.00	0.00	0.01	0.01	1.00
212L 1.00	0.03	0.00	0.01	0.01	0.01	0.01	0.00	0.02	0.01	1.00	0.01	0.01	0.01	0.01	0.01	0.14	0.12	0.02	0.00	0.00
213L 1.00	0.01	0.00	0.00	0.00	0.09	0.00	0.00	0.03	0.00	1.00	0.02	0.00	0.00	0.00	0.00	0.00	0.00	0.02	0.02	0.40
214I 1.00	0.00	0.00	0.00	0.00	0.00	0.00	0.00	1.00	0.00	0.06	0.01	0.00	0.00	0.00	0.00	0.00	0.00	0.02	0.00	0.00
215N 1.00	0.49	0.04	0.48	0.79	0.05	0.36	0.13	0.23	1.00	0.22	0.08	0.83	0.21	0.78	0.56	0.48	0.38	0.19	0.02	0.06
216R 0.97	0.07	0.01	0.01	0.10	0.02	0.05	0.06	0.03	1.00	0.27	0.02	0.07	0.06	0.20	0.82	0.06	0.08	0.04	0.01	0.03
217K 1.00	0.50	0.04	0.55	0.84	0.03	0.47	0.09	0.12	1.00	0.19	0.10	0.62	0.19	0.46	0.34	0.49	0.37	0.18	0.01	0.03
218E 1.00	0.07	0.00	0.55	1.00	0.01	0.03	0.02	0.01	0.12	0.13	0.01	0.08	0.04	0.09	0.02	0.04	0.03	0.02	0.00	0.01
219E 1.00	0.06	0.00	0.09	1.00	0.00	0.01	0.01	0.00	0.02	0.01	0.00	0.01	0.07	0.03	0.01	0.01	0.01	0.05	0.00	0.00
220E 1.00	0.76	0.05	0.61	1.00	0.05	0.38	0.12	0.18	0.88	0.28	0.10	0.50	0.26	0.56	0.50	0.70	0.54	0.29	0.02	0.04
221N 1.00	0.80	0.07	0.62	1.00	0.05	0.37	0.12	0.18	0.96	0.30	0.10	0.50	0.29	0.60	0.57	0.72	0.60	0.28	0.02	0.04
222A 1.00	1.00	0.00	0.00	0.01	0.00	0.01	0.00	0.00	0.06	0.01	0.00	0.01	0.01	0.01	0.09	0.01	0.01	0.01	0.00	0.00
223K 1.00	0.01	0.00	0.00	0.13	0.00	0.01	0.01	0.01	1.00	0.01	0.00	0.01	0.01	0.23	0.45	0.01	0.10	0.01	0.00	0.01
224Q 1.00	0.12	0.01	0.10	0.44	0.01	0.06	0.02	0.03	1.00	0.05	0.02	0.16	0.04	0.59	0.23	0.50	0.17	0.05	0.00	0.01
225I 1.00	1.00	0.06	0.02	0.05	0.03	0.05	0.01	0.62	0.05	0.20	0.06	0.03	0.07	0.03	0.03	0.53	0.21	0.92	0.01	0.01
pos	A	C	D	E	F	G	H	I	K	L	M	N	P	Q	R	S	T	V	W	Y
226L 1.00	0.00	0.00	0.00	0.00	0.00	0.00	0.00	0.00	0.00	1.00	0.00	0.00	0.00	0.00	0.00	0.00	0.00	0.00	0.00	0.00
227Q 1.00	0.02	0.00	0.00	0.02	0.00	0.01	0.01	0.01	1.00	0.02	0.01	0.01	0.01	0.81	0.48	0.01	0.02	0.01	0.00	0.01
228R 1.00	0.02	0.00	0.00	0.02	0.00	0.01	0.01	0.01	0.34	0.01	0.00	0.02	0.01	0.03	1.00	0.10	0.18	0.01	0.00	0.01
229L 1.00	0.00	0.00	0.00	0.00	0.01	0.00	0.00	0.04	0.00	1.00	0.01	0.00	0.00	0.00	0.00	0.00	0.00	0.01	0.00	0.00
230W 1.00	0.10	0.01	0.03	0.10	0.02	0.07	0.06	0.04	0.44	0.08	0.03	0.08	0.07	0.15	1.00	0.13	0.24	0.05	0.16	0.03
231G 1.00	0.00	0.00	0.00	0.00	0.00	1.00	0.00	0.00	0.00	0.00	0.00	0.00	0.00	0.00	0.00	0.00	0.00	0.00	0.00	0.00
232T 1.00	0.56	0.19	0.30	0.31	0.70	0.39	0.56	0.40	0.35	0.66	0.23	0.43	0.24	0.33	0.38	0.59	0.61	0.52	0.19	1.00
233Q 1.00	0.76	0.05	0.63	1.00	0.05	0.38	0.12	0.18	0.92	0.30	0.10	0.49	0.27	0.59	0.52	0.73	0.57	0.28	0.02	0.04
234D 1.00	0.01	0.00	1.00	0.01	0.00	0.02	0.01	0.00	0.01	0.00	0.00	0.09	0.00	0.00	0.00	0.14	0.01	0.00	0.00	0.00
235V 1.00	0.02	0.00	0.00	0.00	0.00	0.00	0.00	0.11	0.00	0.03	0.10	0.00	0.05	0.00	0.00	0.00	0.01	1.00	0.00	0.00
236S 1.00	0.74	0.05	0.71	1.00	0.07	0.35	0.15	0.20	0.85	0.29	0.13	0.46	0.25	0.54	0.48	0.80	0.69	0.29	0.02	0.07
237Q 1.00	0.77	0.05	0.63	1.00	0.05	0.38	0.12	0.19	0.94	0.30	0.11	0.49	0.27	0.61	0.54	0.73	0.57	0.28	0.02	0.04
238D 1.00	0.12	0.00	0.77	1.00	0.00	0.02	0.01	0.01	0.05	0.01	0.00	0.02	0.03	0.06	0.01	0.03	0.02	0.08	0.00	0.01
239I 1.00	0.01	0.00	0.00	0.00	0.03	0.00	0.00	1.00	0.00	0.93	0.34	0.00	0.00	0.01	0.00	0.00	0.01	0.20	0.00	0.01
240Q 1.00	0.55	0.02	0.25	1.00	0.02	0.13	0.04	0.06	0.29	0.09	0.03	0.33	0.10	0.74	0.16	0.30	0.25	0.09	0.01	0.02
241E 1.00	0.01	0.00	0.10	1.00	0.00	0.00	0.00	0.00	0.01	0.00	0.00	0.00	0.00	0.01	0.00	0.00	0.00	0.00	0.00	0.00
242M 1.00	0.01	0.00	0.00	0.00	0.02	0.00	0.00	0.42	0.00	0.23	1.00	0.00	0.00	0.00	0.00	0.00	0.00	0.02	0.00	0.00
243K 1.00	0.02	0.00	0.00	0.10	0.00	0.01	0.02	0.01	1.00	0.12	0.01	0.02	0.02	0.11	0.84	0.02	0.02	0.01	0.00	0.01
244D 1.00	0.44	0.02	0.82	1.00	0.02	0.13	0.05	0.07	0.79	0.17	0.04	0.17	0.10	0.32	0.18	0.26	0.30	0.10	0.01	0.02
245E 1.00	0.00	0.00	0.00	1.00	0.00	0.00	0.00	0.00	0.00	0.00	0.00	0.00	0.00	0.00	0.00	0.00	0.00	0.00	0.00	0.00
246S 1.00	0.76	0.04	0.76	0.82	0.04	0.33	0.09	0.14	0.97	0.22	0.08	0.36	0.20	0.43	0.47	1.00	0.42	0.21	0.01	0.03
247A 1.00	0.68	0.04	0.31	0.95	0.06	0.19	0.09	0.19	0.53	0.21	0.15	0.25	0.15	0.38	1.00	0.37	0.32	0.29	0.02	0.06
248R 1.00	0.54	0.04	0.39	0.74	0.04	0.26	0.13	0.13	1.00	0.24	0.08	0.34	0.21	0.52	0.71	0.47	0.40	0.20	0.02	0.05
249M 1.00	0.36	0.05	0.13	0.29	0.18	0.11	0.03	0.41	0.11	1.00	0.25	0.05	0.11	0.11	0.07	0.13	0.15	0.41	0.03	0.04
250S 1.00	0.72	0.05	0.52	0.91	0.04	0.32	0.11	0.16	1.00	0.26	0.19	0.42	0.24	0.55	0.59	0.81	0.48	0.24	0.02	0.04
pos	A	C	D	E	F	G	H	I	K	L	M	N	P	Q	R	S	T	V	W	Y
251Q 1.00	1.00	0.06	0.63	0.97	0.06	0.44	0.13	0.19	0.93	0.30	0.11	0.54	0.28	0.72	0.70	0.83	0.67	0.29	0.02	0.05
252E 1.00	0.40	0.03	0.08	1.00	0.02	0.05	0.01	0.13	0.05	0.20	0.04	0.02	0.06	0.05	0.03	0.06	0.10	0.29	0.01	0.01
253K 1.00	0.14	0.01	0.03	0.19	0.03	0.19	0.11	0.06	1.00	0.13	0.04	0.13	0.10	0.33	0.77	0.11	0.14	0.09	0.02	0.06
254Q 1.00	0.48	0.10	0.24	0.45	0.40	0.29	0.37	0.27	1.00	0.45	0.15	0.33	0.24	0.50	0.80	0.42	0.39	0.34	0.10	0.52
255V 1.00	0.07	0.00	0.00	0.00	0.01	0.00	0.00	0.42	0.00	0.39	0.05	0.00	0.00	0.00	0.00	0.00	0.01	1.00	0.00	0.00
256T 1.00	0.02	0.00	0.01	0.01	0.00	0.01	0.00	0.01	0.01	0.01	0.00	0.02	0.01	0.01	0.10	1.00	0.64	0.01	0.00	0.00
257V 1.00	0.10	0.00	0.00	0.00	0.01	0.00	0.00	0.44	0.00	0.17	0.01	0.00	0.00	0.00	0.00	0.00	0.01	1.00	0.00	0.00
258L 1.00	0.01	0.00	0.00	0.00	0.03	0.05	0.00	0.20	0.00	1.00	0.07	0.00	0.00	0.01	0.00	0.00	0.01	0.04	0.07	0.00
259E 1.00	0.24	0.13	0.20	1.00	0.02	0.13	0.21	0.06	0.65	0.10	0.04	0.27	0.09	0.70	0.20	0.23	0.25	0.09	0.01	0.02
260L 1.00	0.07	0.00	0.00	0.00	0.01	0.00	0.00	0.02	0.00	1.00	0.05	0.00	0.00	0.00	0.00	0.00	0.00	0.01	0.00	0.00
261F 1.00	0.01	0.11	0.00	0.00	1.00	0.00	0.00	0.05	0.00	0.27	0.11	0.00	0.00	0.01	0.00	0.00	0.01	0.03	0.01	0.01
262R 1.00	0.49	0.04	0.19	0.32	0.03	0.32	0.08	0.08	0.66	0.14	0.05	0.20	0.15	0.27	1.00	0.42	0.58	0.13	0.02	0.04
263V 1.00	0.79	0.19	0.44	0.63	0.72	0.48	0.58	0.45	0.62	0.76	0.29	0.49	0.30	0.50	0.53	0.74	0.59	0.60	0.19	1.00
264S 1.00	0.54	0.06	0.33	0.60	0.15	0.29	0.21	0.18	1.00	0.33	0.11	0.34	0.29	0.50	0.83	0.49	0.41	0.25	0.05	0.21
265S 1.00	0.42	0.01	0.06	0.08	0.01	0.04	0.01	0.02	0.16	0.03	0.06	0.38	0.13	0.05	0.05	1.00	0.36	0.04	0.00	0.01
266Y 1.00	0.06	0.02	0.02	0.03	0.09	0.04	0.22	0.06	0.04	0.69	0.03	0.04	0.02	0.04	0.04	0.05	0.05	0.07	0.12	1.00
267R 1.00	0.01	0.00	0.00	0.01	0.03	0.01	0.01	0.01	0.05	0.01	0.00	0.01	0.01	0.08	1.00	0.01	0.01	0.03	0.00	0.00
268Q 0.97	0.60	0.19	0.58	0.63	0.21	1.00	0.25	0.27	0.93	0.62	0.15	0.44	0.60	0.98	0.81	0.46	0.41	0.31	0.44	0.21
269P 0.97	0.32	0.02	0.05	0.09	0.01	0.14	0.01	0.02	0.06	0.03	0.01	0.03	1.00	0.59	0.04	0.13	0.06	0.05	0.00	0.01
270I 0.97	0.01	0.00	0.00	0.00	0.01	0.00	0.00	1.00	0.00	0.87	0.01	0.00	0.00	0.00	0.00	0.00	0.01	0.39	0.00	0.00
271I 1.00	0.01	0.00	0.00	0.00	0.02	0.00	0.00	1.00	0.00	1.00	0.02	0.00	0.00	0.00	0.00	0.00	0.01	0.22	0.00	0.00
272I 1.00	0.08	0.02	0.01	0.02	0.04	0.02	0.00	1.00	0.02	0.23	0.05	0.01	0.02	0.01	0.01	0.34	0.07	0.76	0.01	0.02
273S 1.00	1.00	0.08	0.07	0.08	0.05	0.12	0.03	0.61	0.10	0.21	0.11	0.12	0.14	0.07	0.06	0.84	0.73	0.54	0.02	0.03
274I 1.00	0.00	0.00	0.00	0.00	0.01	0.00	0.00	1.00	0.00	0.33	0.01	0.00	0.00	0.00	0.00	0.00	0.01	0.66	0.00	0.00
275V 1.00	0.02	0.00	0.00	0.00	0.00	0.00	0.00	0.10	0.00	0.03	0.33	0.00	0.00	0.00	0.00	0.00	0.06	1.00	0.00	0.00
pos	A	C	D	E	F	G	H	I	K	L	M	N	P	Q	R	S	T	V	W	Y
276L 1.00	0.01	0.00	0.00	0.00	0.02	0.00	0.00	0.03	0.00	1.00	0.02	0.00	0.06	0.00	0.00	0.00	0.01	0.06	0.00	0.00
277Q 1.00	0.10	0.02	0.02	0.06	0.18	0.04	0.12	0.32	0.15	1.00	0.43	0.04	0.05	0.39	0.13	0.05	0.07	0.20	0.03	0.05
278L 1.00	0.19	0.02	0.01	0.02	0.14	0.06	0.02	0.34	0.02	1.00	0.21	0.02	0.03	0.03	0.02	0.02	0.04	0.22	0.02	0.03
279S 1.00	1.00	0.09	0.08	0.08	0.03	0.74	0.02	0.04	0.09	0.08	0.04	0.07	0.22	0.06	0.06	0.81	0.17	0.14	0.06	0.03
280Q 1.00	0.00	0.00	0.00	0.00	0.00	0.00	0.00	0.00	0.00	0.00	0.00	0.00	0.00	1.00	0.00	0.00	0.00	0.00	0.00	0.00
281Q 1.00	0.00	0.00	0.00	0.00	0.00	0.00	0.00	0.00	0.00	0.00	0.00	0.00	0.00	1.00	0.00	0.00	0.00	0.00	0.00	0.00
282L 1.00	0.01	0.00	0.00	0.00	0.25	0.00	0.00	0.02	0.00	1.00	0.02	0.00	0.00	0.00	0.00	0.00	0.00	0.01	0.00	0.01
283S 1.00	0.00	0.00	0.00	0.00	0.00	0.00	0.00	0.00	0.00	0.00	0.00	0.00	0.00	0.00	0.00	1.00	0.00	0.00	0.00	0.00
284G 1.00	0.00	0.00	0.00	0.00	0.00	1.00	0.00	0.00	0.00	0.00	0.00	0.00	0.00	0.00	0.00	0.00	0.00	0.00	0.00	0.00
285I 1.00	0.00	0.00	0.00	0.00	0.00	0.00	0.00	1.00	0.00	0.02	0.00	0.00	0.00	0.00	0.00	0.00	0.00	0.38	0.00	0.00
286N 1.00	0.00	0.00	0.00	0.00	0.00	0.00	0.00	0.00	0.00	0.00	0.00	1.00	0.00	0.00	0.00	0.00	0.00	0.00	0.00	0.00
287A 1.00	1.00	0.00	0.00	0.00	0.00	0.16	0.00	0.00	0.00	0.00	0.00	0.00	0.01	0.00	0.00	0.02	0.01	0.00	0.00	0.00
288V 1.00	0.00	0.00	0.00	0.00	0.01	0.00	0.00	0.89	0.00	0.03	0.00	0.00	0.00	0.00	0.00	0.00	0.00	1.00	0.00	0.00
289F 1.00	0.05	0.01	0.07	0.04	1.00	0.06	0.05	0.03	0.04	0.06	0.02	0.29	0.02	0.03	0.03	0.06	0.04	0.04	0.01	0.47
290Y 1.00	0.00	0.00	0.00	0.00	0.00	0.00	0.00	0.00	0.00	0.00	0.00	0.00	0.00	0.00	0.00	0.00	0.00	0.00	0.00	1.00
291Y 1.00	0.00	0.00	0.00	0.00	0.00	0.00	0.00	0.00	0.00	0.00	0.00	0.00	0.00	0.00	0.00	0.00	0.00	0.00	0.00	1.00
292S 1.00	0.60	0.01	0.11	0.01	0.00	0.05	0.00	0.00	0.01	0.01	0.00	0.02	0.02	0.01	0.01	1.00	0.03	0.01	0.00	0.00
293T 1.00	0.22	0.03	0.70	0.47	0.03	0.20	0.07	0.04	0.17	0.05	0.03	0.34	0.13	0.21	0.08	0.47	1.00	0.07	0.01	0.04
294G 0.97	0.27	0.04	0.19	0.19	0.03	0.39	0.05	0.07	0.20	0.09	0.04	0.27	0.12	0.37	0.12	1.00	0.77	0.17	0.01	0.04
295I 1.00	0.00	0.00	0.00	0.00	0.00	0.00	0.00	1.00	0.00	0.00	0.00	0.00	0.00	0.00	0.00	0.00	0.00	0.00	0.00	0.00
296F 1.00	0.00	0.00	0.00	0.00	1.00	0.00	0.00	0.01	0.00	0.01	0.00	0.00	0.00	0.00	0.00	0.00	0.00	0.01	0.01	0.66
297K 1.00	0.41	0.03	0.46	1.00	0.04	0.21	0.14	0.11	1.00	0.27	0.07	0.27	0.21	0.55	0.68	0.35	0.35	0.16	0.02	0.06
298D 1.00	0.27	0.02	0.48	0.33	0.02	0.13	0.05	0.07	0.55	0.14	0.04	0.19	0.10	0.20	0.31	1.00	0.54	0.11	0.01	0.02
299A 1.00	1.00	0.00	0.00	0.00	0.00	0.02	0.00	0.00	0.00	0.00	0.00	0.00	0.07	0.00	0.00	0.04	0.01	0.01	0.00	0.00
300G 1.00	0.04	0.01	0.01	0.01	0.01	1.00	0.00	0.01	0.01	0.08	0.00	0.01	0.02	0.01	0.01	0.02	0.01	0.01	0.00	0.00
pos	A	C	D	E	F	G	H	I	K	L	M	N	P	Q	R	S	T	V	W	Y
301V 1.00	0.01	0.00	0.07	0.00	0.01	0.00	0.00	0.29	0.00	0.04	0.01	0.00	0.00	0.00	0.00	0.00	0.01	1.00	0.00	0.00
302Q 1.00	0.52	0.04	0.51	1.00	0.03	0.39	0.08	0.13	0.78	0.21	0.07	0.38	0.23	0.82	0.40	0.70	0.53	0.20	0.01	0.03
303E 1.00	0.07	0.00	0.52	0.90	0.01	0.03	0.24	0.01	0.19	0.02	0.01	0.03	0.04	1.00	0.02	0.04	0.03	0.02	0.00	0.01
304P 1.00	0.10	0.01	0.16	0.15	0.01	0.04	0.01	0.03	0.06	0.03	0.01	0.07	1.00	0.05	0.03	0.41	0.35	0.24	0.01	0.01
305I 1.00	0.55	0.11	0.18	0.28	0.19	0.11	0.15	0.48	0.21	0.39	0.13	0.14	0.15	0.29	0.15	0.21	0.37	1.00	0.05	0.22
306Y 1.00	0.00	0.00	0.00	0.00	0.05	0.00	0.00	0.00	0.00	0.01	0.00	0.00	0.00	0.00	0.00	0.00	0.00	0.00	0.01	1.00
307A 1.00	1.00	0.03	0.01	0.02	0.04	0.06	0.01	0.09	0.02	0.08	0.02	0.01	0.04	0.02	0.02	0.07	0.07	0.64	0.01	0.11
308T 1.00	0.00	0.00	0.00	0.00	0.00	0.00	0.00	0.00	0.00	0.00	0.00	0.00	0.00	0.00	0.00	0.00	1.00	0.00	0.00	0.00
309I 1.00	0.34	0.01	0.00	0.01	0.01	0.00	0.00	1.00	0.01	0.15	0.02	0.00	0.01	0.00	0.00	0.01	0.03	0.36	0.00	0.01
310G 1.00	0.09	0.00	0.00	0.00	0.00	1.00	0.00	0.00	0.00	0.00	0.00	0.00	0.01	0.00	0.00	0.01	0.00	0.00	0.00	0.00
311A 1.00	0.98	0.02	0.03	0.02	0.01	0.05	0.01	0.05	0.03	0.04	0.02	0.05	0.05	0.02	0.02	0.98	1.00	0.56	0.01	0.01
312G 1.00	0.00	0.00	0.00	0.00	0.00	1.00	0.00	0.00	0.00	0.00	0.00	0.00	0.00	0.00	0.00	0.00	0.00	0.00	0.00	0.00
313V 1.00	0.67	0.02	0.01	0.02	0.01	0.00	0.00	0.33	0.02	0.09	0.02	0.01	0.02	0.01	0.01	0.02	0.07	1.00	0.00	0.01
314V 1.00	0.00	0.00	0.00	0.00	0.00	0.00	0.00	0.16	0.00	0.01	0.00	0.00	0.00	0.00	0.00	0.00	0.00	1.00	0.00	0.00
315N 1.00	0.00	0.00	0.00	0.00	0.00	0.00	0.00	0.00	0.00	0.00	0.00	1.00	0.00	0.00	0.00	0.00	0.00	0.00	0.00	0.00
316T 1.00	0.14	0.03	0.01	0.02	0.05	0.01	0.01	0.62	0.03	0.39	0.22	0.01	0.03	0.02	0.02	0.03	0.87	1.00	0.01	0.02
317I 1.00	0.29	0.01	0.00	0.01	0.14	0.01	0.00	0.68	0.01	0.40	0.02	0.00	0.01	0.00	0.01	0.01	0.02	1.00	0.00	0.01
318F 1.00	0.02	0.00	0.00	0.00	1.00	0.00	0.00	0.16	0.00	0.22	0.56	0.00	0.01	0.01	0.00	0.01	0.01	0.04	0.01	0.04
319T 1.00	0.00	0.00	0.00	0.00	0.00	0.00	0.00	0.00	0.00	0.00	0.00	0.00	0.00	0.00	0.00	0.00	1.00	0.00	0.00	0.00
320V 1.00	0.24	0.01	0.00	0.00	0.11	0.00	0.00	0.47	0.01	0.38	0.08	0.00	0.01	0.00	0.00	0.01	0.02	1.00	0.00	0.01
321V 1.00	0.06	0.27	0.00	0.01	0.01	0.00	0.00	0.14	0.01	0.09	0.01	0.00	0.01	0.01	0.01	0.01	0.15	1.00	0.00	0.00
322S 1.00	0.20	0.00	0.00	0.00	0.00	0.01	0.00	0.00	0.00	0.00	0.00	0.01	0.01	0.00	0.00	1.00	0.20	0.01	0.00	0.00
323L 1.00	0.26	0.01	0.00	0.01	0.01	0.00	0.00	0.26	0.01	0.54	0.02	0.00	0.01	0.00	0.00	0.01	0.03	1.00	0.00	0.00
324F 1.00	0.01	0.00	0.00	0.00	1.00	0.00	0.00	0.05	0.00	0.29	0.03	0.00	0.00	0.00	0.00	0.00	0.01	0.21	0.01	0.02
325L 1.00	0.01	0.00	0.00	0.00	0.02	0.00	0.00	0.21	0.00	1.00	0.02	0.00	0.00	0.00	0.00	0.00	0.01	0.77	0.00	0.00
pos	A	C	D	E	F	G	H	I	K	L	M	N	P	Q	R	S	T	V	W	Y
326V 1.00	0.00	0.00	0.00	0.00	0.00	0.00	0.00	0.08	0.00	0.01	0.00	0.00	0.00	0.00	0.00	0.00	0.00	1.00	0.00	0.00
327E 1.00	0.00	0.00	0.00	1.00	0.00	0.00	0.00	0.00	0.00	0.00	0.00	0.00	0.00	0.00	0.00	0.00	0.00	0.00	0.00	0.00
328R 0.97	0.06	0.01	0.01	0.08	0.01	0.04	0.05	0.03	0.60	0.25	0.02	0.06	0.05	0.14	1.00	0.05	0.06	0.03	0.01	0.07
329A 1.00	0.61	0.05	0.04	0.06	0.20	0.15	0.05	0.33	0.07	1.00	0.23	0.05	0.10	0.06	0.06	0.20	0.13	0.27	0.06	0.09
330G 1.00	0.02	0.00	0.01	0.01	0.00	1.00	0.00	0.00	0.01	0.01	0.00	0.01	0.01	0.00	0.01	0.01	0.01	0.01	0.06	0.00
331R 1.00	0.08	0.00	0.00	0.01	0.00	0.01	0.00	0.00	0.02	0.00	0.00	0.00	0.01	0.01	1.00	0.01	0.01	0.00	0.00	0.00
332R 1.00	0.00	0.00	0.00	0.00	0.00	0.00	0.00	0.00	0.00	0.00	0.00	0.00	0.00	0.00	1.00	0.00	0.00	0.00	0.00	0.00
333T 1.00	0.55	0.18	0.22	0.29	0.76	0.34	0.60	0.44	0.31	0.73	0.22	0.34	0.21	0.30	0.36	0.53	0.80	0.52	0.19	1.00
334L 1.00	0.00	0.00	0.00	0.00	0.00	0.00	0.00	0.00	0.00	1.00	0.00	0.00	0.00	0.00	0.00	0.00	0.00	0.00	0.00	0.00
335H 1.00	0.07	0.02	0.01	0.02	0.18	0.02	0.03	0.33	0.03	1.00	0.22	0.02	0.03	0.04	0.03	0.02	0.04	0.18	0.02	0.04
336M 0.97	0.00	0.00	0.00	0.00	0.01	0.00	0.00	0.01	0.00	1.00	0.13	0.00	0.00	0.00	0.00	0.00	0.00	0.01	0.00	0.00
337I 0.97	0.40	0.02	0.01	0.02	0.02	0.00	0.00	1.00	0.02	0.68	0.03	0.01	0.02	0.01	0.01	0.02	0.14	0.45	0.00	0.01
338G 0.97	0.00	0.00	0.00	0.00	0.00	1.00	0.00	0.00	0.00	0.00	0.00	0.00	0.00	0.00	0.00	0.00	0.00	0.00	0.00	0.00
339L 1.00	0.01	0.00	0.00	0.00	0.52	0.00	0.00	0.06	0.00	1.00	0.24	0.00	0.01	0.01	0.00	0.01	0.01	0.03	0.02	0.21
340G 1.00	1.00	0.08	0.07	0.08	0.04	0.62	0.02	0.08	0.09	0.09	0.06	0.06	0.21	0.06	0.06	0.64	0.18	0.14	0.01	0.03
341G 1.00	1.00	0.11	0.11	0.12	0.10	0.86	0.05	0.55	0.15	0.31	0.09	0.13	0.29	0.10	0.11	0.68	0.52	0.62	0.03	0.09
342M 1.00	0.09	0.31	0.01	0.02	0.36	0.02	0.02	0.32	0.03	1.00	0.82	0.02	0.03	0.04	0.03	0.04	0.05	0.21	0.06	0.26
343A 1.00	1.00	0.12	0.09	0.12	0.20	0.52	0.10	0.16	0.13	0.38	0.11	0.10	0.24	0.11	0.12	0.49	0.21	0.25	0.05	0.19
344F 1.00	0.55	0.18	0.23	0.30	0.70	0.35	0.54	0.43	0.32	0.67	0.23	0.32	0.22	0.31	0.36	0.44	0.43	0.54	0.19	1.00
345C 1.00	0.50	1.00	0.01	0.01	0.00	0.02	0.00	0.00	0.01	0.01	0.00	0.01	0.01	0.00	0.00	0.10	0.12	0.01	0.00	0.00
346S 1.00	1.00	0.73	0.03	0.03	0.01	0.14	0.01	0.02	0.03	0.03	0.02	0.04	0.07	0.03	0.02	0.53	0.23	0.06	0.01	0.01
347T 1.00	0.28	0.42	0.01	0.03	0.03	0.00	0.01	0.91	0.03	0.38	0.05	0.02	0.05	0.02	0.02	0.13	0.20	1.00	0.00	0.01
348L 1.00	0.13	0.01	0.01	0.01	0.39	0.01	0.01	0.19	0.01	1.00	0.08	0.01	0.02	0.02	0.01	0.01	0.04	0.92	0.01	0.02
349M 1.00	0.01	0.00	0.00	0.00	0.01	0.00	0.00	0.03	0.00	0.71	1.00	0.00	0.00	0.00	0.00	0.00	0.00	0.01	0.00	0.00
350T 1.00	0.01	0.00	0.00	0.00	0.00	0.00	0.00	0.00	0.00	0.00	0.00	0.01	0.00	0.00	0.00	0.17	1.00	0.00	0.00	0.00
pos	A	C	D	E	F	G	H	I	K	L	M	N	P	Q	R	S	T	V	W	Y
351V 1.00	0.22	0.00	0.00	0.00	0.02	0.09	0.00	0.75	0.01	0.16	0.02	0.00	0.00	0.00	0.01	0.01	0.02	1.00	0.00	0.01
352S 1.00	1.00	0.01	0.01	0.01	0.00	0.31	0.00	0.00	0.01	0.01	0.00	0.00	0.02	0.01	0.01	0.32	0.01	0.14	0.00	0.00
353L 1.00	0.00	0.00	0.00	0.00	0.00	0.00	0.00	0.00	0.00	1.00	0.00	0.00	0.00	0.00	0.00	0.00	0.00	0.00	0.00	0.00
354L 1.00	0.51	0.09	0.02	0.07	0.06	0.02	0.02	0.48	0.07	0.44	0.11	0.03	0.10	0.05	0.04	0.08	0.32	1.00	0.01	0.02
355L 1.00	0.00	0.00	0.00	0.00	0.10	0.00	0.00	0.02	0.00	1.00	0.04	0.00	0.00	0.00	0.00	0.00	0.00	0.01	0.00	0.00
356K 1.00	0.17	0.02	0.05	0.23	0.07	0.11	0.13	0.14	1.00	0.40	0.10	0.14	0.12	0.37	0.83	0.13	0.17	0.13	0.03	0.07
357D 0.97	0.02	0.00	1.00	0.57	0.00	0.04	0.01	0.00	0.02	0.00	0.00	0.45	0.01	0.02	0.01	0.29	0.02	0.00	0.00	0.01
358N 1.00	0.52	0.04	0.48	0.74	0.03	0.26	0.09	0.13	1.00	0.21	0.07	0.52	0.19	0.68	0.83	0.50	0.81	0.30	0.01	0.03
359Y 1.00	0.39	0.10	0.12	0.16	0.72	0.19	0.31	0.64	0.17	0.76	0.21	0.18	0.12	0.17	0.20	0.23	0.24	1.00	0.17	0.87
360N 0.97	0.25	0.01	0.13	0.22	0.01	0.04	0.01	0.02	0.08	0.03	0.01	0.18	1.00	0.05	0.04	0.92	0.17	0.03	0.00	0.01
361G 0.97	1.00	0.09	0.20	0.37	0.06	0.51	0.05	0.06	0.17	0.12	0.05	0.16	0.24	0.13	0.11	0.58	0.34	0.17	0.63	0.07
362M 1.00	0.00	0.00	0.00	0.00	0.01	0.00	0.00	0.06	0.00	0.21	1.00	0.00	0.00	0.00	0.00	0.00	0.00	0.01	0.00	0.00
363S 1.00	0.14	0.02	0.16	0.07	0.01	0.14	0.04	0.02	0.11	0.03	0.01	0.23	0.35	0.06	0.11	1.00	0.23	0.04	0.01	0.02
364F 1.00	0.00	0.00	0.00	0.00	0.22	0.00	0.00	0.00	0.00	0.04	0.00	0.00	0.00	0.00	0.00	0.00	0.00	0.00	0.01	1.00
365V 1.00	0.01	0.00	0.00	0.00	0.01	0.00	0.00	0.59	0.00	0.57	0.01	0.00	0.00	0.00	0.00	0.00	0.01	1.00	0.00	0.00
366C 1.00	0.30	0.23	0.04	0.03	0.01	0.26	0.01	0.01	0.03	0.03	0.01	0.04	0.07	0.02	0.02	1.00	0.07	0.05	0.00	0.01
367I 1.00	0.00	0.00	0.00	0.00	0.01	0.00	0.00	1.00	0.00	0.05	0.21	0.00	0.00	0.00	0.00	0.00	0.00	0.02	0.00	0.00
368G 1.00	0.18	0.01	0.01	0.01	0.03	0.16	0.00	0.45	0.02	0.12	0.02	0.01	0.02	0.01	0.01	0.05	0.15	1.00	0.00	0.02
369A 1.00	1.00	0.54	0.02	0.02	0.01	0.11	0.00	0.01	0.02	0.02	0.01	0.01	0.05	0.01	0.01	0.10	0.04	0.04	0.00	0.01
370I 1.00	0.01	0.00	0.00	0.00	0.00	0.00	0.00	1.00	0.00	0.02	0.00	0.00	0.00	0.00	0.00	0.00	0.06	0.56	0.00	0.00
371L 1.00	0.02	0.01	0.00	0.01	1.00	0.00	0.00	0.54	0.01	0.60	0.07	0.01	0.01	0.01	0.01	0.01	0.01	0.07	0.01	0.02
372V 1.00	0.80	0.10	0.10	0.14	0.20	0.43	0.09	0.97	0.15	0.59	0.14	0.11	0.20	0.11	0.12	0.44	0.25	1.00	0.04	0.19
373F 1.00	0.00	0.00	0.00	0.00	1.00	0.00	0.00	0.01	0.00	0.02	0.00	0.00	0.00	0.00	0.00	0.00	0.00	0.01	0.02	0.88
374V 1.00	0.04	0.00	0.00	0.00	0.00	0.00	0.00	0.18	0.00	0.01	0.00	0.00	0.00	0.00	0.00	0.00	0.01	1.00	0.00	0.00
375A 1.00	1.00	0.07	0.03	0.06	0.04	0.09	0.01	0.68	0.06	0.25	0.07	0.04	0.10	0.04	0.04	0.28	0.26	0.78	0.01	0.02
pos	A	C	D	E	F	G	H	I	K	L	M	N	P	Q	R	S	T	V	W	Y
376F 1.00	0.36	0.06	0.06	0.06	0.73	0.25	0.03	0.35	0.07	1.00	0.22	0.06	0.11	0.06	0.06	0.18	0.10	0.25	0.13	0.45
377F 1.00	0.10	0.05	0.11	0.07	1.00	0.18	0.65	0.10	0.08	0.25	0.06	0.10	0.08	0.06	0.08	0.08	0.07	0.09	0.03	0.06
378E 1.00	0.64	0.03	0.18	1.00	0.02	0.18	0.02	0.02	0.09	0.04	0.02	0.05	0.10	0.09	0.04	0.33	0.09	0.06	0.01	0.02
379I 1.00	0.00	0.00	0.00	0.00	0.01	0.00	0.00	1.00	0.00	0.27	0.01	0.00	0.00	0.00	0.00	0.00	0.00	0.34	0.00	0.00
380G 1.00	0.00	0.00	0.00	0.00	0.00	1.00	0.00	0.00	0.00	0.00	0.00	0.00	0.00	0.00	0.00	0.00	0.00	0.00	0.00	0.00
381P 1.00	0.00	0.00	0.00	0.00	0.00	0.00	0.00	0.00	0.00	0.00	0.00	0.00	1.00	0.00	0.00	0.00	0.00	0.00	0.00	0.00
382G 1.00	0.16	0.01	0.01	0.01	0.00	1.00	0.00	0.00	0.01	0.01	0.00	0.01	0.02	0.00	0.00	0.56	0.01	0.01	0.00	0.00
383P 1.00	0.02	0.00	0.01	0.01	0.01	0.02	0.00	0.07	0.01	0.02	0.01	0.00	1.00	0.00	0.01	0.01	0.01	0.02	0.00	0.00
384I 1.00	0.01	0.00	0.00	0.00	0.01	0.00	0.00	1.00	0.00	0.03	0.01	0.00	0.00	0.00	0.07	0.00	0.01	0.23	0.00	0.00
385P 1.00	0.02	0.00	0.00	0.00	0.00	0.01	0.00	0.00	0.00	0.00	0.00	0.00	1.00	0.00	0.00	0.07	0.01	0.00	0.00	0.00
386W 0.97	1.00	0.08	0.07	0.08	0.03	0.46	0.02	0.04	0.09	0.09	0.04	0.07	0.24	0.06	0.06	0.53	0.21	0.14	0.42	0.03
387F 0.97	0.02	0.00	0.00	0.00	1.00	0.00	0.00	0.08	0.01	0.59	0.05	0.00	0.01	0.01	0.01	0.01	0.01	0.27	0.01	0.02
388I 1.00	0.01	0.00	0.00	0.00	0.08	0.00	0.00	1.00	0.00	0.53	0.26	0.00	0.00	0.00	0.00	0.00	0.01	0.35	0.00	0.00
389V 1.00	0.02	0.01	0.00	0.01	0.02	0.01	0.00	0.48	0.01	0.12	0.02	0.01	0.00	0.00	0.15	0.01	0.02	1.00	0.00	0.07
390A 1.00	1.00	0.01	0.01	0.01	0.00	0.04	0.00	0.01	0.01	0.01	0.01	0.01	0.02	0.01	0.01	0.07	0.71	0.03	0.00	0.00
391E 1.00	0.01	0.00	0.02	1.00	0.00	0.03	0.00	0.00	0.01	0.00	0.00	0.01	0.01	0.01	0.00	0.01	0.00	0.00	0.00	0.00
392L 1.00	0.01	0.00	0.00	0.00	0.25	0.00	0.00	0.74	0.00	1.00	0.03	0.00	0.00	0.01	0.00	0.00	0.01	0.15	0.00	0.01
393F 1.00	0.00	0.00	0.00	0.00	1.00	0.00	0.00	0.01	0.00	0.01	0.00	0.00	0.00	0.00	0.00	0.00	0.00	0.06	0.01	0.03
394S 1.00	1.00	0.10	0.13	0.11	0.06	0.56	0.03	0.08	0.12	0.20	0.07	0.13	0.25	0.08	0.09	0.57	0.25	0.18	0.02	0.04
395Q 1.00	0.00	0.00	0.00	0.00	0.00	0.00	0.00	0.00	0.00	0.00	0.00	0.00	0.00	1.00	0.00	0.00	0.00	0.00	0.00	0.00
396G 1.00	0.03	0.00	0.08	0.01	0.00	1.00	0.01	0.00	0.01	0.00	0.00	0.05	0.01	0.01	0.01	0.68	0.01	0.01	0.00	0.00
397P 1.00	0.08	0.01	0.01	0.01	0.00	0.14	0.00	0.00	0.01	0.01	0.00	0.01	1.00	0.01	0.01	0.58	0.02	0.01	0.00	0.00
398R 1.00	0.00	0.00	0.00	0.00	0.00	0.00	0.00	0.00	0.00	0.00	0.00	0.00	0.00	0.00	1.00	0.00	0.00	0.00	0.00	0.00
399P 1.00	0.03	0.00	0.01	0.01	0.00	0.01	0.00	0.00	0.02	0.01	0.00	0.01	1.00	0.01	0.11	0.08	0.11	0.01	0.00	0.00
400A 1.00	1.00	0.00	0.00	0.00	0.00	0.02	0.00	0.00	0.01	0.00	0.00	0.01	0.08	0.00	0.00	0.13	0.11	0.01	0.00	0.00
pos	A	C	D	E	F	G	H	I	K	L	M	N	P	Q	R	S	T	V	W	Y
401A 1.00	1.00	0.00	0.00	0.00	0.00	0.01	0.00	0.00	0.00	0.00	0.00	0.00	0.01	0.00	0.00	0.01	0.07	0.01	0.00	0.00
402M 1.00	0.14	0.05	0.05	0.06	0.72	0.07	0.11	0.63	0.07	1.00	0.66	0.07	0.06	0.08	0.08	0.09	0.11	0.36	0.18	0.58
403A 0.97	1.00	0.05	0.03	0.04	0.03	0.17	0.01	0.10	0.05	0.11	0.32	0.04	0.09	0.03	0.03	0.21	0.22	0.21	0.01	0.01
404V 0.97	0.00	0.00	0.00	0.00	0.00	0.00	0.00	0.20	0.00	0.10	0.00	0.00	0.00	0.00	0.00	0.00	0.00	1.00	0.00	0.00
405A 1.00	1.00	0.05	0.26	0.09	0.02	0.43	0.03	0.02	0.08	0.05	0.02	0.15	0.12	0.05	0.05	0.27	0.10	0.07	0.06	0.03
406G 1.00	0.17	0.00	0.00	0.00	0.00	1.00	0.00	0.00	0.00	0.00	0.00	0.00	0.01	0.00	0.00	0.01	0.00	0.00	0.00	0.00
407C 1.00	0.79	0.26	0.27	0.34	0.80	0.42	0.55	0.47	0.37	0.72	0.25	0.39	0.29	0.36	0.39	0.77	0.84	0.66	0.19	1.00
408S 1.00	1.00	0.14	0.09	0.11	0.06	0.40	0.03	0.30	0.13	0.25	0.09	0.11	0.25	0.09	0.08	0.67	0.57	0.71	0.02	0.04
409N 1.00	0.01	0.00	0.07	0.02	0.00	0.05	0.61	0.00	0.02	0.00	0.00	1.00	0.01	0.01	0.01	0.04	0.01	0.00	0.00	0.01
410W 1.00	0.00	0.00	0.00	0.00	0.00	0.00	0.00	0.00	0.00	0.00	0.00	0.00	0.00	0.00	0.00	0.00	0.00	0.00	1.00	0.00
411T 1.00	0.47	0.09	0.03	0.07	0.07	0.02	0.02	0.50	0.07	0.51	0.13	0.04	0.10	0.06	0.04	0.11	0.43	1.00	0.01	0.02
412S 1.00	0.18	0.27	0.04	0.03	0.01	0.12	0.01	0.02	0.04	0.03	0.01	0.06	0.06	0.03	0.02	1.00	0.44	0.05	0.01	0.01
413N 1.00	0.00	0.00	0.00	0.00	0.00	0.00	0.00	0.00	0.00	0.00	0.00	1.00	0.00	0.00	0.00	0.00	0.00	0.00	0.00	0.00
414F 1.00	0.00	0.00	0.00	0.00	1.00	0.00	0.00	0.00	0.00	0.00	0.00	0.00	0.00	0.00	0.00	0.00	0.00	0.00	0.00	0.00
415L 1.00	0.12	0.01	0.00	0.01	0.01	0.00	0.00	1.00	0.01	0.42	0.02	0.01	0.01	0.01	0.01	0.01	0.36	0.25	0.00	0.00
416V 1.00	0.00	0.00	0.00	0.00	0.00	0.00	0.00	0.32	0.00	0.02	0.00	0.00	0.00	0.00	0.00	0.00	0.00	1.00	0.00	0.00
417G 1.00	0.17	0.00	0.00	0.00	0.00	1.00	0.00	0.00	0.00	0.00	0.00	0.00	0.01	0.00	0.00	0.01	0.00	0.00	0.00	0.00
418L 1.00	0.01	0.00	0.00	0.00	0.15	0.00	0.00	0.03	0.00	1.00	0.59	0.00	0.00	0.00	0.00	0.00	0.00	0.02	0.00	0.00
419L 1.00	0.09	0.24	0.03	0.04	0.17	0.14	0.06	1.00	0.05	0.68	0.10	0.04	0.03	0.04	0.05	0.06	0.12	0.98	0.03	0.13
420F 1.00	0.00	0.00	0.00	0.00	1.00	0.00	0.00	0.00	0.00	0.00	0.00	0.00	0.00	0.00	0.00	0.00	0.00	0.00	0.00	0.00
421P 1.00	0.15	0.02	0.09	0.12	0.02	0.14	0.03	0.02	0.11	0.05	0.01	0.06	1.00	0.67	0.08	0.10	0.06	0.04	0.01	0.02
422S 0.97	0.04	0.02	0.01	0.01	0.90	0.01	0.00	0.07	0.00	0.17	0.04	0.00	0.01	0.00	0.00	0.29	0.03	0.07	0.16	1.00
423A 1.00	0.36	0.01	0.00	0.01	0.02	0.00	0.00	1.00	0.01	0.18	0.02	0.00	0.01	0.00	0.01	0.01	0.03	0.54	0.00	0.01
424A 1.00	0.76	0.04	0.46	1.00	0.04	0.14	0.07	0.22	0.35	0.18	0.06	0.16	0.17	0.54	0.17	0.26	0.30	0.35	0.01	0.04
425H 1.00	0.67	0.18	0.39	0.52	0.72	0.40	0.56	0.43	0.49	0.70	0.25	0.40	0.26	0.46	0.45	0.55	0.50	0.59	0.19	1.00
pos	A	C	D	E	F	G	H	I	K	L	M	N	P	Q	R	S	T	V	W	Y
426Y 1.00	0.47	0.16	0.19	0.25	0.74	0.30	0.49	0.37	0.26	0.63	0.21	0.28	0.19	0.27	0.32	0.37	0.36	0.47	0.19	1.00
427L 1.00	0.13	0.32	0.01	0.01	0.09	0.01	0.01	0.34	0.02	1.00	0.21	0.01	0.02	0.02	0.01	0.01	0.04	0.16	0.01	0.01
428G 1.00	0.00	0.00	0.00	0.00	0.00	1.00	0.00	0.00	0.00	0.00	0.00	0.00	0.00	0.00	0.00	0.00	0.00	0.00	0.00	0.00
429A 1.00	0.95	0.02	0.02	0.02	0.01	0.12	0.00	0.01	0.02	0.13	0.01	0.01	1.00	0.02	0.02	0.16	0.04	0.04	0.00	0.01
430Y 1.00	0.00	0.00	0.00	0.00	0.00	0.00	0.00	0.00	0.00	0.00	0.00	0.00	0.00	0.00	0.00	0.00	0.00	0.00	0.00	1.00
431V 1.00	0.53	0.07	0.06	0.06	0.04	0.23	0.02	0.18	0.07	0.15	0.05	0.07	0.14	0.05	0.05	0.76	0.31	1.00	0.01	0.03
432F 1.00	0.00	0.00	0.00	0.00	1.00	0.00	0.00	0.00	0.00	0.00	0.00	0.00	0.00	0.00	0.00	0.00	0.00	0.00	0.00	0.00
433I 1.00	0.01	0.00	0.00	0.00	0.21	0.00	0.00	1.00	0.00	0.33	0.01	0.00	0.00	0.00	0.00	0.00	0.01	0.28	0.00	0.00
434I 1.00	0.00	0.00	0.00	0.00	0.01	0.00	0.00	1.00	0.00	0.37	0.01	0.00	0.00	0.00	0.00	0.00	0.00	0.36	0.00	0.00
435F 0.97	0.00	0.00	0.00	0.00	1.00	0.00	0.00	0.00	0.00	0.00	0.00	0.00	0.00	0.00	0.00	0.00	0.00	0.00	0.00	0.00
436T 0.97	1.00	0.01	0.01	0.01	0.00	0.14	0.00	0.01	0.01	0.06	0.00	0.01	0.03	0.01	0.01	0.06	0.36	0.02	0.00	0.00
437G 0.97	0.85	0.09	0.08	0.09	0.10	0.51	0.03	0.82	0.10	0.37	0.09	0.08	0.20	0.07	0.08	0.46	0.25	1.00	0.02	0.07
438F 0.97	0.17	0.01	0.01	0.01	0.53	0.01	0.00	1.00	0.01	0.90	0.06	0.01	0.01	0.01	0.01	0.01	0.03	0.68	0.01	0.01
439L 0.97	0.10	0.41	0.01	0.02	0.09	0.01	0.01	0.23	0.02	1.00	0.11	0.01	0.03	0.02	0.02	0.02	0.07	0.31	0.01	0.02
440I 0.97	0.01	0.00	0.00	0.00	0.12	0.00	0.00	0.33	0.00	1.00	0.02	0.00	0.00	0.00	0.00	0.00	0.01	0.50	0.00	0.00
441T 0.97	0.34	0.09	0.11	0.15	0.43	0.28	0.27	0.48	0.15	1.00	0.13	0.16	0.11	0.15	0.18	0.28	0.24	0.58	0.09	0.50
442F 0.97	0.09	0.03	0.03	0.02	1.00	0.04	0.01	0.08	0.02	0.17	0.04	0.03	0.04	0.02	0.02	0.13	0.54	0.09	0.09	0.36
443L 0.97	0.28	0.08	0.08	0.11	0.67	0.12	0.17	0.42	0.11	1.00	0.24	0.11	0.10	0.12	0.12	0.20	0.24	0.40	0.14	0.60
444A 0.97	0.13	0.00	0.00	0.00	0.01	0.00	0.00	1.00	0.00	0.26	0.01	0.00	0.00	0.00	0.00	0.00	0.01	0.40	0.00	0.00
445F 0.97	0.00	0.00	0.00	0.00	1.00	0.00	0.00	0.01	0.00	0.02	0.00	0.00	0.00	0.00	0.00	0.00	0.00	0.01	0.01	0.69
446T 0.97	0.25	0.04	0.02	0.03	0.02	0.03	0.01	0.58	0.04	0.12	0.04	0.04	0.05	0.03	0.02	0.15	1.00	0.33	0.01	0.01
447F 0.97	0.00	0.00	0.00	0.00	1.00	0.00	0.00	0.01	0.00	0.02	0.00	0.00	0.00	0.00	0.00	0.04	0.00	0.01	0.02	0.61
448F 0.97	0.03	0.01	0.00	0.01	0.84	0.01	0.01	0.15	0.01	1.00	0.20	0.01	0.01	0.02	0.01	0.01	0.02	0.31	0.01	0.01
449K 0.97	0.29	0.05	0.04	0.19	0.09	0.10	0.11	0.84	0.94	0.46	0.11	0.13	0.13	0.30	0.72	0.13	0.26	1.00	0.03	0.08
450V 0.97	0.00	0.00	0.00	0.00	0.00	0.00	0.00	0.27	0.00	0.01	0.00	0.00	0.00	0.00	0.00	0.00	0.00	1.00	0.00	0.00
pos	A	C	D	E	F	G	H	I	K	L	M	N	P	Q	R	S	T	V	W	Y
451P 0.97	0.00	0.00	0.00	0.00	0.00	0.00	0.00	0.00	0.00	0.00	0.00	0.00	1.00	0.00	0.00	0.00	0.00	0.00	0.00	0.00
452E 0.97	0.00	0.00	0.00	1.00	0.00	0.00	0.00	0.00	0.00	0.00	0.00	0.00	0.00	0.00	0.00	0.00	0.00	0.00	0.00	0.00
453T 0.97	0.00	0.00	0.00	0.00	0.00	0.00	0.00	0.00	0.00	0.00	0.00	0.00	0.00	0.00	0.00	0.00	1.00	0.00	0.00	0.00
454R 0.97	0.00	0.00	0.00	0.01	0.00	0.00	0.00	0.00	1.00	0.00	0.00	0.00	0.00	0.01	0.30	0.00	0.00	0.00	0.00	0.00
455G 0.97	0.08	0.00	0.00	0.00	0.00	1.00	0.00	0.00	0.00	0.00	0.00	0.00	0.01	0.00	0.00	0.08	0.00	0.00	0.00	0.00
456R 0.97	0.01	0.00	0.00	0.01	0.00	0.01	0.01	0.00	0.77	0.01	0.00	0.01	0.01	0.02	1.00	0.01	0.01	0.00	0.00	0.00
457T 0.97	0.01	0.00	0.00	0.00	0.00	0.00	0.00	0.00	0.00	0.00	0.00	0.01	0.00	0.00	0.00	0.27	1.00	0.00	0.00	0.00
458F 0.97	0.00	0.00	0.00	0.00	1.00	0.00	0.00	0.00	0.00	0.00	0.00	0.00	0.00	0.00	0.00	0.00	0.00	0.00	0.00	0.00
459E 0.97	0.31	0.03	0.50	1.00	0.05	0.08	0.05	0.48	0.21	0.24	0.06	0.09	0.13	0.25	0.07	0.12	0.18	0.62	0.01	0.04
460D 0.97	0.01	0.00	0.20	1.00	0.00	0.00	0.00	0.00	0.01	0.00	0.00	0.00	0.01	0.13	0.00	0.00	0.00	0.00	0.00	0.00
461I 0.97	0.00	0.00	0.00	0.00	0.00	0.00	0.00	1.00	0.00	0.00	0.00	0.00	0.00	0.00	0.00	0.00	0.00	0.00	0.00	0.00
462T 0.97	0.28	0.05	0.10	0.07	0.03	0.08	0.03	0.09	0.10	0.07	0.04	0.21	0.12	0.08	0.06	0.75	1.00	0.13	0.02	0.03
463R 0.97	0.86	0.24	0.26	0.37	0.68	0.37	0.59	0.40	0.49	0.66	0.23	0.36	0.24	0.55	0.95	0.61	0.45	0.51	0.18	1.00
464A 0.97	0.96	0.08	0.60	1.00	0.13	0.49	0.18	0.34	0.91	0.36	0.13	0.49	0.30	0.58	0.58	0.76	0.60	0.35	0.04	0.15
465F 0.97	0.00	0.00	0.00	0.00	1.00	0.00	0.00	0.00	0.00	0.00	0.00	0.00	0.00	0.00	0.00	0.00	0.00	0.00	0.00	0.00
466E 0.81	0.61	0.03	0.33	1.00	0.04	0.19	0.18	0.10	0.59	0.17	0.06	0.25	0.15	0.69	0.69	0.36	0.42	0.15	0.01	0.04
467G 0.67	0.23	0.02	0.17	0.37	0.03	0.72	0.08	0.05	1.00	0.10	0.09	0.16	0.11	0.24	0.44	0.17	0.14	0.08	0.02	0.05
468Q 0.67	0.16	0.01	0.05	0.21	0.03	0.20	0.11	0.06	1.00	0.14	0.07	0.14	0.11	0.45	0.80	0.13	0.15	0.08	0.02	0.06
469A 0.67	1.00	0.09	0.30	0.38	0.07	0.45	0.08	0.12	0.38	0.18	0.07	0.43	0.26	0.25	0.23	0.91	0.78	0.27	0.02	0.07
470H 0.67	0.75	0.05	0.61	1.00	0.05	0.41	0.16	0.19	0.98	0.30	0.11	0.49	0.27	0.61	0.58	0.77	0.56	0.28	0.02	0.04
471G 0.67	0.74	0.05	0.63	1.00	0.06	0.38	0.12	0.19	0.90	0.30	0.10	0.49	0.27	0.59	0.51	0.75	0.60	0.30	0.02	0.05
472A 0.69	1.00	0.05	0.07	0.07	0.02	0.50	0.02	0.03	0.24	0.05	0.02	0.06	0.13	0.05	0.05	0.84	0.11	0.09	0.01	0.02
473D 0.64	0.71	0.06	0.98	0.93	0.08	0.41	0.19	0.19	1.00	0.40	0.11	0.61	0.27	0.55	0.50	0.77	0.63	0.28	0.02	0.08
474R 0.56	0.16	0.02	0.04	0.20	0.03	0.10	0.12	0.06	1.00	0.14	0.05	0.14	0.16	0.32	0.85	0.13	0.16	0.12	0.02	0.06
475S 0.53	0.87	0.12	0.63	1.00	0.33	0.48	0.32	0.32	0.92	0.53	0.18	0.57	0.32	0.63	0.59	0.83	0.71	0.45	0.09	0.45
pos	A	C	D	E	F	G	H	I	K	L	M	N	P	Q	R	S	T	V	W	Y
476G 0.58	1.00	0.09	0.59	0.86	0.05	0.84	0.10	0.06	0.31	0.13	0.06	0.42	0.53	0.26	0.16	0.68	0.29	0.18	0.02	0.07
477K 0.58	0.35	0.02	0.40	0.92	0.02	0.17	0.06	0.08	1.00	0.13	0.05	0.22	0.19	0.29	0.23	0.38	0.25	0.24	0.01	0.02
478D 0.58	0.46	0.03	0.49	1.00	0.03	0.35	0.08	0.09	0.56	0.15	0.05	0.36	0.16	0.34	0.27	0.40	0.30	0.15	0.01	0.03
479G 0.31	0.56	0.05	0.58	1.00	0.04	0.43	0.08	0.05	0.30	0.09	0.04	0.28	0.33	0.28	0.14	0.36	0.19	0.11	0.02	0.05
480V 0.33	0.36	0.09	0.07	0.11	0.22	0.09	0.13	0.74	0.12	0.51	0.14	0.09	0.10	0.10	0.11	0.14	0.29	1.00	0.05	0.24
481M 0.28	0.39	0.08	0.05	0.10	0.11	0.04	0.05	0.64	0.13	0.48	0.17	0.06	0.12	0.08	0.08	0.10	0.29	1.00	0.02	0.08
482E 0.33	0.02	0.00	0.31	1.00	0.00	0.01	0.01	0.00	0.02	0.01	0.00	0.01	0.01	0.03	0.01	0.01	0.01	0.01	0.00	0.00
483M 0.33	0.39	0.05	0.10	0.23	0.19	0.09	0.06	0.39	0.14	1.00	0.38	0.08	0.09	0.12	0.10	0.14	0.18	0.41	0.03	0.08
484N 0.33	0.10	0.02	0.38	0.13	0.02	0.47	0.09	0.01	0.27	0.03	0.01	1.00	0.07	0.09	0.09	0.22	0.09	0.02	0.01	0.04
485S 0.33	0.10	0.01	0.25	0.37	0.01	0.06	0.02	0.02	0.09	0.03	0.01	0.09	0.05	0.07	0.05	1.00	0.52	0.04	0.00	0.01
486I 0.36	0.40	0.03	0.01	0.03	0.07	0.01	0.01	1.00	0.03	0.50	0.33	0.02	0.03	0.02	0.02	0.03	0.12	0.97	0.01	0.02
487E 0.36	0.69	0.04	0.54	1.00	0.05	0.30	0.17	0.15	0.71	0.24	0.08	0.38	0.28	0.75	0.40	0.71	0.44	0.22	0.02	0.05
488P 0.36	0.05	0.01	0.01	0.01	0.00	0.03	0.00	0.01	0.01	0.01	0.00	0.02	1.00	0.01	0.01	0.05	0.20	0.02	0.00	0.00
489A 0.36	0.90	0.08	0.13	0.12	0.06	0.04	0.03	0.45	0.11	0.29	0.09	0.07	0.10	0.08	0.07	0.14	0.44	1.00	0.01	0.03
490K 0.31	0.00	0.00	0.00	0.00	0.00	0.00	0.00	0.00	1.00	0.00	0.00	0.00	0.00	0.00	0.00	0.00	0.00	0.00	0.00	0.00
491E 0.33	0.07	0.00	0.40	1.00	0.01	0.03	0.02	0.01	0.08	0.02	0.01	0.04	0.17	0.10	0.02	0.04	0.03	0.02	0.00	0.01
492T 0.31	0.29	0.04	0.42	0.62	0.07	0.21	0.21	0.09	0.37	0.13	0.05	0.32	0.15	0.25	0.24	0.46	1.00	0.14	0.03	0.10
493T 0.31	0.52	0.06	0.33	0.47	0.06	0.22	0.09	0.14	0.46	0.23	0.07	0.39	0.26	0.30	0.27	0.89	1.00	0.21	0.02	0.07
494T 0.19	0.93	0.09	0.64	0.91	0.10	0.54	0.18	0.20	1.00	0.33	0.12	0.59	0.34	0.58	0.63	0.92	0.76	0.32	0.04	0.12
495N 0.17	0.09	0.02	0.59	0.13	0.02	0.21	0.27	0.02	0.12	0.03	0.01	1.00	0.06	0.08	0.07	0.62	0.09	0.03	0.01	0.04
496V 0.11	0.06	0.02	0.01	0.02	0.07	0.02	0.00	0.92	0.02	0.69	0.08	0.01	0.01	0.01	0.02	0.02	0.06	1.00	0.01	0.03
