Each row corresponds to a position in the reference protein.  Below each position is the fraction of sequences that contain one of the basic amino acids.  A low fraction indicates the position is either severely gapped or unalignable and has little information.  Expect poor prediction at these positions.
Each column corresponds to one of the twenty amino acids. 
Each entry contains the score at a particular position (row) for an amino acid substitution (column).  Substitutions predicted to be intolerant are highlighted in red.




pos	A	C	D	E	F	G	H	I	K	L	M	N	P	Q	R	S	T	V	W	Y
1M 0.03	0.00	0.00	0.00	0.00	0.00	0.00	0.00	0.00	0.00	0.00	1.00	0.00	0.00	0.00	0.00	0.00	0.00	0.00	0.00	0.00
2A 0.03	1.00	0.00	0.00	0.00	0.00	0.00	0.00	0.00	0.00	0.00	0.00	0.00	0.00	0.00	0.00	0.00	0.00	0.00	0.00	0.00
3R 0.03	0.00	0.00	0.00	0.00	0.00	0.00	0.00	0.00	0.00	0.00	0.00	0.00	0.00	0.00	1.00	0.00	0.00	0.00	0.00	0.00
4K 0.03	0.00	0.00	0.00	0.00	0.00	0.00	0.00	0.00	1.00	0.00	0.00	0.00	0.00	0.00	0.00	0.00	0.00	0.00	0.00	0.00
5Q 0.03	0.00	0.00	0.00	0.00	0.00	0.00	0.00	0.00	0.00	0.00	0.00	0.00	0.00	1.00	0.00	0.00	0.00	0.00	0.00	0.00
6N 0.03	0.00	0.00	0.00	0.00	0.00	0.00	0.00	0.00	0.00	0.00	0.00	1.00	0.00	0.00	0.00	0.00	0.00	0.00	0.00	0.00
7R 0.03	0.00	0.00	0.00	0.00	0.00	0.00	0.00	0.00	0.00	0.00	0.00	0.00	0.00	0.00	1.00	0.00	0.00	0.00	0.00	0.00
8N 0.03	0.00	0.00	0.00	0.00	0.00	0.00	0.00	0.00	0.00	0.00	0.00	1.00	0.00	0.00	0.00	0.00	0.00	0.00	0.00	0.00
9S 0.03	0.00	0.00	0.00	0.00	0.00	0.00	0.00	0.00	0.00	0.00	0.00	0.00	0.00	0.00	0.00	1.00	0.00	0.00	0.00	0.00
10K 0.03	0.00	0.00	0.00	0.00	0.00	0.00	0.00	0.00	1.00	0.00	0.00	0.00	0.00	0.00	0.00	0.00	0.00	0.00	0.00	0.00
11E 0.03	0.00	0.00	0.00	1.00	0.00	0.00	0.00	0.00	0.00	0.00	0.00	0.00	0.00	0.00	0.00	0.00	0.00	0.00	0.00	0.00
12L 0.03	0.00	0.00	0.00	0.00	0.00	0.00	0.00	0.00	0.00	1.00	0.00	0.00	0.00	0.00	0.00	0.00	0.00	0.00	0.00	0.00
13G 0.03	0.00	0.00	0.00	0.00	0.00	1.00	0.00	0.00	0.00	0.00	0.00	0.00	0.00	0.00	0.00	0.00	0.00	0.00	0.00	0.00
14L 0.03	0.00	0.00	0.00	0.00	0.00	0.00	0.00	0.00	0.00	1.00	0.00	0.00	0.00	0.00	0.00	0.00	0.00	0.00	0.00	0.00
15V 0.03	0.00	0.00	0.00	0.00	0.00	0.00	0.00	0.00	0.00	0.00	0.00	0.00	0.00	0.00	0.00	0.00	0.00	1.00	0.00	0.00
16P 0.03	0.00	0.00	0.00	0.00	0.00	0.00	0.00	0.00	0.00	0.00	0.00	0.00	1.00	0.00	0.00	0.00	0.00	0.00	0.00	0.00
17L 0.03	0.00	0.00	0.00	0.00	0.00	0.00	0.00	0.00	0.00	1.00	0.00	0.00	0.00	0.00	0.00	0.00	0.00	0.00	0.00	0.00
18T 0.03	0.00	0.00	0.00	0.00	0.00	0.00	0.00	0.00	0.00	0.00	0.00	0.00	0.00	0.00	0.00	0.00	1.00	0.00	0.00	0.00
19D 0.03	0.00	0.00	1.00	0.00	0.00	0.00	0.00	0.00	0.00	0.00	0.00	0.00	0.00	0.00	0.00	0.00	0.00	0.00	0.00	0.00
20D 0.03	0.00	0.00	1.00	0.00	0.00	0.00	0.00	0.00	0.00	0.00	0.00	0.00	0.00	0.00	0.00	0.00	0.00	0.00	0.00	0.00
21T 0.03	0.00	0.00	0.00	0.00	0.00	0.00	0.00	0.00	0.00	0.00	0.00	0.00	0.00	0.00	0.00	0.00	1.00	0.00	0.00	0.00
22S 0.03	0.00	0.00	0.00	0.00	0.00	0.00	0.00	0.00	0.00	0.00	0.00	0.00	0.00	0.00	0.00	1.00	0.00	0.00	0.00	0.00
23H 0.03	0.00	0.00	0.00	0.00	0.00	0.00	1.00	0.00	0.00	0.00	0.00	0.00	0.00	0.00	0.00	0.00	0.00	0.00	0.00	0.00
24A 0.03	1.00	0.00	0.00	0.00	0.00	0.00	0.00	0.00	0.00	0.00	0.00	0.00	0.00	0.00	0.00	0.00	0.00	0.00	0.00	0.00
25G 0.03	0.00	0.00	0.00	0.00	0.00	1.00	0.00	0.00	0.00	0.00	0.00	0.00	0.00	0.00	0.00	0.00	0.00	0.00	0.00	0.00
pos	A	C	D	E	F	G	H	I	K	L	M	N	P	Q	R	S	T	V	W	Y
26P 0.03	0.00	0.00	0.00	0.00	0.00	0.00	0.00	0.00	0.00	0.00	0.00	0.00	1.00	0.00	0.00	0.00	0.00	0.00	0.00	0.00
27P 0.03	0.00	0.00	0.00	0.00	0.00	0.00	0.00	0.00	0.00	0.00	0.00	0.00	1.00	0.00	0.00	0.00	0.00	0.00	0.00	0.00
28G 0.03	0.00	0.00	0.00	0.00	0.00	1.00	0.00	0.00	0.00	0.00	0.00	0.00	0.00	0.00	0.00	0.00	0.00	0.00	0.00	0.00
29P 0.03	0.00	0.00	0.00	0.00	0.00	0.00	0.00	0.00	0.00	0.00	0.00	0.00	1.00	0.00	0.00	0.00	0.00	0.00	0.00	0.00
30G 0.03	0.00	0.00	0.00	0.00	0.00	1.00	0.00	0.00	0.00	0.00	0.00	0.00	0.00	0.00	0.00	0.00	0.00	0.00	0.00	0.00
31R 0.03	0.00	0.00	0.00	0.00	0.00	0.00	0.00	0.00	0.00	0.00	0.00	0.00	0.00	0.00	1.00	0.00	0.00	0.00	0.00	0.00
32A 0.03	1.00	0.00	0.00	0.00	0.00	0.00	0.00	0.00	0.00	0.00	0.00	0.00	0.00	0.00	0.00	0.00	0.00	0.00	0.00	0.00
33L 0.03	0.00	0.00	0.00	0.00	0.00	0.00	0.00	0.00	0.00	1.00	0.00	0.00	0.00	0.00	0.00	0.00	0.00	0.00	0.00	0.00
34L 0.05	0.01	0.00	0.00	0.00	0.04	0.00	0.00	0.07	0.00	1.00	0.29	0.00	0.01	0.01	0.00	0.00	0.01	0.04	0.00	0.01
35E 0.05	0.00	0.00	0.00	1.00	0.00	0.00	0.00	0.00	0.00	0.00	0.00	0.00	0.00	0.00	0.00	0.00	0.00	0.00	0.00	0.00
36C 0.05	0.75	0.37	0.98	0.41	0.11	0.89	0.22	0.13	0.34	0.19	0.07	1.00	0.30	0.25	0.21	0.81	0.48	0.24	0.05	0.17
37D 0.05	0.07	0.01	1.00	0.22	0.01	0.09	0.03	0.01	0.34	0.02	0.01	0.13	0.04	0.07	0.04	0.09	0.05	0.02	0.00	0.02
38H 0.05	0.07	0.01	0.15	0.54	0.02	0.06	1.00	0.02	0.10	0.03	0.01	0.08	0.04	0.08	0.06	0.06	0.04	0.02	0.01	0.02
39L 0.05	0.02	0.00	0.00	0.00	0.04	0.00	0.00	0.35	0.01	1.00	0.05	0.00	0.01	0.01	0.01	0.01	0.01	0.07	0.00	0.01
40R 0.05	0.44	0.05	0.23	0.26	0.05	0.49	0.14	0.07	0.76	0.16	0.05	0.32	0.19	0.30	1.00	0.33	0.22	0.12	0.03	0.09
41S 0.05	0.04	0.01	0.02	0.01	0.00	0.02	0.00	0.01	0.02	0.01	0.01	0.03	0.02	0.01	0.01	1.00	0.42	0.02	0.00	0.00
42G 0.05	0.62	0.06	0.16	0.11	0.03	1.00	0.04	0.03	0.12	0.08	0.03	0.16	0.36	0.07	0.08	0.36	0.14	0.10	0.01	0.04
43V 0.05	0.03	0.01	0.00	0.01	0.02	0.00	0.00	0.15	0.01	0.38	0.03	0.00	0.01	0.01	0.01	0.01	0.02	1.00	0.00	0.01
44P 0.10	0.00	0.00	0.00	0.00	0.00	0.00	0.00	0.00	0.00	0.00	0.00	0.00	1.00	0.00	0.00	0.00	0.00	0.00	0.00	0.00
45G 0.13	0.16	0.03	0.03	0.04	0.20	0.09	0.03	0.72	0.06	1.00	0.21	0.04	0.05	0.05	0.05	0.08	0.08	0.58	0.03	0.06
46G 0.13	1.00	0.10	0.48	0.42	0.06	0.83	0.12	0.07	0.39	0.15	0.06	0.45	0.40	0.28	0.26	0.65	0.29	0.18	0.03	0.08
47R 0.18	0.16	0.01	0.11	0.45	0.02	0.09	0.27	0.05	0.65	0.09	0.03	0.12	0.08	0.20	1.00	0.42	0.14	0.07	0.01	0.03
48R 0.18	0.03	0.00	0.01	0.03	0.00	0.02	0.02	0.01	0.32	0.02	0.01	0.02	0.02	0.05	1.00	0.18	0.03	0.01	0.00	0.01
49R 0.26	0.04	0.00	0.02	0.72	0.01	0.03	0.03	0.02	0.57	0.04	0.01	0.04	0.03	0.09	1.00	0.03	0.04	0.02	0.01	0.02
50K 0.31	0.55	0.03	0.48	0.91	0.04	0.40	0.10	0.11	1.00	0.19	0.07	0.31	0.20	0.48	0.42	0.44	0.35	0.17	0.02	0.04
pos	A	C	D	E	F	G	H	I	K	L	M	N	P	Q	R	S	T	V	W	Y
51D 0.31	0.25	0.01	0.66	1.00	0.02	0.14	0.08	0.04	0.41	0.08	0.03	0.19	0.14	0.31	0.34	0.19	0.15	0.07	0.01	0.04
52W 0.31	0.37	0.12	0.14	0.20	0.52	0.23	0.33	0.78	0.24	1.00	0.26	0.21	0.14	0.21	0.26	0.27	0.28	0.77	0.14	0.62
53S 0.31	0.38	0.05	0.24	0.35	0.05	0.17	0.08	0.12	0.43	0.16	0.06	0.27	0.16	0.44	0.37	0.95	1.00	0.28	0.02	0.06
54C 0.31	1.00	0.11	0.12	0.15	0.11	0.53	0.08	0.09	0.16	0.17	0.07	0.12	0.26	0.11	0.12	0.56	0.28	0.21	0.03	0.13
55S 0.41	0.17	0.03	0.05	0.03	0.01	0.21	0.01	0.03	0.05	0.03	0.02	0.07	0.06	0.03	0.03	0.87	1.00	0.17	0.01	0.01
56L 0.46	0.01	0.00	0.00	0.00	0.02	0.00	0.00	0.12	0.00	1.00	0.02	0.00	0.00	0.00	0.00	0.00	0.10	0.03	0.00	0.00
57L 0.72	0.15	0.01	0.00	0.01	0.02	0.00	0.00	0.18	0.01	1.00	0.03	0.00	0.01	0.01	0.01	0.01	0.04	0.68	0.00	0.00
58V 0.72	0.02	0.01	0.00	0.01	0.13	0.01	0.00	0.30	0.01	1.00	0.26	0.00	0.01	0.01	0.01	0.01	0.01	0.71	0.01	0.07
59A 0.72	0.59	0.06	0.03	0.05	0.25	0.08	0.03	0.41	0.06	1.00	0.21	0.04	0.08	0.06	0.05	0.12	0.20	0.46	0.03	0.08
60S 0.72	0.58	0.01	0.02	0.02	0.01	0.03	0.01	0.03	0.02	0.03	0.01	0.03	0.03	0.02	0.01	0.68	1.00	0.47	0.00	0.01
61L 0.72	0.05	0.01	0.01	0.01	0.24	0.01	0.01	0.30	0.01	1.00	0.04	0.01	0.01	0.01	0.01	0.07	0.12	0.61	0.01	0.02
62A 0.72	0.64	0.18	0.22	0.29	0.70	0.39	0.50	0.93	0.31	0.87	0.26	0.31	0.23	0.29	0.35	0.48	0.42	1.00	0.18	0.93
63G 0.79	1.00	0.01	0.01	0.01	0.01	0.53	0.00	0.07	0.02	0.02	0.01	0.01	0.03	0.01	0.01	0.08	0.20	0.06	0.00	0.01
64A 0.79	1.00	0.00	0.00	0.00	0.00	0.01	0.00	0.02	0.00	0.01	0.00	0.00	0.01	0.00	0.00	0.01	0.07	0.14	0.00	0.00
65F 0.79	0.06	0.01	0.01	0.01	1.00	0.01	0.00	0.56	0.02	0.45	0.06	0.01	0.01	0.01	0.01	0.02	0.15	0.79	0.01	0.02
66G 0.79	0.12	0.02	0.02	0.02	0.17	0.21	0.01	0.38	0.03	1.00	0.21	0.02	0.04	0.04	0.03	0.05	0.05	0.24	0.02	0.03
67S 0.82	0.14	0.01	0.03	0.02	0.01	0.37	0.01	0.01	0.02	0.01	0.01	0.03	0.04	0.01	0.01	1.00	0.03	0.02	0.00	0.01
68S 0.74	0.22	0.01	0.01	0.01	0.06	0.06	0.00	0.02	0.01	0.02	0.01	0.01	0.03	0.01	0.01	1.00	0.05	0.11	0.00	0.01
69F 0.92	0.00	0.00	0.00	0.00	1.00	0.00	0.00	0.02	0.00	0.30	0.01	0.00	0.00	0.00	0.00	0.00	0.00	0.01	0.01	0.02
70L 0.92	0.04	0.01	0.01	0.02	0.06	0.02	0.01	0.11	0.04	0.51	0.07	0.01	0.02	1.00	0.03	0.02	0.02	0.07	0.01	0.01
71Y 0.92	0.00	0.00	0.00	0.00	0.88	0.00	0.00	0.01	0.00	0.02	0.00	0.00	0.00	0.00	0.00	0.00	0.00	0.01	0.02	1.00
72G 0.92	0.08	0.00	0.00	0.00	0.00	1.00	0.00	0.00	0.00	0.00	0.00	0.00	0.01	0.00	0.00	0.01	0.00	0.00	0.00	0.00
73Y 0.92	0.00	0.00	0.00	0.00	0.00	0.00	0.00	0.00	0.00	0.00	0.00	0.00	0.00	0.00	0.00	0.00	0.00	0.00	0.00	1.00
74N 0.92	0.00	0.00	0.14	0.01	0.00	0.01	0.00	0.00	0.01	0.00	0.00	1.00	0.00	0.00	0.00	0.05	0.00	0.00	0.00	0.00
75L 0.92	0.13	0.03	0.01	0.02	0.08	0.02	0.00	0.94	0.03	0.44	0.09	0.02	0.03	0.02	0.02	0.03	0.12	1.00	0.01	0.03
pos	A	C	D	E	F	G	H	I	K	L	M	N	P	Q	R	S	T	V	W	Y
76S 0.92	0.51	0.01	0.01	0.01	0.00	1.00	0.00	0.00	0.01	0.01	0.00	0.01	0.02	0.01	0.01	0.59	0.02	0.01	0.00	0.00
77V 0.92	0.19	0.01	0.00	0.00	0.00	0.00	0.00	0.02	0.00	0.02	0.01	0.00	0.01	0.00	0.00	0.01	0.05	1.00	0.00	0.00
78V 0.92	0.01	0.09	0.00	0.00	0.01	0.00	0.00	1.00	0.00	0.03	0.01	0.00	0.00	0.00	0.00	0.00	0.01	0.62	0.00	0.00
79N 0.92	0.00	0.00	0.00	0.00	0.00	0.00	0.00	0.00	0.00	0.00	0.00	1.00	0.00	0.00	0.00	0.00	0.00	0.00	0.00	0.00
80A 0.92	1.00	0.00	0.01	0.01	0.00	0.02	0.00	0.00	0.01	0.01	0.00	0.01	0.01	0.01	0.03	0.39	0.23	0.01	0.00	0.00
81P 0.92	0.00	0.00	0.00	0.00	0.00	0.00	0.00	0.00	0.00	0.00	0.00	0.00	1.00	0.00	0.00	0.00	0.00	0.00	0.00	0.00
82T 0.92	0.54	0.03	0.43	1.00	0.04	0.21	0.27	0.11	0.50	0.17	0.06	0.28	0.17	0.88	0.27	0.73	0.70	0.16	0.01	0.04
83P 0.92	0.43	0.03	0.34	0.86	0.03	0.19	0.07	0.10	1.00	0.21	0.06	0.25	0.35	0.39	0.30	0.37	0.39	0.15	0.01	0.02
84Y 0.92	0.02	0.01	0.00	0.01	0.18	0.01	0.00	0.64	0.01	0.35	0.03	0.01	0.00	0.00	0.01	0.01	0.02	1.00	0.01	0.25
85I 0.92	0.01	0.00	0.00	0.00	0.20	0.00	0.00	1.00	0.00	0.18	0.36	0.00	0.00	0.00	0.00	0.00	0.01	0.04	0.00	0.00
86K 0.92	0.12	0.01	0.13	0.56	0.01	0.06	0.04	0.18	1.00	0.06	0.02	0.08	0.06	0.32	0.24	0.10	0.17	0.05	0.01	0.02
87A 0.92	0.47	0.03	0.57	1.00	0.03	0.20	0.08	0.09	0.49	0.15	0.05	0.26	0.18	0.41	0.25	0.41	0.31	0.14	0.01	0.03
88F 0.95	0.05	0.01	0.05	0.02	1.00	0.05	0.20	0.02	0.03	0.03	0.01	0.06	0.02	0.02	0.02	0.16	0.04	0.02	0.01	0.03
89Y 0.95	0.00	0.00	0.00	0.00	0.04	0.00	0.00	0.07	0.00	0.15	0.01	0.00	0.00	0.00	0.00	0.00	0.00	0.01	0.01	1.00
90N 0.87	0.01	0.00	0.02	0.01	0.00	0.01	0.00	0.00	0.01	0.00	0.00	1.00	0.00	0.01	0.04	0.01	0.05	0.00	0.00	0.00
91E 0.87	0.28	0.02	0.48	1.00	0.04	0.11	0.13	0.06	0.33	0.10	0.03	0.13	0.09	0.33	0.18	0.19	0.15	0.09	0.01	0.26
92S 0.87	0.06	0.00	0.00	0.00	0.00	0.00	0.00	0.00	0.00	0.00	0.00	0.01	0.01	0.00	0.00	0.29	1.00	0.00	0.00	0.00
93W 0.87	0.05	0.02	0.02	0.03	0.07	0.03	0.23	0.05	0.03	0.49	0.03	0.03	0.02	0.03	0.04	0.04	0.04	0.05	1.00	0.71
94E 0.87	0.51	0.18	0.21	0.28	0.70	0.33	0.54	0.39	0.30	0.65	0.22	0.31	0.21	0.30	0.35	0.40	0.39	0.50	0.18	1.00
95R 0.87	0.46	0.04	0.76	1.00	0.07	0.46	0.23	0.12	0.55	0.20	0.07	0.39	0.18	0.42	0.54	0.55	0.35	0.18	0.02	0.12
96R 0.95	0.00	0.00	0.00	0.04	0.00	0.00	0.00	0.00	0.10	0.00	0.00	0.00	0.00	0.01	1.00	0.04	0.00	0.00	0.00	0.00
97H 0.95	0.49	0.17	0.20	0.31	0.68	0.33	0.74	0.38	0.28	0.64	0.21	0.32	0.19	0.33	0.33	0.43	0.43	0.50	0.17	1.00
98G 0.95	0.15	0.00	0.06	0.27	0.00	1.00	0.01	0.01	0.10	0.02	0.01	0.12	0.02	0.04	0.03	0.10	0.08	0.02	0.00	0.01
99R 0.90	0.59	0.04	0.49	1.00	0.04	0.28	0.09	0.14	0.69	0.22	0.10	0.38	0.23	0.43	0.50	0.56	0.54	0.27	0.01	0.03
100P 0.95	0.51	0.18	0.21	0.28	0.71	0.33	0.54	0.39	0.30	0.66	0.22	0.31	0.25	0.30	0.35	0.41	0.40	0.50	0.18	1.00
pos	A	C	D	E	F	G	H	I	K	L	M	N	P	Q	R	S	T	V	W	Y
101I 0.92	0.05	0.01	0.01	0.01	0.11	0.06	0.01	1.00	0.02	0.70	0.34	0.01	0.16	0.02	0.02	0.02	0.04	0.47	0.01	0.03
102D 0.95	0.25	0.02	1.00	0.51	0.02	0.21	0.04	0.06	0.30	0.16	0.03	0.26	0.26	0.19	0.21	0.74	0.22	0.09	0.01	0.01
103P 0.95	0.27	0.02	0.47	1.00	0.02	0.25	0.04	0.03	0.16	0.05	0.02	0.13	0.79	0.15	0.07	0.35	0.10	0.05	0.01	0.02
104D 0.95	0.77	0.06	0.64	1.00	0.11	0.40	0.16	0.21	0.93	0.34	0.12	0.50	0.28	0.59	0.53	0.75	0.59	0.32	0.03	0.11
105T 0.95	0.56	0.15	0.19	0.22	0.45	0.25	0.35	0.38	0.25	0.58	0.18	0.30	0.23	0.24	0.26	0.73	1.00	0.57	0.12	0.63
106L 0.95	0.00	0.00	0.00	0.00	0.01	0.00	0.00	0.08	0.00	1.00	0.09	0.00	0.00	0.00	0.00	0.00	0.00	0.07	0.00	0.00
107T 0.95	0.03	0.01	0.01	0.01	0.02	0.01	0.00	0.03	0.01	0.19	0.02	0.01	0.01	0.01	0.01	0.04	1.00	0.03	0.00	0.01
108L 0.95	0.22	0.04	0.07	0.05	0.04	0.06	0.03	0.08	0.08	0.79	0.24	0.15	0.09	0.06	0.05	0.67	1.00	0.12	0.01	0.04
109L 0.95	0.00	0.00	0.00	0.00	0.06	0.00	0.00	0.01	0.00	1.00	0.00	0.00	0.00	0.00	0.00	0.00	0.00	0.00	0.01	0.06
110W 0.95	0.00	0.00	0.00	0.00	0.00	0.00	0.00	0.00	0.00	0.00	0.00	0.00	0.00	0.00	0.00	0.00	0.00	0.00	1.00	0.00
111S 0.95	0.11	0.00	0.00	0.00	0.00	0.01	0.00	0.00	0.00	0.00	0.00	0.00	0.01	0.00	0.00	1.00	0.01	0.00	0.00	0.00
112V 0.95	0.04	0.19	0.00	0.01	0.02	0.00	0.00	0.19	0.01	1.00	0.03	0.00	0.01	0.01	0.01	0.01	0.03	0.64	0.00	0.01
113T 0.95	0.03	0.08	0.01	0.01	0.00	0.01	0.00	0.01	0.01	0.01	0.00	0.02	0.01	0.01	0.01	1.00	0.99	0.01	0.00	0.00
114V 0.95	0.00	0.00	0.00	0.00	0.00	0.00	0.00	0.00	0.00	0.00	0.00	0.00	0.00	0.00	0.00	0.00	0.00	1.00	0.00	0.00
115S 0.95	0.61	0.01	0.01	0.01	0.00	0.03	0.00	0.00	0.01	0.01	0.00	0.00	0.02	0.00	0.00	1.00	0.01	0.01	0.00	0.00
116I 0.95	0.06	0.01	0.01	0.01	0.05	0.02	0.00	1.00	0.01	0.24	0.65	0.01	0.02	0.01	0.01	0.21	0.05	0.15	0.01	0.01
117F 0.95	0.00	0.00	0.00	0.00	1.00	0.00	0.00	0.00	0.00	0.00	0.00	0.00	0.00	0.00	0.00	0.00	0.00	0.00	0.00	0.00
118A 0.95	1.00	0.07	0.06	0.07	0.03	0.41	0.01	0.04	0.08	0.07	0.03	0.06	0.43	0.05	0.05	0.67	0.17	0.13	0.01	0.02
119I 0.95	0.02	0.00	0.00	0.00	0.27	0.01	0.00	0.51	0.01	0.29	0.02	0.00	0.00	0.00	0.01	0.09	0.02	1.00	0.00	0.01
120G 0.95	0.00	0.00	0.00	0.00	0.00	1.00	0.00	0.00	0.00	0.00	0.00	0.00	0.00	0.00	0.00	0.00	0.00	0.00	0.00	0.00
121G 0.95	0.00	0.00	0.00	0.00	0.00	1.00	0.00	0.00	0.00	0.00	0.00	0.00	0.00	0.00	0.00	0.00	0.00	0.00	0.00	0.00
122L 0.95	0.01	0.00	0.00	0.00	0.45	0.00	0.00	0.06	0.00	0.71	1.00	0.00	0.01	0.01	0.00	0.00	0.01	0.03	0.00	0.01
123V 0.95	0.13	0.01	0.00	0.00	0.01	0.00	0.00	1.00	0.01	0.35	0.01	0.00	0.01	0.00	0.00	0.01	0.07	0.64	0.00	0.00
124G 0.95	0.18	0.00	0.00	0.00	0.00	1.00	0.00	0.00	0.00	0.00	0.00	0.00	0.01	0.00	0.00	0.20	0.01	0.01	0.00	0.00
125T 0.95	0.01	0.00	0.00	0.00	0.00	0.00	0.00	0.00	0.00	0.00	0.00	0.01	0.00	0.00	0.00	1.00	0.22	0.00	0.00	0.00
pos	A	C	D	E	F	G	H	I	K	L	M	N	P	Q	R	S	T	V	W	Y
126L 0.95	0.01	0.00	0.00	0.00	0.91	0.00	0.00	0.06	0.00	1.00	0.04	0.00	0.01	0.01	0.00	0.00	0.01	0.04	0.01	0.05
127I 0.95	0.15	0.04	0.03	0.04	0.21	0.04	0.04	0.86	0.05	1.00	0.22	0.04	0.05	0.05	0.05	0.06	0.12	0.80	0.03	0.09
128V 0.95	0.01	0.00	0.00	0.00	0.01	0.11	0.00	0.28	0.00	0.07	0.01	0.00	0.00	0.00	0.00	0.01	0.01	1.00	0.00	0.01
129K 0.95	0.03	0.00	0.02	0.01	0.00	1.00	0.00	0.00	0.20	0.00	0.00	0.02	0.01	0.01	0.01	0.06	0.01	0.01	0.00	0.00
130M 0.95	0.07	0.02	0.01	0.02	0.18	0.02	0.03	0.32	0.03	1.00	0.24	0.03	0.08	0.04	0.03	0.03	0.05	0.17	0.06	0.05
131I 0.95	0.02	0.01	0.00	0.01	0.55	0.00	0.00	0.59	0.01	1.00	0.15	0.00	0.01	0.01	0.01	0.01	0.01	0.06	0.01	0.01
132G 0.95	1.00	0.10	0.09	0.10	0.06	0.57	0.03	0.12	0.11	0.14	0.05	0.09	0.24	0.07	0.08	0.52	0.21	0.29	0.02	0.06
133K 0.95	0.02	0.00	0.43	0.04	0.00	0.06	0.02	0.00	0.29	0.01	0.00	1.00	0.02	0.16	0.02	0.05	0.02	0.00	0.00	0.01
134V 0.95	0.28	0.03	0.15	0.34	0.07	0.16	0.14	0.10	1.00	0.19	0.07	0.26	0.15	0.36	0.86	0.34	0.34	0.22	0.07	0.11
135L 0.95	0.03	0.10	0.00	0.01	0.80	0.01	0.00	0.10	0.01	1.00	0.06	0.00	0.01	0.01	0.01	0.01	0.02	0.06	0.12	0.20
136G 0.95	0.00	0.00	0.00	0.00	0.00	1.00	0.00	0.00	0.00	0.00	0.00	0.00	0.00	0.00	0.00	0.00	0.00	0.00	0.00	0.00
137R 0.95	0.00	0.00	0.00	0.00	0.00	0.00	0.00	0.00	0.04	0.00	0.00	0.00	0.00	0.01	1.00	0.00	0.00	0.00	0.00	0.00
138K 0.95	0.05	0.00	0.01	0.07	0.01	0.05	0.04	0.15	1.00	0.05	0.02	0.05	0.04	0.11	0.58	0.04	0.05	0.07	0.01	0.02
139H 0.95	0.17	0.03	0.36	0.25	0.04	0.68	0.35	0.05	1.00	0.12	0.04	0.82	0.14	0.31	0.80	0.27	0.19	0.07	0.02	0.09
140T 0.95	0.96	0.01	0.02	0.01	0.01	0.03	0.01	0.01	0.02	0.01	0.01	0.03	0.03	0.01	0.01	0.81	1.00	0.02	0.00	0.01
141L 0.95	0.01	0.00	0.00	0.00	0.02	0.00	0.00	0.03	0.00	1.00	0.85	0.00	0.00	0.00	0.00	0.00	0.00	0.02	0.00	0.00
142L 0.95	0.00	0.00	0.00	0.00	0.00	0.00	0.00	0.00	0.00	1.00	0.00	0.00	0.00	0.00	0.00	0.00	0.00	0.00	0.00	0.00
143A 0.95	0.14	0.03	0.01	0.03	0.18	0.02	0.02	0.73	0.04	1.00	0.22	0.02	0.04	0.04	0.03	0.03	0.10	0.67	0.02	0.04
144N 0.95	1.00	0.13	0.11	0.14	0.08	0.34	0.05	0.39	0.15	0.33	0.14	0.33	0.24	0.11	0.10	0.52	0.57	0.92	0.02	0.06
145N 0.97	0.00	0.00	0.00	0.00	0.00	0.00	0.00	0.00	0.00	0.00	0.00	1.00	0.00	0.00	0.00	0.00	0.00	0.00	0.00	0.00
146G 0.97	0.08	0.02	0.01	0.02	0.07	0.12	0.01	1.00	0.02	0.45	0.06	0.02	0.02	0.01	0.02	0.06	0.05	0.87	0.01	0.04
147F 0.97	0.02	0.01	0.00	0.01	0.75	0.00	0.00	0.13	0.01	1.00	0.07	0.00	0.01	0.01	0.01	0.01	0.01	0.06	0.01	0.02
148A 1.00	1.00	0.00	0.00	0.00	0.00	0.02	0.00	0.00	0.00	0.00	0.00	0.00	0.01	0.00	0.00	0.54	0.01	0.01	0.00	0.00
149I 1.00	0.03	0.00	0.00	0.00	0.23	0.00	0.00	1.00	0.00	0.21	0.01	0.00	0.00	0.00	0.00	0.00	0.01	0.28	0.00	0.00
150S 1.00	0.39	0.05	0.01	0.04	0.03	0.00	0.01	0.46	0.04	0.42	0.05	0.02	0.05	0.03	0.02	0.26	0.38	1.00	0.01	0.01
pos	A	C	D	E	F	G	H	I	K	L	M	N	P	Q	R	S	T	V	W	Y
151A 1.00	1.00	0.07	0.05	0.06	0.03	0.85	0.01	0.03	0.07	0.06	0.03	0.05	0.53	0.04	0.05	0.52	0.12	0.11	0.01	0.02
152A 1.00	1.00	0.01	0.01	0.01	0.00	0.39	0.00	0.00	0.01	0.01	0.00	0.06	0.02	0.01	0.01	0.03	0.01	0.01	0.00	0.00
153L 1.00	0.41	0.33	0.01	0.05	0.04	0.00	0.01	0.76	0.05	0.82	0.07	0.02	0.06	0.03	0.03	0.08	0.25	1.00	0.01	0.01
154L 1.00	0.00	0.00	0.00	0.00	0.07	0.00	0.00	0.01	0.00	1.00	0.01	0.00	0.00	0.00	0.00	0.00	0.00	0.01	0.00	0.00
155M 1.00	0.00	0.00	0.00	0.00	0.00	0.00	0.00	0.00	0.00	0.00	1.00	0.00	0.00	0.00	0.00	0.00	0.00	0.00	0.00	0.00
156A 1.00	0.25	0.00	0.00	0.00	0.00	1.00	0.00	0.00	0.00	0.00	0.00	0.00	0.01	0.00	0.00	0.01	0.00	0.00	0.00	0.00
157C 1.00	0.32	0.30	0.03	0.06	0.41	0.02	0.04	0.55	0.06	1.00	0.21	0.04	0.08	0.06	0.05	0.07	0.24	0.84	0.03	0.07
158S 1.00	0.33	0.14	0.01	0.01	0.00	0.06	0.00	0.01	0.01	0.01	0.00	0.01	0.03	0.01	0.01	1.00	0.02	0.02	0.00	0.00
159L 1.00	0.11	0.01	0.11	0.18	0.01	0.06	0.03	0.03	1.00	0.23	0.02	0.14	0.05	0.14	0.21	0.10	0.08	0.04	0.00	0.01
160Q 1.00	0.37	0.05	0.02	0.05	0.20	0.02	0.04	0.76	0.05	0.86	0.21	0.04	0.06	0.31	0.04	0.06	0.21	1.00	0.02	0.07
161A 1.00	1.00	0.00	0.00	0.00	0.00	0.31	0.00	0.00	0.00	0.00	0.00	0.00	0.01	0.00	0.00	0.02	0.01	0.03	0.00	0.00
162G 1.00	0.67	0.04	0.51	0.90	0.04	0.42	0.10	0.15	1.00	0.26	0.09	0.40	0.32	0.51	0.54	0.60	0.48	0.23	0.01	0.03
163A 1.00	0.56	0.01	0.00	0.01	0.00	0.03	0.00	0.00	0.01	0.01	0.00	0.00	0.01	0.00	0.00	1.00	0.01	0.01	0.00	0.00
164F 1.00	0.06	0.02	0.02	0.03	1.00	0.04	0.28	0.05	0.04	0.08	0.03	0.04	0.02	0.04	0.04	0.05	0.05	0.35	0.02	0.29
165E 1.00	0.10	0.00	0.07	1.00	0.01	0.02	0.01	0.11	0.03	0.02	0.01	0.01	0.02	0.04	0.01	0.02	0.02	0.04	0.00	0.00
166M 1.00	0.01	0.00	0.00	0.00	0.02	0.00	0.00	0.14	0.00	0.72	1.00	0.00	0.00	0.00	0.00	0.00	0.00	0.02	0.00	0.00
167L 1.00	0.01	0.00	0.00	0.00	0.02	0.00	0.00	0.81	0.00	1.00	0.03	0.00	0.00	0.00	0.00	0.00	0.01	0.03	0.00	0.00
168I 1.00	0.00	0.00	0.00	0.00	0.00	0.00	0.00	1.00	0.00	0.01	0.00	0.00	0.00	0.00	0.00	0.00	0.00	0.09	0.00	0.00
169V 1.00	0.30	0.02	0.01	0.02	0.16	0.01	0.01	0.60	0.02	1.00	0.06	0.01	0.02	0.01	0.01	0.07	0.06	0.73	0.01	0.02
170G 1.00	0.12	0.01	0.00	0.00	0.00	1.00	0.00	0.00	0.01	0.00	0.00	0.00	0.01	0.00	0.00	0.43	0.01	0.01	0.00	0.00
171R 1.00	0.00	0.00	0.00	0.00	0.00	0.00	0.00	0.00	0.00	0.00	0.00	0.00	0.00	0.00	1.00	0.00	0.00	0.00	0.00	0.00
172F 1.00	0.49	0.08	0.08	0.11	0.95	0.30	0.17	0.22	0.12	1.00	0.12	0.11	0.13	0.11	0.13	0.40	0.18	0.54	0.06	0.32
173I 1.00	0.01	0.00	0.00	0.00	0.05	0.00	0.00	1.00	0.00	0.74	0.01	0.00	0.00	0.00	0.00	0.00	0.01	0.37	0.00	0.00
174M 1.00	0.04	0.01	0.00	0.01	0.02	0.01	0.00	1.00	0.01	0.24	0.31	0.01	0.01	0.00	0.01	0.20	0.10	0.80	0.00	0.01
175G 1.00	0.00	0.00	0.00	0.00	0.00	1.00	0.00	0.00	0.00	0.00	0.00	0.00	0.00	0.00	0.00	0.00	0.00	0.00	0.00	0.00
pos	A	C	D	E	F	G	H	I	K	L	M	N	P	Q	R	S	T	V	W	Y
176I 1.00	0.16	0.00	0.00	0.00	0.01	0.00	0.00	1.00	0.00	0.58	0.01	0.00	0.00	0.00	0.00	0.00	0.02	0.45	0.00	0.00
177D 1.00	0.13	0.05	0.07	0.06	1.00	0.08	0.08	0.14	0.05	0.30	0.07	0.08	0.05	0.05	0.05	0.11	0.09	0.15	0.22	0.93
178G 1.00	1.00	0.79	0.03	0.04	0.01	0.50	0.01	0.02	0.04	0.04	0.02	0.03	0.10	0.03	0.03	0.38	0.07	0.06	0.01	0.01
179G 1.00	0.00	0.00	0.00	0.00	0.00	1.00	0.00	0.00	0.00	0.00	0.00	0.00	0.00	0.00	0.00	0.00	0.00	0.00	0.00	0.00
180V 1.00	0.01	0.00	0.00	0.00	0.01	0.00	0.00	0.35	0.00	1.00	0.01	0.00	0.00	0.00	0.00	0.00	0.01	0.49	0.00	0.00
181A 1.00	0.47	0.18	0.09	0.07	0.03	0.11	0.03	0.19	0.09	0.10	0.04	0.15	0.13	0.07	0.06	0.86	1.00	0.23	0.01	0.03
182L 1.00	0.22	0.05	0.09	0.06	0.06	0.07	0.04	0.08	0.09	0.15	0.04	0.16	0.11	0.07	0.06	0.82	1.00	0.12	0.02	0.11
183S 1.00	0.03	0.00	0.07	0.02	0.00	1.00	0.01	0.00	0.02	0.00	0.00	0.47	0.01	0.01	0.01	0.53	0.02	0.00	0.00	0.01
184V 1.00	0.30	0.04	0.01	0.04	0.46	0.01	0.01	0.29	0.04	0.61	0.08	0.02	0.05	0.03	0.02	0.04	0.22	1.00	0.01	0.02
185L 1.00	0.01	0.00	0.00	0.00	0.01	0.00	0.00	0.09	0.00	0.39	0.01	0.00	0.00	0.00	0.00	0.00	0.00	1.00	0.00	0.00
186P 1.00	0.00	0.00	0.00	0.00	0.00	0.00	0.00	0.00	0.00	0.00	0.00	0.00	1.00	0.00	0.00	0.00	0.00	0.00	0.00	0.00
187M 1.00	0.00	0.00	0.00	0.00	0.00	0.00	0.00	0.00	0.00	0.00	1.00	0.00	0.00	0.00	0.00	0.00	0.00	0.00	0.00	0.00
188Y 1.00	0.00	0.00	0.00	0.00	0.00	0.00	0.00	0.00	0.00	0.00	0.00	0.00	0.00	0.00	0.00	0.00	0.00	0.00	0.00	1.00
189L 1.00	0.01	0.00	0.00	0.00	0.02	0.00	0.00	0.70	0.00	1.00	0.02	0.00	0.00	0.00	0.00	0.00	0.01	0.59	0.00	0.01
190S 1.00	0.03	0.00	0.01	0.00	0.00	1.00	0.00	0.00	0.00	0.00	0.00	0.01	0.01	0.00	0.00	0.29	0.01	0.01	0.00	0.00
191E 1.00	0.00	0.00	0.00	1.00	0.00	0.00	0.00	0.00	0.00	0.00	0.00	0.00	0.00	0.00	0.00	0.00	0.00	0.00	0.00	0.00
192I 1.00	0.01	0.00	0.00	0.00	0.01	0.00	0.00	1.00	0.00	0.71	0.01	0.00	0.00	0.00	0.00	0.00	0.01	0.59	0.00	0.00
193S 1.00	0.98	0.01	0.01	0.01	0.00	0.05	0.00	0.00	0.01	0.01	0.00	0.01	0.02	0.01	0.01	1.00	0.02	0.02	0.00	0.00
194P 1.00	0.00	0.00	0.00	0.00	0.00	0.00	0.00	0.00	0.00	0.00	0.00	0.00	1.00	0.00	0.00	0.00	0.00	0.00	0.00	0.00
195K 1.00	0.08	0.01	0.03	0.10	0.01	0.05	0.05	0.03	1.00	0.06	0.02	0.08	0.06	0.21	0.33	0.12	0.88	0.04	0.01	0.03
196E 1.00	0.81	0.07	0.80	0.93	0.07	0.50	0.23	0.14	0.64	0.21	0.08	1.00	0.26	0.43	0.36	0.89	0.82	0.22	0.03	0.10
197I 1.00	0.00	0.00	0.00	0.00	0.01	0.00	0.00	0.20	0.00	1.00	0.02	0.00	0.00	0.00	0.00	0.00	0.00	0.01	0.06	0.00
198R 1.00	0.00	0.00	0.00	0.00	0.00	0.00	0.00	0.00	0.00	0.00	0.00	0.00	0.00	0.00	1.00	0.00	0.00	0.00	0.00	0.00
199G 1.00	0.00	0.00	0.00	0.00	0.00	1.00	0.00	0.00	0.00	0.00	0.00	0.00	0.00	0.00	0.00	0.00	0.00	0.00	0.00	0.00
200S 1.00	1.00	0.01	0.00	0.00	0.00	0.03	0.00	0.00	0.01	0.01	0.08	0.00	0.01	0.00	0.00	0.22	0.01	0.01	0.00	0.00
pos	A	C	D	E	F	G	H	I	K	L	M	N	P	Q	R	S	T	V	W	Y
201L 1.00	0.01	0.00	0.00	0.00	0.24	0.00	0.00	0.07	0.00	1.00	0.02	0.00	0.00	0.00	0.00	0.00	0.00	0.10	0.00	0.00
202G 1.00	0.00	0.00	0.00	0.00	0.00	1.00	0.00	0.00	0.00	0.00	0.00	0.00	0.00	0.00	0.00	0.00	0.00	0.00	0.00	0.00
203Q 1.00	0.14	0.02	0.01	0.02	0.01	0.01	0.00	0.08	0.02	0.06	0.02	0.02	0.03	0.24	0.01	0.06	1.00	0.49	0.00	0.00
204V 1.00	0.03	0.01	0.00	0.08	0.12	0.00	0.00	0.12	0.01	1.00	0.19	0.01	0.01	0.01	0.01	0.01	0.02	0.57	0.01	0.01
205T 1.00	0.25	0.05	0.31	0.12	0.03	0.22	0.09	0.07	0.15	0.07	0.04	0.44	0.15	0.11	0.09	0.81	1.00	0.11	0.02	0.05
206A 1.00	0.24	0.00	0.08	0.30	0.00	0.02	0.01	0.00	0.03	0.01	0.00	0.01	0.02	1.00	0.01	0.02	0.02	0.01	0.00	0.00
207I 1.00	0.00	0.00	0.00	0.00	0.01	0.00	0.00	0.25	0.00	1.00	0.01	0.00	0.00	0.00	0.00	0.00	0.00	0.19	0.00	0.00
208F 1.00	1.00	0.09	0.08	0.09	0.09	0.55	0.02	0.04	0.09	0.10	0.04	0.07	0.23	0.07	0.07	0.48	0.16	0.16	0.02	0.04
209I 1.00	0.00	0.00	0.00	0.00	0.00	0.00	0.00	1.00	0.00	0.07	0.00	0.00	0.00	0.00	0.00	0.00	0.00	0.16	0.00	0.00
210C 1.00	0.08	0.25	0.00	0.01	0.01	0.00	0.00	0.29	0.01	0.07	0.02	0.01	0.02	0.01	0.01	0.01	0.38	1.00	0.00	0.00
211I 1.00	0.02	0.00	0.00	0.00	0.01	0.00	0.00	1.00	0.00	0.22	0.01	0.00	0.00	0.00	0.00	0.00	0.35	0.97	0.00	0.01
212G 1.00	0.00	0.00	0.00	0.00	0.00	1.00	0.00	0.00	0.00	0.00	0.00	0.00	0.00	0.00	0.00	0.00	0.00	0.00	0.00	0.00
213V 1.00	0.00	0.00	0.00	0.00	0.00	0.00	0.00	1.00	0.00	0.02	0.00	0.00	0.00	0.00	0.00	0.00	0.00	0.39	0.00	0.00
214F 1.00	0.01	0.00	0.00	0.00	0.28	0.00	0.00	0.03	0.00	1.00	0.02	0.00	0.00	0.00	0.00	0.00	0.00	0.01	0.00	0.01
215T 1.00	0.01	0.00	0.00	0.00	0.01	0.00	0.00	0.73	0.00	0.28	0.01	0.00	0.00	0.00	0.00	0.00	0.32	1.00	0.00	0.00
216G 1.00	1.00	0.00	0.00	0.00	0.00	0.23	0.00	0.00	0.00	0.00	0.00	0.00	0.01	0.00	0.00	0.21	0.01	0.01	0.00	0.00
217Q 1.00	0.00	0.00	0.00	0.00	0.00	0.00	0.00	0.00	0.00	0.00	0.00	0.00	0.00	1.00	0.00	0.00	0.00	0.00	0.00	0.00
218L 1.00	0.00	0.00	0.00	0.00	0.01	0.00	0.00	1.00	0.00	0.38	0.01	0.00	0.00	0.00	0.00	0.00	0.00	0.50	0.00	0.00
219L 1.00	0.10	0.01	0.00	0.01	1.00	0.00	0.00	0.14	0.01	0.66	0.05	0.00	0.01	0.01	0.01	0.01	0.02	0.16	0.01	0.01
220G 1.00	0.02	0.00	0.01	0.00	0.00	1.00	0.00	0.00	0.00	0.00	0.00	0.01	0.01	0.00	0.00	0.14	0.00	0.00	0.00	0.00
221L 1.00	0.00	0.00	0.00	0.00	0.00	0.00	0.00	0.00	0.00	1.00	0.00	0.00	0.00	0.00	0.00	0.00	0.00	0.00	0.00	0.00
222P 1.00	0.49	0.03	0.67	1.00	0.03	0.24	0.08	0.12	0.64	0.19	0.07	0.31	0.31	0.50	0.50	0.49	0.36	0.18	0.01	0.03
223E 1.00	0.95	0.20	0.55	0.87	0.77	0.54	0.60	0.49	0.80	0.81	0.27	0.59	0.35	0.61	0.63	0.90	0.70	0.66	0.19	1.00
224L 0.97	0.01	0.00	0.00	0.00	0.02	0.00	0.00	1.00	0.00	0.73	0.13	0.00	0.00	0.00	0.00	0.00	0.01	0.10	0.00	0.00
225L 1.00	0.00	0.00	0.00	0.00	0.01	0.00	0.00	0.08	0.00	1.00	0.21	0.00	0.00	0.00	0.00	0.00	0.00	0.01	0.00	0.00
pos	A	C	D	E	F	G	H	I	K	L	M	N	P	Q	R	S	T	V	W	Y
226G 1.00	0.25	0.00	0.00	0.00	0.00	1.00	0.00	0.00	0.01	0.00	0.00	0.00	0.01	0.00	0.07	0.03	0.01	0.01	0.00	0.00
227K 1.00	0.08	0.01	0.08	0.06	0.01	0.06	0.02	0.02	0.38	0.03	0.01	1.00	0.04	0.15	0.06	0.46	0.60	0.04	0.01	0.01
228E 1.00	0.40	0.02	0.30	1.00	0.03	0.10	0.08	0.05	0.26	0.09	0.03	0.13	0.16	0.34	0.13	0.19	0.15	0.13	0.01	0.07
229S 1.00	0.52	0.03	0.69	1.00	0.03	0.19	0.06	0.09	0.55	0.15	0.05	0.25	0.14	0.31	0.26	0.66	0.46	0.17	0.01	0.02
230T 1.00	0.59	0.19	0.32	0.33	0.71	0.46	0.57	0.43	0.41	0.79	0.25	0.45	0.25	0.34	0.43	0.53	0.50	0.53	0.19	1.00
231W 1.00	0.00	0.00	0.00	0.00	0.00	0.00	0.00	0.00	0.00	0.00	0.00	0.00	0.00	0.00	0.00	0.00	0.00	0.00	1.00	0.00
232P 1.00	0.02	0.00	0.02	0.01	0.00	0.03	0.12	0.00	0.02	0.01	0.00	0.02	1.00	0.01	0.01	0.02	0.01	0.01	0.00	0.00
233Y 1.00	0.02	0.01	0.01	0.01	0.04	0.07	0.00	1.00	0.01	0.66	0.04	0.01	0.00	0.00	0.01	0.01	0.03	0.68	0.01	0.23
234L 1.00	0.00	0.00	0.00	0.00	0.00	0.00	0.00	0.00	0.00	1.00	0.00	0.00	0.00	0.00	0.00	0.00	0.00	0.00	0.00	0.00
235F 1.00	0.00	0.00	0.00	0.00	0.19	0.00	0.00	0.02	0.00	1.00	0.01	0.00	0.00	0.00	0.00	0.00	0.00	0.01	0.00	0.01
236G 1.00	0.24	0.00	0.00	0.00	0.00	1.00	0.00	0.00	0.00	0.00	0.00	0.00	0.01	0.00	0.00	0.15	0.01	0.01	0.00	0.00
237V 1.00	0.01	0.00	0.00	0.00	0.28	0.00	0.00	0.20	0.00	1.00	0.03	0.00	0.00	0.00	0.00	0.00	0.01	0.47	0.00	0.01
238I 1.00	0.06	0.01	0.03	0.02	0.01	0.02	0.01	0.36	0.03	0.02	0.01	0.05	0.03	0.02	0.02	0.37	1.00	0.04	0.00	0.01
239V 1.00	0.13	0.03	0.02	0.03	0.10	0.07	0.02	1.00	0.03	0.41	0.08	0.03	0.03	0.02	0.03	0.07	0.07	0.96	0.02	0.06
240V 1.00	0.01	0.00	0.00	0.00	0.01	0.08	0.00	0.52	0.00	0.31	0.01	0.00	0.00	0.00	0.00	0.00	0.01	1.00	0.00	0.01
241P 1.00	0.06	0.00	0.00	0.00	0.00	0.01	0.00	0.00	0.01	0.00	0.00	0.00	1.00	0.00	0.03	0.01	0.01	0.00	0.00	0.00
242A 1.00	1.00	0.00	0.00	0.00	0.00	0.01	0.00	0.00	0.00	0.00	0.00	0.00	0.00	0.00	0.00	0.01	0.02	0.00	0.00	0.00
243V 1.00	0.18	0.01	0.01	0.01	0.06	0.08	0.00	0.92	0.01	0.72	0.05	0.01	0.01	0.01	0.01	0.02	0.04	1.00	0.01	0.02
244V 1.00	0.09	0.00	0.00	0.00	0.01	0.00	0.00	0.17	0.00	1.00	0.01	0.00	0.00	0.00	0.00	0.00	0.01	0.27	0.00	0.00
245Q 1.00	0.08	0.00	0.01	0.01	0.00	0.01	0.00	0.00	0.01	0.00	0.00	0.00	0.01	1.00	0.01	0.01	0.01	0.01	0.00	0.00
246L 0.97	0.06	0.15	0.01	0.02	0.16	0.02	0.02	0.25	0.02	1.00	0.18	0.02	0.03	0.03	0.02	0.10	0.04	0.15	0.02	0.04
247L 0.97	0.26	0.01	0.00	0.01	0.09	0.00	0.00	0.35	0.01	1.00	0.05	0.01	0.01	0.01	0.01	0.01	0.02	0.30	0.00	0.01
248S 1.00	0.63	0.16	0.08	0.14	0.28	0.10	0.18	0.53	0.15	0.72	0.16	0.12	0.14	0.13	0.14	0.30	0.44	1.00	0.06	0.31
249L 1.00	0.01	0.00	0.00	0.00	0.01	0.00	0.00	0.02	0.00	1.00	0.01	0.00	0.06	0.00	0.00	0.00	0.00	0.01	0.00	0.00
250P 1.00	0.05	0.01	0.01	0.01	0.21	0.01	0.01	0.16	0.01	0.60	0.10	0.01	1.00	0.02	0.01	0.02	0.02	0.09	0.02	0.06
pos	A	C	D	E	F	G	H	I	K	L	M	N	P	Q	R	S	T	V	W	Y
251F 1.00	0.00	0.02	0.00	0.00	1.00	0.00	0.00	0.01	0.00	0.10	0.01	0.00	0.00	0.00	0.00	0.00	0.00	0.01	0.01	0.02
252L 1.00	0.15	0.41	0.01	0.03	0.52	0.04	0.02	0.31	0.03	1.00	0.19	0.02	0.04	0.04	0.03	0.05	0.06	0.23	0.04	0.13
253P 1.00	0.00	0.00	0.00	0.00	0.00	0.00	0.00	0.00	0.00	0.00	0.00	0.00	1.00	0.00	0.00	0.00	0.00	0.00	0.00	0.00
254D 1.00	0.01	0.00	0.20	1.00	0.00	0.00	0.00	0.00	0.01	0.00	0.00	0.00	0.00	0.01	0.00	0.00	0.00	0.00	0.00	0.00
255S 1.00	0.00	0.00	0.00	0.00	0.00	0.00	0.00	0.00	0.00	0.00	0.00	0.00	0.00	0.00	0.00	1.00	0.00	0.00	0.00	0.00
256P 1.00	0.00	0.00	0.00	0.00	0.00	0.00	0.00	0.00	0.00	0.00	0.00	0.00	1.00	0.00	0.00	0.00	0.00	0.00	0.00	0.00
257R 1.00	0.00	0.00	0.00	0.00	0.00	0.00	0.00	0.00	0.00	0.00	0.00	0.00	0.00	0.00	1.00	0.00	0.00	0.00	0.00	0.00
258Y 1.00	0.00	0.00	0.00	0.00	0.46	0.00	0.00	0.00	0.00	0.01	0.00	0.00	0.00	0.00	0.00	0.00	0.00	0.00	0.01	1.00
259L 1.00	0.02	0.00	0.00	0.00	0.01	0.01	0.00	0.01	0.01	1.00	0.01	0.01	0.01	0.00	0.00	0.10	0.09	0.01	0.00	0.00
260L 1.00	0.01	0.00	0.00	0.00	0.06	0.00	0.00	0.02	0.00	1.00	0.01	0.00	0.00	0.00	0.00	0.00	0.00	0.01	0.01	0.31
261L 1.00	0.00	0.00	0.00	0.00	0.01	0.00	0.00	1.00	0.00	0.26	0.01	0.00	0.00	0.00	0.00	0.00	0.00	0.02	0.00	0.00
262E 1.00	0.53	0.04	0.52	1.00	0.04	0.33	0.12	0.19	0.88	0.22	0.08	0.64	0.21	0.64	0.49	0.51	0.40	0.20	0.02	0.05
263K 1.00	0.05	0.00	0.01	0.06	0.01	0.03	0.04	0.02	1.00	0.24	0.02	0.04	0.04	0.21	0.68	0.04	0.05	0.03	0.01	0.02
264H 1.00	0.58	0.05	0.92	1.00	0.06	0.67	0.32	0.13	1.00	0.22	0.10	0.98	0.25	0.48	0.41	0.69	0.46	0.20	0.02	0.08
265N 1.00	0.19	0.01	0.61	1.00	0.02	0.10	0.04	0.03	0.26	0.13	0.02	0.29	0.14	0.20	0.09	0.15	0.11	0.06	0.01	0.02
266E 1.00	0.05	0.00	0.02	1.00	0.00	0.01	0.00	0.00	0.02	0.01	0.00	0.01	0.01	0.01	0.07	0.01	0.01	0.04	0.00	0.00
267A 1.00	0.91	0.08	0.59	1.00	0.05	0.41	0.12	0.16	0.80	0.27	0.09	0.53	0.25	0.51	0.45	0.67	0.50	0.30	0.02	0.05
268R 1.00	0.77	0.04	0.41	0.72	0.03	0.25	0.09	0.12	0.92	0.20	0.07	0.44	0.32	0.47	1.00	0.48	0.57	0.19	0.01	0.03
269A 1.00	1.00	0.00	0.00	0.01	0.00	0.02	0.00	0.00	0.00	0.00	0.00	0.00	0.01	0.08	0.00	0.02	0.01	0.01	0.00	0.00
270V 0.97	0.16	0.01	0.10	0.27	0.02	0.09	0.06	0.07	1.00	0.09	0.03	0.11	0.08	0.22	0.58	0.14	0.20	0.26	0.01	0.03
271K 1.00	0.06	0.00	0.05	0.26	0.00	0.03	0.01	0.02	1.00	0.03	0.01	0.09	0.02	0.42	0.19	0.34	0.10	0.02	0.00	0.00
272A 1.00	1.00	0.04	0.01	0.03	0.02	0.03	0.01	0.45	0.03	0.12	0.04	0.02	0.05	0.02	0.02	0.42	0.13	0.61	0.00	0.01
273F 1.00	0.00	0.00	0.00	0.00	0.19	0.00	0.00	0.02	0.00	1.00	0.01	0.00	0.00	0.00	0.00	0.00	0.00	0.01	0.00	0.01
274Q 1.00	0.02	0.00	0.00	0.02	0.00	0.01	0.02	0.01	0.85	0.02	0.01	0.02	0.01	1.00	0.42	0.01	0.02	0.01	0.00	0.01
275T 1.00	0.04	0.01	0.01	0.04	0.01	0.02	0.03	0.02	0.42	0.03	0.01	0.04	0.03	0.07	1.00	0.14	0.44	0.02	0.01	0.01
pos	A	C	D	E	F	G	H	I	K	L	M	N	P	Q	R	S	T	V	W	Y
276F 1.00	0.00	0.00	0.00	0.00	0.19	0.00	0.00	0.05	0.00	1.00	0.01	0.00	0.00	0.00	0.00	0.00	0.00	0.01	0.00	0.00
277L 1.00	0.21	0.03	0.04	0.19	0.13	0.12	0.13	0.22	0.87	0.66	0.15	0.15	0.13	0.32	1.00	0.19	0.28	0.20	0.10	0.10
278G 1.00	0.00	0.00	0.00	0.00	0.00	1.00	0.00	0.00	0.00	0.00	0.00	0.00	0.00	0.00	0.00	0.00	0.00	0.00	0.00	0.00
279K 1.00	0.57	0.18	0.28	0.36	0.70	0.39	0.57	0.41	0.53	0.68	0.23	0.41	0.25	0.39	0.53	0.52	0.52	0.52	0.19	1.00
280A 1.00	0.80	0.06	0.64	1.00	0.05	0.37	0.13	0.18	0.92	0.30	0.10	0.49	0.27	0.59	0.51	0.72	0.58	0.28	0.02	0.04
281D 1.00	0.00	0.00	1.00	0.01	0.00	0.01	0.00	0.00	0.01	0.00	0.00	0.08	0.00	0.00	0.00	0.12	0.01	0.00	0.00	0.00
282V 1.00	0.02	0.00	0.00	0.00	0.00	0.00	0.00	0.09	0.00	0.02	0.08	0.00	0.04	0.00	0.00	0.00	0.01	1.00	0.00	0.00
283S 1.00	0.49	0.03	0.66	0.72	0.04	0.20	0.12	0.14	0.48	0.17	0.12	0.26	0.14	0.31	0.27	1.00	0.68	0.19	0.01	0.04
284Q 1.00	0.87	0.04	0.53	0.78	0.04	0.31	0.12	0.14	0.92	0.26	0.12	0.37	0.20	1.00	0.69	0.57	0.42	0.21	0.01	0.03
285E 1.00	0.09	0.00	0.63	1.00	0.00	0.01	0.01	0.00	0.03	0.01	0.00	0.01	0.02	0.04	0.01	0.02	0.02	0.07	0.00	0.00
286V 1.00	0.01	0.00	0.00	0.00	0.02	0.00	0.00	1.00	0.00	0.84	0.30	0.00	0.00	0.00	0.00	0.00	0.01	0.59	0.00	0.01
287E 1.00	0.40	0.01	0.15	1.00	0.01	0.07	0.02	0.03	0.16	0.05	0.02	0.22	0.05	0.58	0.08	0.18	0.16	0.05	0.00	0.01
288E 1.00	0.01	0.00	0.08	1.00	0.00	0.00	0.00	0.00	0.01	0.00	0.00	0.00	0.00	0.01	0.00	0.00	0.00	0.00	0.00	0.00
289V 1.00	0.01	0.00	0.00	0.00	0.01	0.00	0.00	0.47	0.00	0.22	1.00	0.00	0.00	0.00	0.00	0.00	0.01	0.36	0.00	0.00
290L 1.00	0.09	0.01	0.02	0.16	0.02	0.06	0.08	0.04	1.00	0.28	0.03	0.08	0.07	0.23	0.83	0.07	0.09	0.05	0.01	0.04
291A 1.00	0.81	0.04	0.70	1.00	0.03	0.25	0.08	0.12	0.88	0.24	0.07	0.33	0.18	0.45	0.42	0.48	0.45	0.19	0.01	0.03
292E 1.00	0.00	0.00	0.00	1.00	0.00	0.00	0.00	0.00	0.00	0.00	0.00	0.00	0.00	0.00	0.00	0.00	0.00	0.00	0.00	0.00
293S 1.00	0.45	0.03	0.63	0.56	0.02	0.23	0.06	0.09	0.69	0.14	0.05	0.24	0.13	0.28	0.33	1.00	0.27	0.13	0.01	0.02
294R 1.00	0.34	0.02	0.12	0.65	0.02	0.08	0.04	0.09	0.23	0.09	0.09	0.10	0.06	0.19	1.00	0.14	0.13	0.14	0.01	0.03
295V 1.00	0.83	0.05	0.56	0.99	0.05	0.35	0.12	0.17	1.00	0.29	0.10	0.45	0.26	0.62	0.65	0.66	0.55	0.34	0.02	0.04
296Q 1.00	0.40	0.03	0.48	1.00	0.11	0.14	0.08	0.23	0.34	0.51	0.17	0.14	0.16	0.33	0.18	0.21	0.20	0.27	0.02	0.06
297R 1.00	0.50	0.03	0.31	0.69	0.03	0.20	0.08	0.10	0.95	0.17	0.31	0.26	0.15	0.44	1.00	0.91	0.30	0.15	0.01	0.03
298S 1.00	0.87	0.05	0.38	0.55	0.05	0.26	0.10	0.14	0.63	0.20	0.08	0.40	0.21	0.56	0.61	1.00	0.87	0.21	0.02	0.05
299I 1.00	0.59	0.09	0.09	0.48	0.06	0.04	0.02	0.54	0.10	0.34	0.10	0.05	0.12	0.09	0.05	0.11	0.33	1.00	0.01	0.02
300R 1.00	0.11	0.01	0.02	0.16	0.02	0.27	0.10	0.05	1.00	0.11	0.04	0.11	0.09	0.31	0.80	0.09	0.12	0.06	0.02	0.05
pos	A	C	D	E	F	G	H	I	K	L	M	N	P	Q	R	S	T	V	W	Y
301L 1.00	0.59	0.17	0.23	0.43	0.66	0.38	0.58	0.41	1.00	0.71	0.24	0.39	0.28	0.53	0.91	0.47	0.48	0.52	0.18	0.94
302V 1.00	0.05	0.00	0.00	0.00	0.01	0.00	0.00	0.30	0.00	0.29	0.04	0.00	0.00	0.00	0.00	0.00	0.01	1.00	0.00	0.00
303S 1.00	0.01	0.00	0.00	0.00	0.00	0.00	0.00	0.00	0.00	0.00	0.00	0.01	0.00	0.00	0.00	1.00	0.46	0.00	0.00	0.00
304V 1.00	0.00	0.00	0.00	0.00	0.00	0.00	0.00	0.33	0.00	0.13	0.00	0.00	0.00	0.00	0.00	0.00	0.00	1.00	0.00	0.00
305L 1.00	0.02	0.00	0.00	0.00	0.04	0.04	0.01	0.18	0.01	1.00	0.06	0.00	0.01	0.01	0.06	0.01	0.01	0.04	0.06	0.01
306E 1.00	0.18	0.01	0.08	1.00	0.01	0.04	0.14	0.02	0.37	0.03	0.01	0.15	0.03	0.48	0.06	0.08	0.11	0.03	0.00	0.01
307L 1.00	0.00	0.00	0.00	0.00	0.01	0.00	0.00	0.01	0.00	1.00	0.03	0.00	0.00	0.00	0.00	0.00	0.00	0.01	0.00	0.00
308L 1.00	0.02	0.17	0.00	0.00	1.00	0.00	0.00	0.08	0.01	0.55	0.05	0.00	0.01	0.01	0.01	0.01	0.01	0.05	0.02	0.07
309R 1.00	0.49	0.03	0.14	0.25	0.03	0.29	0.07	0.06	0.56	0.11	0.04	0.16	0.13	0.22	1.00	0.36	0.49	0.11	0.01	0.04
310A 1.00	0.73	0.19	0.35	0.48	0.72	0.41	0.56	0.45	0.48	0.75	0.30	0.42	0.27	0.42	0.45	0.65	0.54	0.60	0.19	1.00
311P 1.00	0.36	0.03	0.12	0.27	0.05	0.16	0.14	0.07	0.78	0.15	0.05	0.18	0.52	0.35	1.00	0.34	0.21	0.11	0.02	0.07
312Y 1.00	0.71	0.10	0.40	0.59	0.32	0.39	0.29	0.26	0.60	0.42	0.16	0.50	0.28	0.41	0.40	1.00	0.62	0.35	0.09	0.62
313V 1.00	0.13	0.04	0.05	0.06	0.20	0.07	0.26	0.18	0.07	1.00	0.11	0.07	0.05	0.07	0.08	0.09	0.10	0.49	0.04	0.97
314R 1.00	0.07	0.00	0.00	0.01	0.02	0.01	0.01	0.00	0.04	0.01	0.00	0.01	0.01	0.04	1.00	0.01	0.01	0.00	0.00	0.00
315W 1.00	0.78	0.09	0.49	0.72	0.11	0.64	0.19	0.16	1.00	0.37	0.11	0.39	0.41	0.52	0.78	0.55	0.40	0.24	0.11	0.12
316Q 1.00	1.00	0.10	0.17	0.31	0.07	0.49	0.05	0.16	0.32	0.28	0.09	0.11	0.37	0.29	0.24	0.49	0.27	0.33	0.02	0.05
317V 1.00	0.01	0.00	0.00	0.00	0.02	0.01	0.00	1.00	0.01	0.90	0.02	0.00	0.00	0.00	0.00	0.01	0.01	0.77	0.00	0.01
318V 1.00	0.01	0.00	0.00	0.00	0.01	0.00	0.00	1.00	0.00	0.66	0.01	0.00	0.00	0.00	0.00	0.00	0.01	0.48	0.00	0.00
319T 1.00	0.39	0.08	0.07	0.08	0.07	0.05	0.03	0.70	0.10	0.35	0.10	0.12	0.12	0.07	0.06	0.47	0.77	1.00	0.02	0.04
320V 1.00	0.61	0.07	0.02	0.06	0.04	0.01	0.02	0.60	0.06	0.27	0.10	0.03	0.08	0.04	0.03	0.19	0.29	1.00	0.01	0.02
321I 1.00	0.00	0.00	0.00	0.00	0.01	0.00	0.00	1.00	0.00	0.26	0.01	0.00	0.00	0.00	0.00	0.00	0.00	0.57	0.00	0.00
322V 1.00	0.04	0.01	0.00	0.01	0.01	0.00	0.00	0.09	0.01	0.07	0.26	0.00	0.08	0.01	0.00	0.01	0.06	1.00	0.00	0.00
323T 1.00	0.02	0.00	0.00	0.00	0.01	0.00	0.00	0.04	0.01	1.00	0.02	0.00	0.01	0.03	0.00	0.01	0.20	0.08	0.00	0.00
324M 1.00	0.12	0.02	0.03	0.08	0.19	0.05	0.21	0.33	0.25	1.00	0.92	0.06	0.06	0.69	0.21	0.06	0.09	0.21	0.03	0.06
325A 0.97	0.41	0.07	0.07	0.10	0.28	0.19	0.11	0.46	0.10	1.00	0.23	0.09	0.11	0.10	0.10	0.20	0.15	0.38	0.05	0.20
pos	A	C	D	E	F	G	H	I	K	L	M	N	P	Q	R	S	T	V	W	Y
326C 0.97	1.00	0.13	0.08	0.08	0.04	0.59	0.02	0.04	0.09	0.09	0.04	0.07	0.23	0.06	0.07	0.59	0.18	0.15	0.03	0.03
327Y 1.00	0.03	0.01	0.04	0.04	0.01	0.05	0.02	0.01	0.06	0.02	0.01	0.04	0.02	1.00	0.05	0.03	0.02	0.01	0.01	0.19
328Q 1.00	0.00	0.00	0.00	0.00	0.00	0.00	0.00	0.00	0.00	0.00	0.00	0.00	0.00	1.00	0.00	0.00	0.00	0.00	0.00	0.00
329L 1.00	0.00	0.00	0.00	0.00	0.19	0.00	0.00	0.02	0.00	1.00	0.01	0.00	0.00	0.00	0.00	0.00	0.00	0.01	0.00	0.01
330C 1.00	0.09	0.18	0.01	0.01	0.01	0.05	0.00	0.01	0.01	0.01	0.01	0.02	0.03	0.01	0.01	1.00	0.05	0.02	0.00	0.00
331G 1.00	0.00	0.00	0.00	0.00	0.00	1.00	0.00	0.00	0.00	0.00	0.00	0.00	0.00	0.00	0.00	0.00	0.00	0.00	0.00	0.00
332L 1.00	0.00	0.00	0.00	0.00	0.00	0.00	0.00	1.00	0.00	0.26	0.00	0.00	0.00	0.00	0.00	0.00	0.00	0.38	0.00	0.00
333N 1.00	0.00	0.00	0.00	0.00	0.00	0.00	0.00	0.00	0.00	0.00	0.00	1.00	0.00	0.00	0.00	0.00	0.00	0.00	0.00	0.00
334A 1.00	1.00	0.00	0.00	0.00	0.00	0.13	0.00	0.00	0.00	0.00	0.00	0.00	0.01	0.00	0.00	0.01	0.00	0.00	0.00	0.00
335I 1.00	0.00	0.00	0.00	0.00	0.00	0.00	0.00	1.00	0.00	0.02	0.00	0.00	0.00	0.00	0.00	0.00	0.00	0.86	0.00	0.00
336W 1.00	0.06	0.02	0.03	0.03	1.00	0.04	0.06	0.04	0.03	0.07	0.02	0.24	0.02	0.03	0.04	0.05	0.04	0.05	0.30	0.49
337F 1.00	0.00	0.00	0.00	0.00	0.21	0.00	0.00	0.00	0.00	0.01	0.00	0.00	0.00	0.00	0.00	0.00	0.00	0.00	0.01	1.00
338Y 1.00	0.00	0.00	0.00	0.00	0.00	0.00	0.00	0.00	0.00	0.00	0.00	0.00	0.00	0.00	0.00	0.00	0.00	0.00	0.00	1.00
339T 1.00	0.52	0.01	0.11	0.01	0.00	0.01	0.00	0.01	0.01	0.01	0.00	0.02	0.01	0.01	0.01	1.00	0.38	0.01	0.00	0.00
340N 1.00	0.18	0.04	0.97	0.26	0.03	0.42	0.13	0.03	0.20	0.04	0.02	0.90	0.12	0.21	0.10	0.48	1.00	0.05	0.02	0.07
341S 1.00	0.28	0.04	0.19	0.25	0.04	0.32	0.06	0.14	0.25	0.11	0.04	0.23	0.12	0.34	0.15	1.00	0.65	0.18	0.02	0.05
342I 1.00	0.00	0.00	0.00	0.00	0.02	0.00	0.00	1.00	0.00	0.01	0.00	0.00	0.00	0.00	0.00	0.00	0.00	0.01	0.01	0.08
343F 1.00	0.00	0.00	0.00	0.00	1.00	0.00	0.00	0.01	0.00	0.09	0.00	0.00	0.00	0.00	0.00	0.00	0.00	0.00	0.01	0.43
344G 1.00	0.71	0.05	0.59	1.00	0.05	0.39	0.12	0.18	0.91	0.32	0.10	0.47	0.26	0.59	0.51	0.70	0.56	0.27	0.02	0.04
345K 1.00	0.54	0.04	0.63	0.71	0.04	0.27	0.09	0.14	1.00	0.24	0.08	0.36	0.26	0.42	0.46	0.93	0.62	0.21	0.01	0.03
346A 1.00	1.00	0.00	0.00	0.00	0.00	0.02	0.00	0.00	0.00	0.06	0.00	0.00	0.01	0.00	0.00	0.04	0.01	0.01	0.00	0.00
347G 1.00	0.01	0.00	0.07	0.00	0.00	1.00	0.00	0.00	0.00	0.00	0.00	0.01	0.00	0.00	0.00	0.01	0.00	0.00	0.00	0.00
348I 0.97	0.00	0.00	0.00	0.00	0.00	0.00	0.00	0.46	0.00	0.02	0.00	0.00	0.00	0.00	0.00	0.00	0.00	1.00	0.00	0.00
349P 0.51	0.29	0.02	0.52	1.00	0.02	0.14	0.06	0.06	0.49	0.10	0.04	0.22	0.45	0.45	0.16	0.24	0.19	0.09	0.01	0.02
350P 0.49	0.36	0.01	0.33	1.00	0.01	0.09	0.03	0.04	0.27	0.06	0.02	0.11	0.71	0.17	0.10	0.29	0.12	0.06	0.01	0.01
pos	A	C	D	E	F	G	H	I	K	L	M	N	P	Q	R	S	T	V	W	Y
351A 0.95	0.92	0.05	0.65	1.00	0.05	0.42	0.11	0.17	0.87	0.28	0.10	0.49	0.37	0.68	0.49	0.78	0.65	0.27	0.02	0.04
352K 0.97	0.42	0.04	0.51	0.55	0.09	0.23	0.26	0.24	1.00	0.23	0.08	0.29	0.18	0.82	0.56	0.39	0.33	0.23	0.03	0.12
353I 0.79	0.51	0.10	0.07	0.11	0.06	0.04	0.03	0.50	0.11	0.32	0.10	0.10	0.25	0.09	0.07	0.38	0.67	1.00	0.02	0.04
354P 0.79	0.48	0.09	0.03	0.08	0.05	0.02	0.02	0.46	0.08	0.32	0.10	0.04	0.11	0.06	0.05	0.09	0.33	1.00	0.01	0.02
355Y 1.00	0.00	0.00	0.00	0.00	0.05	0.00	0.00	0.00	0.00	0.01	0.00	0.00	0.00	0.00	0.00	0.00	0.00	0.00	0.01	1.00
356V 1.00	1.00	0.03	0.02	0.03	0.06	0.08	0.01	0.13	0.03	0.11	0.03	0.02	0.06	0.02	0.02	0.09	0.10	0.89	0.01	0.12
357T 1.00	0.00	0.00	0.00	0.00	0.00	0.00	0.00	0.00	0.00	0.00	0.00	0.00	0.00	0.00	0.00	0.00	1.00	0.00	0.00	0.00
358L 1.00	0.33	0.01	0.00	0.01	0.02	0.00	0.00	1.00	0.01	0.43	0.02	0.00	0.01	0.01	0.01	0.01	0.03	0.35	0.00	0.01
359S 1.00	0.10	0.00	0.00	0.00	0.00	1.00	0.00	0.00	0.00	0.00	0.00	0.00	0.01	0.00	0.00	0.24	0.01	0.01	0.00	0.00
360T 1.00	0.67	0.01	0.02	0.01	0.01	0.02	0.00	0.02	0.02	0.02	0.01	0.03	0.02	0.01	0.01	0.65	1.00	0.36	0.00	0.00
361G 1.00	0.00	0.00	0.00	0.00	0.00	1.00	0.00	0.00	0.00	0.00	0.00	0.00	0.00	0.00	0.00	0.00	0.00	0.00	0.00	0.00
362G 1.00	0.70	0.06	0.04	0.05	0.07	0.36	0.01	0.79	0.06	0.31	0.07	0.04	0.12	0.04	0.04	0.25	0.12	1.00	0.01	0.04
363I 1.00	0.00	0.00	0.00	0.00	0.00	0.00	0.00	0.36	0.00	0.01	0.00	0.00	0.00	0.00	0.00	0.00	0.00	1.00	0.00	0.00
364E 1.00	0.01	0.00	0.04	0.20	0.00	0.03	0.01	0.00	0.01	0.00	0.00	1.00	0.01	0.01	0.01	0.02	0.01	0.00	0.00	0.00
365T 1.00	0.10	0.02	0.01	0.02	0.03	0.00	0.00	0.37	0.02	0.27	0.16	0.01	0.02	0.01	0.01	0.02	1.00	0.69	0.00	0.01
366L 1.00	0.29	0.01	0.00	0.01	0.13	0.01	0.00	0.69	0.01	0.76	0.03	0.00	0.01	0.01	0.01	0.01	0.02	1.00	0.00	0.01
367A 1.00	0.33	0.02	0.01	0.02	1.00	0.01	0.01	0.32	0.02	0.67	0.60	0.01	0.03	0.03	0.02	0.02	0.04	0.18	0.02	0.05
368A 1.00	0.20	0.00	0.00	0.00	0.00	0.01	0.00	0.00	0.00	0.00	0.00	0.00	0.01	0.00	0.00	0.02	1.00	0.01	0.00	0.00
369V 1.00	0.18	0.00	0.00	0.00	0.08	0.00	0.00	0.32	0.00	0.32	0.06	0.00	0.00	0.00	0.00	0.00	0.01	1.00	0.00	0.00
370F 1.00	0.09	0.23	0.01	0.02	0.22	0.00	0.00	0.27	0.02	0.18	0.03	0.01	0.02	0.01	0.01	0.02	0.15	1.00	0.00	0.01
371S 1.00	0.16	0.00	0.00	0.00	0.00	0.01	0.00	0.00	0.00	0.00	0.00	0.01	0.01	0.00	0.00	1.00	0.15	0.00	0.00	0.00
372G 1.00	0.13	0.01	0.01	0.01	0.07	0.13	0.00	0.83	0.02	0.53	0.07	0.01	0.01	0.01	0.02	0.03	0.04	1.00	0.01	0.03
373L 1.00	0.01	0.00	0.00	0.00	1.00	0.00	0.00	0.06	0.00	0.58	0.04	0.00	0.01	0.01	0.00	0.00	0.01	0.21	0.01	0.02
374V 1.00	0.01	0.00	0.00	0.00	0.01	0.00	0.00	0.19	0.00	0.93	0.01	0.00	0.00	0.00	0.00	0.00	0.01	1.00	0.00	0.00
375I 1.00	0.00	0.00	0.00	0.00	0.00	0.00	0.00	0.28	0.00	0.01	0.00	0.00	0.00	0.00	0.00	0.00	0.00	1.00	0.00	0.00
pos	A	C	D	E	F	G	H	I	K	L	M	N	P	Q	R	S	T	V	W	Y
376E 1.00	0.00	0.00	0.00	1.00	0.00	0.00	0.00	0.00	0.00	0.00	0.00	0.00	0.00	0.00	0.00	0.00	0.00	0.00	0.00	0.00
377H 1.00	0.08	0.01	0.02	0.10	0.04	0.06	0.27	0.04	0.62	0.26	0.03	0.07	0.06	0.16	1.00	0.13	0.08	0.06	0.02	0.10
378L 1.00	0.10	0.02	0.01	0.02	0.18	0.02	0.01	0.33	0.02	1.00	0.22	0.02	0.03	0.04	0.02	0.03	0.04	0.19	0.03	0.03
379G 1.00	0.08	0.00	0.00	0.00	0.00	1.00	0.00	0.00	0.00	0.00	0.00	0.00	0.01	0.00	0.00	0.01	0.00	0.00	0.00	0.00
380R 1.00	0.00	0.00	0.00	0.00	0.00	0.00	0.00	0.00	0.00	0.00	0.00	0.00	0.00	0.00	1.00	0.00	0.00	0.00	0.00	0.00
381R 1.00	0.01	0.00	0.00	0.01	0.00	0.01	0.00	0.01	0.03	0.07	0.00	0.00	0.01	0.01	1.00	0.00	0.01	0.01	0.00	0.00
382P 0.97	0.55	0.18	0.23	0.30	0.73	0.34	0.57	0.42	0.32	0.68	0.22	0.34	0.28	0.31	0.36	0.50	0.64	0.52	0.19	1.00
383L 1.00	0.00	0.00	0.00	0.00	0.00	0.00	0.00	0.00	0.00	1.00	0.00	0.00	0.00	0.00	0.00	0.00	0.00	0.00	0.00	0.00
384L 1.00	0.04	0.01	0.01	0.01	0.19	0.01	0.14	0.18	0.01	1.00	0.12	0.01	0.02	0.02	0.01	0.01	0.02	0.10	0.01	0.02
385I 1.00	0.01	0.00	0.00	0.00	0.01	0.00	0.00	0.40	0.00	1.00	0.17	0.00	0.00	0.00	0.00	0.00	0.00	0.02	0.00	0.00
386G 0.95	0.88	0.14	0.20	0.27	0.34	0.49	0.22	0.93	0.28	0.65	0.18	0.23	0.26	0.22	0.24	0.61	0.46	1.00	0.09	0.41
387G 0.87	0.49	0.07	0.11	0.08	0.10	1.00	0.04	0.15	0.10	0.58	0.10	0.09	0.18	0.07	0.09	0.26	0.12	0.15	0.03	0.05
388F 0.92	0.40	0.03	0.02	0.03	1.00	0.04	0.05	0.28	0.03	0.81	0.11	0.03	0.03	0.04	0.04	0.05	0.06	0.14	0.07	0.49
389G 1.00	0.13	0.00	0.00	0.00	0.00	1.00	0.00	0.00	0.00	0.00	0.00	0.00	0.01	0.00	0.00	0.31	0.01	0.01	0.00	0.00
390L 1.00	0.11	0.03	0.03	0.04	0.21	0.09	0.05	0.84	0.05	1.00	0.27	0.04	0.05	0.05	0.05	0.06	0.10	0.70	0.03	0.10
391M 1.00	0.57	0.21	0.04	0.09	0.19	0.08	0.05	0.64	0.09	0.95	0.35	0.06	0.13	0.08	0.07	0.16	0.34	1.00	0.03	0.07
392G 1.00	1.00	0.13	0.06	0.07	0.15	0.98	0.04	0.07	0.08	0.26	0.06	0.06	0.18	0.06	0.06	0.36	0.14	0.15	0.02	0.07
393L 1.00	0.60	0.34	0.15	0.22	0.57	0.22	0.36	0.59	0.23	0.79	0.34	0.22	0.24	0.22	0.25	0.41	0.51	1.00	0.13	0.66
394F 1.00	0.83	0.16	0.07	0.12	0.25	0.21	0.09	0.53	0.13	0.62	0.17	0.10	0.19	0.11	0.10	0.29	0.44	1.00	0.05	0.18
395F 1.00	0.44	0.53	0.03	0.07	0.37	0.04	0.05	0.65	0.07	0.31	0.09	0.05	0.09	0.06	0.05	0.31	0.26	1.00	0.02	0.08
396G 0.72	0.81	0.78	0.26	0.34	0.66	0.79	0.50	0.71	0.36	1.00	0.23	0.34	0.27	0.33	0.37	0.68	0.65	0.83	0.17	0.91
397T 1.00	0.36	0.03	0.01	0.02	0.11	0.00	0.01	0.18	0.02	0.77	0.05	0.01	0.03	0.02	0.01	0.02	0.44	1.00	0.00	0.01
398L 1.00	0.01	0.00	0.00	0.00	0.02	0.00	0.00	0.03	0.00	1.00	1.00	0.00	0.00	0.00	0.00	0.00	0.00	0.02	0.00	0.00
399T 1.00	0.01	0.00	0.00	0.00	0.00	0.00	0.00	0.00	0.00	0.00	0.00	0.00	0.00	0.00	0.00	0.13	1.00	0.00	0.00	0.00
400I 1.00	0.22	0.00	0.00	0.00	0.02	0.09	0.00	0.97	0.01	0.15	0.02	0.00	0.00	0.00	0.00	0.01	0.01	1.00	0.00	0.01
pos	A	C	D	E	F	G	H	I	K	L	M	N	P	Q	R	S	T	V	W	Y
401T 1.00	1.00	0.01	0.01	0.01	0.00	0.31	0.00	0.01	0.01	0.01	0.01	0.01	0.03	0.01	0.01	0.35	0.33	0.14	0.00	0.00
402L 1.00	0.00	0.00	0.00	0.00	0.00	0.00	0.00	0.00	0.00	1.00	0.00	0.00	0.00	0.00	0.00	0.00	0.00	0.00	0.00	0.00
403T 1.00	0.66	0.08	0.02	0.06	0.05	0.01	0.02	0.43	0.06	0.58	0.10	0.03	0.09	0.05	0.04	0.08	0.42	1.00	0.01	0.02
404L 1.00	0.00	0.00	0.00	0.00	0.08	0.00	0.00	0.01	0.00	1.00	0.03	0.00	0.00	0.00	0.00	0.00	0.00	0.01	0.00	0.00
405Q 1.00	0.16	0.02	0.04	0.22	0.07	0.11	0.12	0.13	1.00	0.44	0.09	0.14	0.12	0.46	0.80	0.12	0.16	0.12	0.03	0.07
406D 0.97	0.01	0.00	1.00	0.42	0.00	0.03	0.01	0.00	0.02	0.00	0.00	0.34	0.01	0.01	0.01	0.23	0.01	0.00	0.00	0.01
407H 1.00	0.56	0.04	0.51	0.79	0.04	0.29	0.44	0.14	1.00	0.23	0.08	0.53	0.21	0.69	0.80	0.55	0.80	0.31	0.01	0.03
408A 0.97	0.43	0.05	0.05	0.07	0.42	0.08	0.11	0.79	0.08	0.74	0.17	0.07	0.06	0.07	0.09	0.10	0.13	1.00	0.05	0.44
409P 0.97	0.16	0.00	0.08	0.14	0.00	0.03	0.01	0.01	0.04	0.01	0.01	0.17	1.00	0.03	0.02	0.61	0.11	0.02	0.00	0.00
410W 1.00	0.89	0.07	0.15	0.33	0.04	0.48	0.04	0.05	0.12	0.09	0.04	0.12	0.19	0.09	0.08	0.46	0.24	0.13	1.00	0.05
411V 1.00	0.01	0.00	0.00	0.00	0.01	0.00	0.00	0.07	0.00	0.22	1.00	0.00	0.00	0.00	0.00	0.00	0.00	0.24	0.00	0.00
412P 1.00	0.28	0.04	0.32	0.14	0.03	0.30	0.08	0.04	0.21	0.06	0.03	0.42	0.45	0.12	0.16	1.00	0.45	0.08	0.01	0.05
413Y 1.00	0.00	0.00	0.00	0.00	0.20	0.00	0.00	0.00	0.00	0.03	0.00	0.00	0.00	0.00	0.00	0.00	0.00	0.00	0.01	1.00
414L 1.00	0.01	0.00	0.00	0.00	0.01	0.00	0.00	0.57	0.00	0.89	0.01	0.00	0.00	0.00	0.00	0.00	0.01	1.00	0.00	0.00
415S 1.00	0.20	0.20	0.03	0.02	0.01	0.18	0.01	0.01	0.02	0.02	0.01	0.03	0.05	0.01	0.01	1.00	0.04	0.03	0.00	0.01
416I 1.00	0.00	0.00	0.00	0.00	0.01	0.00	0.00	1.00	0.00	0.04	0.16	0.00	0.00	0.00	0.00	0.00	0.00	0.02	0.00	0.00
417V 1.00	0.14	0.01	0.01	0.01	0.02	0.15	0.00	0.36	0.01	0.10	0.02	0.01	0.02	0.01	0.01	0.04	0.12	1.00	0.00	0.01
418G 1.00	1.00	0.51	0.02	0.02	0.01	0.35	0.00	0.01	0.02	0.02	0.01	0.01	0.05	0.01	0.01	0.11	0.04	0.03	0.00	0.01
419I 1.00	0.01	0.00	0.00	0.00	0.00	0.00	0.00	1.00	0.00	0.02	0.00	0.00	0.00	0.00	0.00	0.00	0.04	0.42	0.00	0.00
420L 1.00	0.03	0.01	0.00	0.01	0.99	0.01	0.01	0.55	0.01	1.00	0.09	0.01	0.01	0.01	0.01	0.01	0.02	0.08	0.01	0.02
421A 1.00	1.00	0.11	0.11	0.14	0.16	0.54	0.08	0.61	0.16	0.45	0.12	0.11	0.25	0.11	0.13	0.53	0.26	0.69	0.04	0.16
422I 1.00	0.01	0.00	0.00	0.00	1.00	0.00	0.00	0.30	0.00	0.04	0.01	0.00	0.00	0.00	0.00	0.00	0.00	0.01	0.03	0.84
423I 1.00	0.03	0.00	0.00	0.00	0.00	0.00	0.00	0.39	0.00	0.02	0.00	0.00	0.00	0.00	0.00	0.00	0.01	1.00	0.00	0.00
424A 1.00	1.00	0.04	0.02	0.04	0.03	0.06	0.01	0.51	0.04	0.14	0.04	0.02	0.06	0.03	0.02	0.21	0.15	0.48	0.01	0.01
425S 1.00	1.00	0.12	0.12	0.13	0.22	0.58	0.11	0.13	0.14	0.25	0.09	0.14	0.26	0.12	0.13	0.55	0.25	0.24	0.05	0.22
pos	A	C	D	E	F	G	H	I	K	L	M	N	P	Q	R	S	T	V	W	Y
426F 1.00	0.05	0.03	0.06	0.04	1.00	0.10	0.49	0.05	0.04	0.14	0.03	0.05	0.05	0.03	0.05	0.04	0.04	0.05	0.02	0.03
427C 1.00	1.00	0.12	0.10	0.23	0.04	0.51	0.02	0.05	0.11	0.10	0.04	0.08	0.23	0.08	0.07	0.52	0.21	0.17	0.01	0.03
428S 1.00	0.01	0.00	0.00	0.00	0.02	0.00	0.00	1.00	0.00	0.28	0.02	0.00	0.00	0.00	0.00	0.23	0.01	0.44	0.00	0.01
429G 1.00	0.00	0.00	0.00	0.00	0.00	1.00	0.00	0.00	0.00	0.00	0.00	0.00	0.00	0.00	0.00	0.00	0.00	0.00	0.00	0.00
430P 1.00	0.00	0.00	0.00	0.00	0.00	0.00	0.00	0.00	0.00	0.00	0.00	0.00	1.00	0.00	0.00	0.00	0.00	0.00	0.00	0.00
431G 0.97	0.04	0.00	0.01	0.01	0.00	1.00	0.00	0.00	0.01	0.00	0.00	0.01	0.01	0.00	0.00	0.42	0.01	0.01	0.00	0.00
432G 1.00	0.20	0.01	0.01	0.01	0.00	0.26	0.00	0.01	0.01	0.01	0.01	0.01	1.00	0.01	0.01	0.06	0.02	0.02	0.00	0.00
433I 1.00	0.00	0.00	0.00	0.00	0.00	0.00	0.00	1.00	0.00	0.01	0.00	0.00	0.00	0.00	0.00	0.00	0.00	0.15	0.00	0.00
434P 1.00	0.01	0.00	0.01	0.01	0.00	0.01	0.00	0.00	0.01	0.01	0.00	0.00	1.00	0.01	0.07	0.01	0.01	0.00	0.00	0.00
435F 1.00	1.00	0.10	0.09	0.10	0.30	0.46	0.07	0.09	0.11	0.17	0.06	0.10	0.25	0.09	0.09	0.60	0.25	0.19	0.49	0.18
436I 1.00	0.03	0.01	0.00	0.01	1.00	0.01	0.00	0.57	0.01	0.75	0.07	0.01	0.01	0.01	0.01	0.01	0.02	0.45	0.01	0.01
437L 1.00	0.01	0.00	0.00	0.00	0.07	0.00	0.00	1.00	0.01	0.71	0.23	0.00	0.00	0.00	0.00	0.00	0.01	0.39	0.00	0.11
438T 1.00	0.09	0.02	0.01	0.02	0.02	0.00	0.00	0.37	0.02	0.11	0.03	0.01	0.02	0.01	0.15	0.02	0.32	1.00	0.00	0.01
439G 0.97	1.00	0.01	0.01	0.01	0.00	0.34	0.00	0.01	0.01	0.01	0.01	0.01	0.03	0.01	0.01	0.06	0.54	0.02	0.00	0.00
440E 1.00	0.01	0.00	0.01	1.00	0.00	0.02	0.00	0.00	0.01	0.00	0.00	0.00	0.00	0.01	0.00	0.00	0.00	0.00	0.00	0.00
441F 1.00	0.02	0.00	0.00	0.00	0.51	0.00	0.00	0.69	0.01	1.00	0.05	0.00	0.01	0.01	0.01	0.01	0.01	0.15	0.01	0.01
442F 1.00	0.00	0.00	0.00	0.00	1.00	0.00	0.00	0.01	0.00	0.01	0.00	0.00	0.00	0.00	0.00	0.00	0.00	0.05	0.01	0.02
443Q 1.00	1.00	0.10	0.23	0.19	0.07	0.60	0.07	0.09	0.25	0.24	0.08	0.25	0.27	0.16	0.19	0.68	0.36	0.20	0.02	0.07
444Q 1.00	0.00	0.00	0.00	0.00	0.00	0.00	0.00	0.00	0.00	0.00	0.00	0.00	0.00	1.00	0.00	0.00	0.00	0.00	0.00	0.00
445S 1.00	0.04	0.01	0.08	0.02	0.00	1.00	0.01	0.00	0.02	0.01	0.00	0.06	0.02	0.01	0.01	0.95	0.02	0.01	0.00	0.01
446Q 1.00	0.16	0.02	0.04	0.03	0.01	0.20	0.01	0.01	0.03	0.02	0.01	0.04	1.00	0.30	0.02	0.60	0.04	0.03	0.00	0.01
447R 1.00	0.00	0.00	0.00	0.00	0.00	0.00	0.00	0.00	0.00	0.00	0.00	0.00	0.00	0.00	1.00	0.00	0.00	0.00	0.00	0.00
448P 1.00	0.02	0.00	0.01	0.01	0.00	0.01	0.00	0.00	0.01	0.00	0.00	0.01	1.00	0.01	0.08	0.06	0.09	0.01	0.00	0.00
449A 1.00	1.00	0.00	0.00	0.00	0.00	0.02	0.00	0.00	0.00	0.00	0.00	0.00	0.07	0.00	0.00	0.10	0.08	0.01	0.00	0.00
450A 1.00	1.00	0.00	0.00	0.00	0.00	0.01	0.00	0.00	0.00	0.00	0.00	0.00	0.01	0.00	0.00	0.01	0.06	0.01	0.00	0.00
pos	A	C	D	E	F	G	H	I	K	L	M	N	P	Q	R	S	T	V	W	Y
451F 1.00	0.07	0.02	0.02	0.03	1.00	0.03	0.05	0.49	0.03	0.65	0.68	0.03	0.03	0.04	0.04	0.04	0.05	0.22	0.17	0.46
452I 0.97	0.87	0.09	0.03	0.07	0.07	0.03	0.02	0.61	0.08	0.44	0.28	0.04	0.11	0.06	0.05	0.12	0.39	1.00	0.01	0.02
453I 0.97	0.00	0.00	0.00	0.00	0.00	0.00	0.00	0.44	0.00	0.09	0.00	0.00	0.00	0.00	0.00	0.00	0.00	1.00	0.00	0.00
454A 1.00	1.00	0.03	0.20	0.06	0.01	0.31	0.02	0.01	0.05	0.03	0.01	0.09	0.08	0.03	0.03	0.18	0.06	0.05	0.06	0.02
455G 1.00	0.14	0.00	0.00	0.00	0.00	1.00	0.00	0.00	0.00	0.00	0.00	0.00	0.01	0.00	0.00	0.01	0.00	0.00	0.00	0.00
456T 1.00	0.70	0.21	0.24	0.28	0.60	0.35	0.43	0.39	0.31	0.58	0.20	0.36	0.26	0.30	0.32	0.84	1.00	0.56	0.15	0.77
457V 1.00	0.92	0.16	0.08	0.10	0.06	0.36	0.03	0.30	0.12	0.24	0.09	0.10	0.23	0.08	0.08	0.86	0.51	1.00	0.02	0.04
458N 1.00	0.01	0.00	0.05	0.01	0.00	0.03	0.47	0.00	0.01	0.00	0.00	1.00	0.01	0.01	0.01	0.03	0.01	0.00	0.00	0.01
459W 1.00	0.00	0.00	0.00	0.00	0.00	0.00	0.00	0.00	0.00	0.00	0.00	0.00	0.00	0.00	0.00	0.00	0.00	0.00	1.00	0.00
460L 1.00	0.32	0.05	0.02	0.04	0.05	0.01	0.01	0.29	0.04	1.00	0.08	0.02	0.06	0.03	0.03	0.06	0.85	0.63	0.01	0.01
461S 1.00	0.12	0.22	0.02	0.02	0.01	0.09	0.01	0.01	0.02	0.02	0.01	0.04	0.04	0.02	0.01	1.00	0.31	0.03	0.00	0.01
462N 1.00	0.00	0.00	0.00	0.00	0.00	0.00	0.00	0.00	0.00	0.00	0.00	1.00	0.00	0.00	0.00	0.00	0.00	0.00	0.00	0.00
463F 1.00	0.00	0.00	0.00	0.00	1.00	0.00	0.00	0.00	0.00	0.00	0.00	0.00	0.00	0.00	0.00	0.00	0.00	0.00	0.00	0.00
464A 1.00	0.46	0.03	0.01	0.02	0.03	0.00	0.01	1.00	0.03	0.47	0.04	0.01	0.03	0.02	0.01	0.03	0.39	0.46	0.00	0.01
465V 1.00	0.00	0.00	0.00	0.00	0.00	0.00	0.00	0.25	0.00	0.01	0.00	0.00	0.00	0.00	0.00	0.00	0.00	1.00	0.00	0.00
466G 1.00	0.14	0.00	0.00	0.00	0.00	1.00	0.00	0.00	0.00	0.00	0.00	0.00	0.01	0.00	0.00	0.01	0.00	0.00	0.00	0.00
467L 1.00	0.01	0.00	0.00	0.00	0.11	0.00	0.00	0.03	0.00	1.00	0.45	0.00	0.00	0.00	0.00	0.00	0.00	0.01	0.00	0.00
468L 1.00	0.09	0.17	0.03	0.04	0.17	0.11	0.06	1.00	0.05	0.79	0.12	0.04	0.03	0.04	0.05	0.06	0.12	0.96	0.03	0.13
469F 1.00	0.00	0.00	0.00	0.00	1.00	0.00	0.00	0.00	0.00	0.00	0.00	0.00	0.00	0.00	0.00	0.00	0.00	0.00	0.00	0.00
470P 1.00	0.09	0.01	0.05	0.07	0.01	0.09	0.02	0.01	0.06	0.03	0.01	0.03	1.00	0.52	0.05	0.06	0.03	0.02	0.01	0.01
471F 1.00	0.04	0.02	0.01	0.01	1.00	0.01	0.01	0.07	0.01	0.23	0.04	0.01	0.02	0.01	0.01	0.32	0.03	0.07	0.14	0.97
472I 1.00	0.29	0.01	0.00	0.01	0.01	0.00	0.00	1.00	0.01	0.05	0.01	0.00	0.01	0.00	0.00	0.01	0.02	0.39	0.00	0.00
473Q 1.00	0.54	0.01	0.45	1.00	0.02	0.11	0.05	0.03	0.21	0.05	0.02	0.09	0.12	0.60	0.08	0.14	0.12	0.07	0.01	0.02
474K 1.00	0.54	0.18	0.25	0.32	0.71	0.34	0.55	0.40	0.34	0.66	0.23	0.32	0.21	0.33	0.36	0.42	0.41	0.52	0.19	1.00
475S 1.00	0.61	0.18	0.21	0.27	0.71	0.38	0.53	0.39	0.29	0.66	0.22	0.31	0.22	0.29	0.35	0.45	0.40	0.51	0.18	1.00
pos	A	C	D	E	F	G	H	I	K	L	M	N	P	Q	R	S	T	V	W	Y
476L 0.97	0.02	0.32	0.00	0.01	0.05	0.00	0.00	0.26	0.01	1.00	0.17	0.01	0.01	0.01	0.01	0.01	0.01	0.06	0.01	0.01
477D 1.00	0.01	0.00	0.20	0.01	0.00	1.00	0.01	0.00	0.01	0.00	0.00	0.03	0.01	0.01	0.00	0.01	0.01	0.00	0.00	0.00
478T 1.00	0.99	0.03	0.03	0.03	0.01	0.12	0.01	0.03	0.04	0.15	0.02	0.04	1.00	0.03	0.03	0.26	0.54	0.08	0.01	0.01
479Y 1.00	0.00	0.00	0.00	0.00	0.00	0.00	0.00	0.00	0.00	0.00	0.00	0.00	0.00	0.00	0.00	0.00	0.00	0.00	0.00	1.00
480C 1.00	0.64	0.24	0.06	0.07	0.04	0.24	0.02	0.22	0.08	0.18	0.06	0.07	0.16	0.06	0.05	0.66	0.34	1.00	0.01	0.02
481F 1.00	0.00	0.00	0.00	0.00	1.00	0.00	0.00	0.00	0.00	0.00	0.00	0.00	0.00	0.00	0.00	0.00	0.00	0.00	0.00	0.00
482L 1.00	0.01	0.00	0.00	0.00	0.20	0.00	0.00	1.00	0.00	0.64	0.02	0.00	0.00	0.00	0.00	0.00	0.01	0.28	0.00	0.00
483V 1.00	0.00	0.00	0.00	0.00	0.01	0.00	0.00	1.00	0.00	0.37	0.01	0.00	0.00	0.00	0.00	0.00	0.00	0.65	0.00	0.00
484F 0.97	0.00	0.00	0.00	0.00	1.00	0.00	0.00	0.00	0.00	0.00	0.00	0.00	0.00	0.00	0.00	0.00	0.00	0.00	0.00	0.00
485A 0.97	1.00	0.01	0.01	0.01	0.00	0.12	0.00	0.00	0.01	0.04	0.00	0.01	0.02	0.01	0.01	0.04	0.32	0.01	0.00	0.00
486T 0.97	1.00	0.11	0.10	0.11	0.09	0.58	0.04	0.61	0.13	0.32	0.09	0.12	0.25	0.09	0.10	0.65	0.50	0.82	0.02	0.07
487I 0.97	0.13	0.01	0.00	0.01	0.40	0.01	0.00	1.00	0.01	0.64	0.03	0.00	0.01	0.01	0.01	0.01	0.02	0.47	0.00	0.01
488C 0.97	0.09	0.60	0.01	0.02	0.08	0.01	0.01	0.21	0.02	1.00	0.10	0.01	0.03	0.02	0.01	0.02	0.06	0.27	0.01	0.01
489I 0.97	0.01	0.00	0.00	0.00	0.12	0.00	0.00	0.74	0.00	1.00	0.02	0.00	0.00	0.00	0.00	0.00	0.01	0.53	0.00	0.01
490T 0.97	0.44	0.13	0.16	0.21	0.56	0.34	0.38	0.51	0.23	1.00	0.18	0.23	0.16	0.22	0.26	0.38	0.54	0.62	0.13	0.71
491G 0.97	1.00	0.12	0.26	0.16	0.43	0.69	0.07	0.11	0.19	0.21	0.08	0.30	0.29	0.13	0.13	0.81	0.77	0.22	0.05	0.17
492A 0.97	0.28	0.08	0.07	0.10	0.64	0.12	0.15	0.42	0.11	1.00	0.24	0.10	0.10	0.11	0.11	0.18	0.23	0.39	0.13	0.55
493I 0.97	0.15	0.00	0.00	0.00	0.01	0.00	0.00	1.00	0.00	0.20	0.01	0.00	0.00	0.00	0.00	0.00	0.01	0.32	0.00	0.00
494Y 0.97	0.00	0.00	0.00	0.00	1.00	0.00	0.00	0.01	0.00	0.02	0.00	0.00	0.00	0.00	0.00	0.00	0.00	0.01	0.02	0.97
495L 0.97	0.45	0.09	0.03	0.07	0.13	0.02	0.02	0.80	0.07	0.86	0.19	0.05	0.10	0.06	0.05	0.11	0.67	1.00	0.02	0.03
496Y 0.97	0.00	0.00	0.00	0.00	1.00	0.00	0.00	0.01	0.00	0.02	0.00	0.00	0.00	0.00	0.00	0.04	0.00	0.01	0.02	0.88
497F 0.97	0.02	0.01	0.00	0.01	1.00	0.00	0.00	0.11	0.01	0.80	0.15	0.00	0.01	0.01	0.01	0.01	0.01	0.26	0.01	0.01
498V 0.97	0.25	0.05	0.03	0.14	0.08	0.07	0.07	0.84	0.59	0.42	0.10	0.09	0.10	0.20	0.47	0.10	0.22	1.00	0.02	0.06
499L 0.97	0.00	0.00	0.00	0.00	0.00	0.00	0.00	0.28	0.00	0.25	0.00	0.00	0.00	0.00	0.00	0.00	0.00	1.00	0.00	0.00
500P 0.97	0.00	0.00	0.00	0.00	0.00	0.00	0.00	0.00	0.00	0.00	0.00	0.00	1.00	0.00	0.00	0.00	0.00	0.00	0.00	0.00
pos	A	C	D	E	F	G	H	I	K	L	M	N	P	Q	R	S	T	V	W	Y
501E 0.97	0.00	0.00	0.00	1.00	0.00	0.00	0.00	0.00	0.00	0.00	0.00	0.00	0.00	0.00	0.00	0.00	0.00	0.00	0.00	0.00
502T 0.97	0.00	0.00	0.00	0.00	0.00	0.00	0.00	0.00	0.00	0.00	0.00	0.00	0.00	0.00	0.00	0.00	1.00	0.00	0.00	0.00
503K 0.97	0.00	0.00	0.00	0.01	0.00	0.00	0.00	0.00	1.00	0.00	0.00	0.00	0.00	0.01	0.27	0.00	0.00	0.00	0.00	0.00
504N 0.97	0.08	0.00	0.02	0.01	0.00	1.00	0.00	0.00	0.01	0.00	0.00	0.23	0.01	0.00	0.00	0.08	0.01	0.00	0.00	0.00
505R 0.97	0.01	0.00	0.00	0.01	0.00	0.00	0.01	0.00	0.56	0.01	0.00	0.01	0.00	0.01	1.00	0.00	0.01	0.00	0.00	0.00
506T 0.97	0.01	0.00	0.00	0.00	0.00	0.00	0.00	0.00	0.00	0.00	0.00	0.01	0.00	0.00	0.00	0.22	1.00	0.00	0.00	0.00
507Y 0.97	0.00	0.00	0.00	0.00	1.00	0.00	0.00	0.00	0.00	0.01	0.00	0.00	0.00	0.00	0.00	0.00	0.00	0.00	0.01	0.21
508A 0.97	0.53	0.07	0.50	1.00	0.06	0.10	0.06	0.40	0.27	0.29	0.09	0.12	0.18	0.28	0.10	0.18	0.32	0.78	0.01	0.04
509E 0.97	0.01	0.00	0.19	1.00	0.00	0.00	0.00	0.00	0.01	0.00	0.00	0.00	0.00	0.11	0.00	0.00	0.00	0.00	0.00	0.00
510I 0.97	0.00	0.00	0.00	0.00	0.00	0.00	0.00	1.00	0.00	0.00	0.00	0.00	0.00	0.00	0.00	0.00	0.00	0.00	0.00	0.00
511S 0.97	0.66	0.03	0.07	0.04	0.02	0.05	0.02	0.20	0.06	0.04	0.02	0.61	0.08	0.05	0.04	1.00	0.92	0.08	0.01	0.02
512Q 0.97	0.81	0.23	0.23	0.33	0.56	0.32	0.50	0.34	0.48	0.56	0.19	0.32	0.21	0.78	1.00	0.58	0.39	0.43	0.15	0.84
513A 0.97	1.00	0.06	0.40	0.71	0.10	0.43	0.12	0.36	0.62	0.25	0.09	0.33	0.21	0.39	0.44	0.53	0.42	0.26	0.03	0.11
514F 0.97	0.00	0.00	0.00	0.00	1.00	0.00	0.00	0.00	0.00	0.00	0.00	0.00	0.00	0.00	0.00	0.00	0.00	0.00	0.00	0.00
515S 0.95	0.75	0.05	0.52	1.00	0.05	0.32	0.15	0.25	0.78	0.26	0.09	0.42	0.23	0.52	0.54	0.84	0.57	0.24	0.02	0.05
516K 0.95	0.06	0.01	0.02	0.12	0.01	0.25	0.05	0.02	1.00	0.06	0.05	0.06	0.04	0.29	0.48	0.05	0.06	0.03	0.01	0.02
517R 0.95	0.14	0.01	0.06	0.18	0.02	0.08	0.08	0.05	0.82	0.10	0.31	0.11	0.08	0.53	1.00	0.30	0.28	0.07	0.01	0.04
518N 0.82	0.18	0.01	0.31	0.19	0.01	0.11	0.02	0.04	0.18	0.06	0.02	1.00	0.20	0.11	0.16	0.34	0.15	0.09	0.00	0.01
519K 0.82	0.08	0.01	0.05	0.11	0.01	0.19	0.07	0.03	1.00	0.05	0.02	0.07	0.08	0.19	0.32	0.22	0.07	0.04	0.01	0.02
520A 0.82	0.85	0.06	0.33	0.46	0.06	0.20	0.08	0.20	0.50	0.38	0.08	0.27	0.17	0.28	0.25	0.71	0.84	1.00	0.02	0.06
521Y 0.62	0.55	0.17	0.24	0.35	0.67	0.35	0.54	0.39	0.36	0.66	0.22	0.33	0.21	0.32	0.37	0.44	0.41	0.50	0.18	1.00
522P 0.62	0.38	0.08	0.22	0.49	0.38	0.22	0.26	0.21	0.41	0.46	0.12	0.27	1.00	0.27	0.38	0.33	0.37	0.27	0.08	0.42
523P 0.79	0.25	0.01	0.28	0.54	0.01	0.06	0.02	0.03	0.21	0.05	0.02	0.08	1.00	0.28	0.18	0.11	0.09	0.04	0.00	0.01
524E 0.79	0.15	0.01	0.09	1.00	0.01	0.13	0.04	0.08	0.68	0.06	0.02	0.08	0.05	0.13	0.38	0.11	0.09	0.05	0.01	0.02
525E 0.79	0.09	0.00	0.13	1.00	0.00	0.02	0.01	0.01	0.12	0.02	0.01	0.03	0.03	0.06	0.03	0.09	0.03	0.12	0.00	0.00
pos	A	C	D	E	F	G	H	I	K	L	M	N	P	Q	R	S	T	V	W	Y
526K 0.74	0.24	0.02	0.18	0.66	0.04	0.10	0.07	0.09	1.00	0.31	0.10	0.12	0.10	0.22	0.32	0.16	0.15	0.12	0.01	0.04
527I 0.46	0.18	0.05	0.03	0.14	0.32	0.05	0.06	1.00	0.06	0.93	0.15	0.05	0.05	0.05	0.06	0.07	0.19	0.86	0.03	0.11
528D 0.46	0.19	0.01	0.60	1.00	0.02	0.10	0.12	0.03	0.32	0.05	0.02	0.14	0.11	0.24	0.07	0.12	0.09	0.05	0.01	0.03
529S 0.41	0.44	0.04	0.65	1.00	0.04	0.23	0.09	0.10	0.46	0.15	0.06	0.33	0.31	0.36	0.23	0.72	0.60	0.15	0.02	0.04
530A 0.23	0.15	0.03	0.02	0.04	0.26	0.05	0.03	0.36	0.04	1.00	0.22	0.03	0.05	0.05	0.04	0.06	0.08	0.26	0.04	0.12
531V 0.23	1.00	0.10	0.11	0.12	0.05	0.55	0.03	0.07	0.13	0.12	0.05	0.10	0.25	0.08	0.09	0.51	0.19	0.19	0.02	0.05
532T 0.23	0.89	0.07	0.09	0.10	0.03	0.26	0.03	0.10	0.11	0.11	0.04	0.11	0.33	0.08	0.07	0.52	1.00	0.23	0.01	0.03
533D 0.23	0.00	0.00	1.00	0.00	0.00	0.00	0.00	0.00	0.00	0.00	0.00	0.00	0.00	0.00	0.00	0.00	0.00	0.00	0.00	0.00
534G 0.21	0.18	0.02	0.06	0.03	0.01	1.00	0.01	0.01	0.03	0.02	0.01	0.06	0.05	0.02	0.02	0.69	0.05	0.03	0.00	0.01
535K 0.21	0.04	0.00	0.02	0.06	0.01	0.03	0.03	0.01	1.00	0.03	0.01	0.03	0.03	0.60	0.16	0.03	0.03	0.02	0.00	0.01
536I 0.21	0.01	0.00	0.00	0.00	0.01	0.00	0.00	1.00	0.00	0.07	0.01	0.00	0.00	0.00	0.00	0.00	0.01	0.72	0.00	0.01
537N 0.03	0.00	0.00	0.00	0.00	0.00	0.00	0.00	0.00	0.00	0.00	0.00	1.00	0.00	0.00	0.00	0.00	0.00	0.00	0.00	0.00
538G 0.03	0.00	0.00	0.00	0.00	0.00	1.00	0.00	0.00	0.00	0.00	0.00	0.00	0.00	0.00	0.00	0.00	0.00	0.00	0.00	0.00
539R 0.03	0.00	0.00	0.00	0.00	0.00	0.00	0.00	0.00	0.00	0.00	0.00	0.00	0.00	0.00	1.00	0.00	0.00	0.00	0.00	0.00
540P 0.03	0.00	0.00	0.00	0.00	0.00	0.00	0.00	0.00	0.00	0.00	0.00	0.00	1.00	0.00	0.00	0.00	0.00	0.00	0.00	0.00
