Each row corresponds to a position in the reference protein.  Below each position is the fraction of sequences that contain one of the basic amino acids.  A low fraction indicates the position is either severely gapped or unalignable and has little information.  Expect poor prediction at these positions.
Each column corresponds to one of the twenty amino acids. 
Each entry contains the score at a particular position (row) for an amino acid substitution (column).  Substitutions predicted to be intolerant are highlighted in red.




pos	A	C	D	E	F	G	H	I	K	L	M	N	P	Q	R	S	T	V	W	Y
1M 0.40	0.00	0.00	0.00	0.00	0.00	0.00	0.00	0.00	0.00	0.00	1.00	0.00	0.00	0.00	0.00	0.00	0.00	0.00	0.00	0.00
2G 0.50	0.00	0.00	0.00	0.00	0.00	1.00	0.00	0.00	0.00	0.00	0.00	0.00	0.00	0.00	0.00	0.00	0.00	0.00	0.00	0.00
3H 0.50	0.52	0.14	0.24	0.36	0.55	0.30	0.40	0.47	0.47	1.00	0.27	0.31	0.22	0.33	0.43	0.40	0.40	0.52	0.14	0.67
4S 0.50	0.49	0.08	0.38	0.54	0.20	0.35	0.37	0.19	0.97	0.34	0.12	0.45	0.23	0.47	1.00	0.76	0.45	0.27	0.06	0.29
5P 0.50	0.20	0.02	0.06	0.06	0.01	0.12	0.02	0.02	0.06	0.03	0.01	0.07	1.00	0.04	0.04	0.81	0.15	0.05	0.01	0.02
6P 0.50	0.75	0.05	0.11	0.16	0.04	0.19	0.03	0.09	0.15	0.11	0.04	0.11	1.00	0.10	0.09	0.34	0.62	0.20	0.01	0.04
7V 0.50	0.52	0.12	0.13	0.19	0.30	0.16	0.19	0.62	0.21	0.55	0.16	0.19	0.17	0.17	0.19	0.43	0.70	1.00	0.11	0.36
8L 0.60	0.19	0.01	0.01	0.02	0.06	0.03	0.01	0.12	0.02	1.00	0.07	0.01	0.02	0.02	0.02	0.03	0.04	0.11	0.01	0.02
9P 0.60	0.40	0.09	0.10	0.18	0.21	0.10	0.12	0.71	0.19	0.61	0.15	0.12	0.14	0.14	0.17	0.18	0.30	1.00	0.05	0.21
10L 0.80	0.16	0.02	0.04	0.04	0.08	0.16	0.02	0.15	0.05	1.00	0.09	0.04	0.05	0.04	0.04	0.08	0.05	0.11	0.01	0.03
11C 0.80	0.71	1.00	0.05	0.05	0.02	0.13	0.02	0.04	0.06	0.05	0.02	0.06	0.08	0.04	0.04	0.50	0.43	0.09	0.01	0.02
12A 0.80	1.00	0.02	0.03	0.03	0.01	0.29	0.01	0.01	0.03	0.02	0.01	0.02	0.06	0.02	0.02	0.73	0.05	0.04	0.00	0.01
13S 0.80	0.42	0.08	0.14	0.16	0.08	0.12	0.07	0.25	0.19	0.22	0.09	0.20	0.16	0.14	0.12	0.76	1.00	0.48	0.03	0.08
14V 0.80	0.20	0.06	0.07	0.09	0.20	0.09	0.14	0.54	0.10	0.30	0.08	0.10	0.07	0.09	0.10	0.26	0.28	1.00	0.05	0.36
15S 0.80	0.79	0.02	0.04	0.04	0.01	0.08	0.01	0.03	0.05	0.03	0.01	0.05	0.06	0.03	0.03	1.00	0.41	0.05	0.01	0.01
16L 0.80	0.65	0.19	0.05	0.08	0.15	0.17	0.05	0.38	0.09	1.00	0.16	0.06	0.13	0.08	0.07	0.20	0.23	0.58	0.03	0.08
17L 1.00	0.02	0.01	0.00	0.01	0.03	0.01	0.00	0.44	0.01	1.00	0.04	0.00	0.01	0.01	0.01	0.01	0.02	0.37	0.00	0.01
18G 1.00	1.00	0.10	0.32	0.17	0.05	0.92	0.07	0.05	0.18	0.11	0.05	0.35	0.27	0.12	0.11	0.98	0.30	0.17	0.02	0.06
19G 1.00	0.07	0.01	0.02	0.01	0.00	1.00	0.01	0.00	0.01	0.01	0.00	0.03	0.02	0.01	0.01	0.14	0.02	0.01	0.00	0.00
20L 1.00	0.02	0.00	0.00	0.00	0.03	0.00	0.00	0.22	0.00	1.00	0.03	0.00	0.00	0.00	0.00	0.00	0.01	0.19	0.00	0.01
21T 1.00	0.21	0.05	0.02	0.04	0.09	0.02	0.01	0.76	0.04	1.00	0.12	0.02	0.05	0.03	0.03	0.04	0.47	0.91	0.01	0.03
22F 1.00	0.16	0.04	0.02	0.04	0.54	0.03	0.04	0.66	0.05	1.00	0.31	0.04	0.05	0.05	0.04	0.05	0.11	0.86	0.05	0.15
23G 1.00	0.00	0.00	0.00	0.00	0.00	1.00	0.00	0.00	0.00	0.00	0.00	0.00	0.00	0.00	0.00	0.00	0.00	0.00	0.00	0.00
24Y 1.00	0.00	0.00	0.00	0.00	0.00	0.00	0.00	0.00	0.00	0.00	0.00	0.00	0.00	0.00	0.00	0.00	0.00	0.00	0.00	1.00
25E 1.00	0.00	0.00	0.00	1.00	0.00	0.00	0.00	0.00	0.00	0.00	0.00	0.00	0.00	0.00	0.00	0.00	0.00	0.00	0.00	0.00
pos	A	C	D	E	F	G	H	I	K	L	M	N	P	Q	R	S	T	V	W	Y
26L 1.00	0.01	0.00	0.00	0.00	0.02	0.00	0.00	0.05	0.00	1.00	0.18	0.00	0.00	0.00	0.00	0.00	0.01	0.03	0.00	0.00
27A 1.00	0.49	0.02	0.02	0.02	0.01	1.00	0.00	0.01	0.02	0.02	0.01	0.02	0.04	0.01	0.01	0.31	0.03	0.03	0.00	0.01
28V 1.00	0.02	0.00	0.00	0.00	0.02	0.01	0.00	1.00	0.01	0.43	0.02	0.00	0.00	0.00	0.00	0.01	0.02	0.54	0.00	0.01
29I 1.00	0.00	0.00	0.00	0.00	0.00	0.00	0.00	1.00	0.00	0.00	0.00	0.00	0.00	0.00	0.00	0.00	0.00	0.00	0.00	0.00
30S 1.00	0.00	0.00	0.00	0.00	0.00	0.00	0.00	0.00	0.00	0.00	0.00	0.00	0.00	0.00	0.00	1.00	0.00	0.00	0.00	0.00
31G 1.00	0.00	0.00	0.00	0.00	0.00	1.00	0.00	0.00	0.00	0.00	0.00	0.00	0.00	0.00	0.00	0.00	0.00	0.00	0.00	0.00
32A 1.00	1.00	0.00	0.00	0.00	0.00	0.00	0.00	0.00	0.00	0.00	0.00	0.00	0.00	0.00	0.00	0.00	0.00	0.00	0.00	0.00
33L 1.00	0.00	0.00	0.00	0.00	0.00	0.00	0.00	0.00	0.00	1.00	0.00	0.00	0.00	0.00	0.00	0.00	0.00	0.00	0.00	0.00
34L 1.00	0.00	0.00	0.00	0.00	0.00	0.00	0.00	0.00	0.00	1.00	0.00	0.00	0.00	0.00	0.00	0.00	0.00	0.00	0.00	0.00
35P 1.00	0.79	0.13	0.28	0.50	0.26	0.26	0.19	0.59	0.56	0.84	0.26	0.26	0.30	0.47	0.41	0.43	0.55	1.00	0.06	0.25
36L 1.00	0.02	0.00	0.00	0.00	0.04	0.00	0.00	0.46	0.01	1.00	0.05	0.00	0.01	0.01	0.01	0.00	0.01	0.08	0.00	0.01
37Q 1.00	0.05	0.01	0.01	0.08	0.01	0.04	0.04	0.02	1.00	0.05	0.02	0.05	0.04	0.73	0.89	0.05	0.06	0.03	0.01	0.02
38L 1.00	0.35	0.05	0.25	0.26	0.05	0.15	0.07	0.11	0.26	0.16	0.06	0.27	0.15	0.18	0.16	0.77	1.00	0.16	0.02	0.06
39D 1.00	0.60	0.12	0.38	0.49	0.34	0.29	0.25	0.76	0.44	0.88	0.21	0.38	0.21	0.33	0.32	0.46	0.49	1.00	0.08	0.39
40F 1.00	0.05	0.02	0.01	0.02	0.98	0.02	0.02	0.12	0.01	1.00	0.06	0.01	0.02	0.02	0.02	0.03	0.03	0.09	0.12	0.63
41G 1.00	0.76	0.06	0.62	1.00	0.07	0.39	0.13	0.19	0.91	0.31	0.11	0.49	0.27	0.59	0.52	0.73	0.58	0.29	0.02	0.06
42L 1.00	0.00	0.00	0.00	0.00	0.00	0.00	0.00	0.00	0.00	1.00	0.00	0.00	0.00	0.00	0.00	0.00	0.00	0.00	0.00	0.00
43S 1.00	0.06	0.01	0.02	0.02	0.01	0.02	0.01	0.02	0.02	0.01	0.01	0.04	0.03	0.02	0.01	0.98	1.00	0.02	0.00	0.01
44C 1.00	0.00	1.00	0.00	0.00	0.00	0.00	0.00	0.00	0.00	0.00	0.00	0.00	0.00	0.00	0.00	0.00	0.00	0.00	0.00	0.00
45L 1.00	0.52	0.18	0.21	0.29	0.71	0.34	0.55	0.42	0.32	0.72	0.23	0.32	0.21	0.31	0.37	0.41	0.40	0.52	0.19	1.00
46E 1.00	0.02	0.00	0.05	1.00	0.00	0.01	0.01	0.00	0.02	0.01	0.00	0.01	0.01	0.14	0.01	0.01	0.01	0.01	0.00	0.00
47Q 1.00	0.00	0.00	0.00	0.00	0.00	0.00	0.00	0.00	0.00	0.00	0.00	0.00	0.00	1.00	0.00	0.00	0.00	0.00	0.00	0.00
48E 1.00	0.00	0.00	0.00	1.00	0.00	0.00	0.00	0.00	0.00	0.00	0.00	0.00	0.00	0.00	0.00	0.00	0.00	0.00	0.00	0.00
49F 1.00	0.34	0.06	0.06	0.09	0.37	0.09	0.14	0.44	0.10	1.00	0.44	0.09	0.07	0.21	0.10	0.12	0.14	0.29	0.06	0.25
50L 1.00	0.04	0.01	0.00	0.01	0.04	0.01	0.00	0.20	0.01	0.81	0.05	0.01	0.01	0.01	0.01	0.01	0.03	1.00	0.01	0.01
pos	A	C	D	E	F	G	H	I	K	L	M	N	P	Q	R	S	T	V	W	Y
51V 1.00	0.00	0.00	0.00	0.00	0.00	0.00	0.00	0.00	0.00	0.00	0.00	0.00	0.00	0.00	0.00	0.00	0.00	1.00	0.00	0.00
52G 1.00	0.81	0.08	0.26	0.14	0.04	0.82	0.06	0.04	0.14	0.09	0.04	0.28	0.22	0.10	0.09	1.00	0.25	0.14	0.02	0.05
53S 1.00	0.59	0.02	0.02	0.02	0.01	0.09	0.00	0.01	0.02	0.02	0.01	0.02	0.04	0.01	0.01	1.00	0.06	0.03	0.00	0.01
54L 1.00	0.02	0.01	0.00	0.00	0.03	0.00	0.00	0.10	0.01	1.00	0.04	0.00	0.01	0.01	0.01	0.01	0.02	0.30	0.00	0.01
55L 1.00	0.01	0.00	0.00	0.00	0.02	0.00	0.00	0.05	0.00	1.00	0.03	0.00	0.00	0.00	0.00	0.00	0.01	0.11	0.00	0.00
56L 1.00	0.04	0.01	0.01	0.01	0.35	0.01	0.01	0.76	0.01	1.00	0.12	0.01	0.02	0.02	0.01	0.01	0.03	0.19	0.01	0.03
57G 1.00	0.00	0.00	0.00	0.00	0.00	1.00	0.00	0.00	0.00	0.00	0.00	0.00	0.00	0.00	0.00	0.00	0.00	0.00	0.00	0.00
58A 1.00	1.00	0.00	0.00	0.00	0.00	0.00	0.00	0.00	0.00	0.00	0.00	0.00	0.00	0.00	0.00	0.00	0.00	0.00	0.00	0.00
59L 1.00	0.02	0.01	0.00	0.00	0.30	0.00	0.00	0.09	0.01	1.00	0.06	0.00	0.01	0.01	0.01	0.01	0.01	0.05	0.01	0.03
60L 1.00	0.01	0.00	0.00	0.00	0.02	0.00	0.00	0.06	0.00	1.00	0.03	0.00	0.00	0.01	0.00	0.00	0.01	0.16	0.00	0.00
61A 1.00	1.00	0.03	0.03	0.04	0.06	0.12	0.01	0.13	0.05	0.39	0.06	0.03	0.07	0.03	0.03	0.12	0.09	0.19	0.01	0.02
62S 1.00	0.00	0.00	0.00	0.00	0.00	0.00	0.00	0.00	0.00	0.00	0.00	0.00	0.00	0.00	0.00	1.00	0.00	0.00	0.00	0.00
63L 1.00	0.00	0.00	0.00	0.00	0.00	0.00	0.00	0.00	0.00	1.00	0.00	0.00	0.00	0.00	0.00	0.00	0.00	0.00	0.00	0.00
64V 1.00	0.07	0.02	0.03	0.03	0.08	0.08	0.02	1.00	0.04	0.35	0.07	0.03	0.02	0.02	0.03	0.06	0.14	0.96	0.01	0.06
65G 1.00	0.00	0.00	0.00	0.00	0.00	1.00	0.00	0.00	0.00	0.00	0.00	0.00	0.00	0.00	0.00	0.00	0.00	0.00	0.00	0.00
66G 1.00	0.00	0.00	0.00	0.00	0.00	1.00	0.00	0.00	0.00	0.00	0.00	0.00	0.00	0.00	0.00	0.00	0.00	0.00	0.00	0.00
67F 1.00	0.36	0.10	0.05	0.08	0.19	0.05	0.09	0.65	0.09	0.41	0.11	0.07	0.09	0.07	0.08	0.11	0.29	1.00	0.03	0.16
68L 1.00	0.02	0.01	0.00	0.00	0.04	0.00	0.00	0.55	0.01	1.00	0.05	0.00	0.01	0.01	0.01	0.01	0.01	0.09	0.01	0.01
69I 1.00	0.01	0.00	0.00	0.00	0.02	0.00	0.00	1.00	0.00	0.27	0.02	0.00	0.00	0.00	0.00	0.00	0.01	0.09	0.00	0.00
70D 1.00	0.00	0.00	1.00	0.00	0.00	0.00	0.00	0.00	0.00	0.00	0.00	0.00	0.00	0.00	0.00	0.00	0.00	0.00	0.00	0.00
71C 1.00	0.63	0.20	0.25	0.42	0.71	0.40	0.61	0.45	0.85	0.79	0.26	0.40	0.28	0.49	0.84	0.50	0.50	0.58	0.19	1.00
72Y 1.00	0.04	0.01	0.02	0.02	0.21	0.02	0.03	0.04	0.02	0.08	0.02	0.02	0.02	0.02	0.02	0.14	0.03	0.04	0.15	1.00
73G 1.00	0.00	0.00	0.00	0.00	0.00	1.00	0.00	0.00	0.00	0.00	0.00	0.00	0.00	0.00	0.00	0.00	0.00	0.00	0.00	0.00
74R 1.00	0.00	0.00	0.00	0.00	0.00	0.00	0.00	0.00	0.00	0.00	0.00	0.00	0.00	0.00	1.00	0.00	0.00	0.00	0.00	0.00
75K 1.00	0.01	0.00	0.00	0.02	0.00	0.01	0.01	0.01	0.19	0.01	0.00	0.01	0.01	0.03	1.00	0.01	0.01	0.01	0.00	0.01
pos	A	C	D	E	F	G	H	I	K	L	M	N	P	Q	R	S	T	V	W	Y
76Q 1.00	0.88	0.20	0.49	0.75	0.73	0.51	0.59	0.49	0.79	0.81	0.27	0.54	0.34	0.59	0.65	0.75	0.72	0.66	0.19	1.00
77A 1.00	1.00	0.02	0.03	0.03	0.01	0.06	0.01	0.02	0.03	0.02	0.01	0.04	0.04	0.02	0.02	0.31	0.55	0.04	0.00	0.01
78I 1.00	0.00	0.00	0.00	0.00	0.00	0.00	0.00	1.00	0.00	0.00	0.00	0.00	0.00	0.00	0.00	0.00	0.00	0.00	0.00	0.00
79L 1.00	0.03	0.01	0.00	0.01	0.07	0.01	0.00	1.00	0.01	0.84	0.23	0.01	0.01	0.01	0.01	0.01	0.02	0.13	0.01	0.01
80G 1.00	0.62	0.13	0.15	0.19	0.47	0.35	0.28	0.43	0.21	1.00	0.26	0.19	0.20	0.20	0.22	0.38	0.28	0.43	0.11	0.51
81S 1.00	0.04	0.01	0.01	0.01	0.00	0.01	0.00	0.01	0.01	0.01	0.00	0.02	0.02	0.01	0.01	1.00	0.45	0.02	0.00	0.00
82N 1.00	0.57	0.05	0.30	0.17	0.03	0.31	0.07	0.05	0.17	0.07	0.03	0.85	0.14	0.12	0.10	1.00	0.42	0.10	0.01	0.05
83L 1.00	0.39	0.22	0.03	0.06	0.16	0.03	0.04	0.56	0.07	1.00	0.19	0.04	0.08	0.06	0.05	0.08	0.23	0.73	0.02	0.07
84V 1.00	0.05	0.01	0.01	0.01	0.06	0.01	0.01	0.25	0.01	1.00	0.07	0.01	0.01	0.01	0.01	0.01	0.04	0.75	0.01	0.01
85L 1.00	0.12	0.18	0.01	0.02	0.06	0.01	0.01	0.26	0.02	1.00	0.08	0.01	0.03	0.02	0.02	0.02	0.08	0.54	0.01	0.02
86L 1.00	0.30	0.05	0.05	0.07	0.22	0.16	0.05	0.96	0.09	1.00	0.22	0.06	0.09	0.07	0.08	0.16	0.13	0.86	0.04	0.11
87A 1.00	0.21	0.03	0.02	0.03	0.24	0.04	0.03	0.33	0.04	1.00	0.20	0.03	0.04	0.05	0.04	0.05	0.07	0.23	0.03	0.09
88G 1.00	0.21	0.01	0.01	0.01	0.00	1.00	0.00	0.00	0.01	0.01	0.00	0.01	0.02	0.01	0.01	0.04	0.02	0.01	0.00	0.00
89S 1.00	0.04	0.01	0.03	0.01	0.00	0.02	0.01	0.01	0.02	0.01	0.01	0.17	0.02	0.01	0.01	1.00	0.33	0.02	0.00	0.01
90L 1.00	0.01	0.00	0.00	0.00	0.03	0.00	0.00	0.29	0.00	1.00	0.04	0.00	0.01	0.01	0.00	0.00	0.01	0.05	0.00	0.00
91T 1.00	0.06	0.02	0.01	0.01	0.04	0.01	0.00	0.99	0.02	0.61	0.04	0.01	0.01	0.01	0.01	0.02	0.21	1.00	0.01	0.02
92L 1.00	0.70	0.09	0.14	0.17	0.16	0.35	0.07	0.27	0.20	1.00	0.16	0.15	0.26	0.14	0.15	0.57	0.41	0.33	0.04	0.11
93G 1.00	0.05	0.01	0.01	0.01	0.07	0.05	0.00	1.00	0.02	0.34	0.06	0.01	0.01	0.01	0.02	0.03	0.05	0.92	0.01	0.03
94L 1.00	0.50	0.16	0.03	0.07	0.13	0.03	0.05	0.62	0.08	0.79	0.20	0.05	0.09	0.07	0.06	0.08	0.28	1.00	0.02	0.07
95A 1.00	0.63	0.09	0.15	0.17	0.06	0.19	0.05	0.23	0.19	0.20	0.08	0.20	0.19	0.13	0.12	0.82	1.00	0.53	0.02	0.05
96G 1.00	1.00	0.14	0.25	0.35	0.30	0.54	0.21	0.52	0.36	0.57	0.17	0.26	0.29	0.26	0.28	0.67	0.46	0.61	0.08	0.36
97S 1.00	0.03	0.00	0.01	0.01	0.00	0.01	0.00	0.01	0.01	0.01	0.00	0.02	0.01	0.01	0.01	1.00	0.20	0.01	0.00	0.00
98L 1.00	0.04	0.02	0.01	0.01	0.97	0.01	0.02	0.07	0.01	0.46	0.04	0.01	0.01	0.01	0.01	0.03	0.03	0.06	0.10	1.00
99A 1.00	1.00	0.13	0.24	0.29	0.23	0.55	0.19	0.18	0.31	0.30	0.11	0.26	0.30	0.23	0.24	0.75	0.59	0.31	0.08	0.31
100W 1.00	0.90	0.23	0.33	0.46	0.72	0.42	0.56	0.62	0.48	0.84	0.28	0.43	0.32	0.42	0.45	0.73	0.83	0.97	0.24	1.00
pos	A	C	D	E	F	G	H	I	K	L	M	N	P	Q	R	S	T	V	W	Y
101L 1.00	0.00	0.00	0.00	0.00	0.00	0.00	0.00	0.00	0.00	1.00	0.00	0.00	0.00	0.00	0.00	0.00	0.00	0.00	0.00	0.00
102V 1.00	0.01	0.00	0.00	0.00	0.02	0.01	0.00	1.00	0.01	0.26	0.02	0.00	0.00	0.00	0.00	0.01	0.02	0.75	0.00	0.01
103L 1.00	0.38	0.06	0.09	0.12	0.25	0.23	0.13	0.59	0.13	0.88	0.23	0.11	0.09	0.11	0.12	0.18	0.16	1.00	0.05	0.24
104G 1.00	0.00	0.00	0.00	0.00	0.00	1.00	0.00	0.00	0.00	0.00	0.00	0.00	0.00	0.00	0.00	0.00	0.00	0.00	0.00	0.00
105R 1.00	0.00	0.00	0.00	0.00	0.00	0.00	0.00	0.00	0.00	0.00	0.00	0.00	0.00	0.00	1.00	0.00	0.00	0.00	0.00	0.00
106A 1.00	0.25	0.03	0.01	0.02	0.06	0.01	0.01	1.00	0.02	0.49	0.28	0.01	0.02	0.02	0.02	0.02	0.09	0.98	0.01	0.02
107V 1.00	0.91	0.21	0.31	0.46	0.68	0.38	0.51	0.62	0.47	0.85	0.27	0.39	0.29	0.40	0.43	0.62	0.74	1.00	0.17	0.90
108V 1.00	0.02	0.00	0.00	0.00	0.02	0.00	0.00	1.00	0.01	0.08	0.02	0.00	0.00	0.00	0.00	0.01	0.02	0.92	0.00	0.01
109G 1.00	0.00	0.00	0.00	0.00	0.00	1.00	0.00	0.00	0.00	0.00	0.00	0.00	0.00	0.00	0.00	0.00	0.00	0.00	0.00	0.00
110F 1.00	0.16	0.04	0.02	0.04	0.54	0.03	0.04	0.66	0.05	1.00	0.31	0.04	0.05	0.05	0.04	0.05	0.11	0.86	0.05	0.15
111A 1.00	1.00	0.07	0.08	0.09	0.15	0.32	0.04	0.06	0.09	0.11	0.04	0.08	0.16	0.07	0.07	0.82	0.22	0.14	0.02	0.07
112I 1.00	0.01	0.00	0.00	0.00	0.01	0.00	0.00	1.00	0.00	0.05	0.01	0.00	0.00	0.00	0.00	0.00	0.01	0.27	0.00	0.00
113S 1.00	0.26	0.01	0.01	0.01	0.00	0.05	0.00	0.01	0.01	0.01	0.00	0.01	0.02	0.01	0.01	1.00	0.04	0.02	0.00	0.00
114L 1.00	0.01	0.00	0.00	0.00	0.03	0.00	0.00	0.29	0.00	1.00	0.04	0.00	0.01	0.01	0.00	0.00	0.01	0.05	0.00	0.00
115S 1.00	0.00	0.00	0.00	0.00	0.00	0.00	0.00	0.00	0.00	0.00	0.00	0.00	0.00	0.00	0.00	1.00	0.00	0.00	0.00	0.00
116S 1.00	0.46	0.03	0.04	0.04	0.01	0.35	0.01	0.02	0.04	0.03	0.02	0.04	0.08	0.03	0.03	1.00	0.07	0.05	0.00	0.01
117M 1.00	0.23	0.05	0.03	0.05	0.12	0.02	0.02	1.00	0.06	0.62	0.73	0.04	0.06	0.05	0.04	0.09	0.55	0.68	0.02	0.04
118A 1.00	1.00	0.00	0.00	0.00	0.00	0.00	0.00	0.00	0.00	0.00	0.00	0.00	0.00	0.00	0.00	0.00	0.00	0.00	0.00	0.00
119C 1.00	0.17	0.49	0.06	0.04	0.02	0.06	0.02	0.04	0.06	0.04	0.02	0.10	0.07	0.04	0.04	0.58	1.00	0.08	0.01	0.02
120C 1.00	0.00	1.00	0.00	0.00	0.00	0.00	0.00	0.00	0.00	0.00	0.00	0.00	0.00	0.00	0.00	0.00	0.00	0.00	0.00	0.00
121I 1.00	0.02	0.01	0.00	0.01	0.02	0.01	0.00	1.00	0.01	0.37	0.02	0.00	0.00	0.00	0.01	0.01	0.02	0.98	0.00	0.01
122Y 1.00	0.00	0.00	0.00	0.00	0.00	0.00	0.00	0.00	0.00	0.00	0.00	0.00	0.00	0.00	0.00	0.00	0.00	0.00	0.00	1.00
123V 1.00	0.31	0.02	0.01	0.02	0.03	0.01	0.00	0.90	0.02	0.14	0.03	0.01	0.02	0.01	0.01	0.02	0.07	1.00	0.00	0.01
124S 1.00	1.00	0.02	0.02	0.02	0.01	0.08	0.00	0.01	0.02	0.02	0.01	0.02	0.04	0.01	0.01	0.72	0.05	0.03	0.00	0.01
125E 1.00	0.00	0.00	0.00	1.00	0.00	0.00	0.00	0.00	0.00	0.00	0.00	0.00	0.00	0.00	0.00	0.00	0.00	0.00	0.00	0.00
pos	A	C	D	E	F	G	H	I	K	L	M	N	P	Q	R	S	T	V	W	Y
126L 1.00	0.02	0.01	0.00	0.00	0.03	0.01	0.00	1.00	0.01	0.60	0.03	0.00	0.00	0.00	0.01	0.01	0.02	0.47	0.00	0.01
127V 1.00	1.00	0.05	0.04	0.06	0.03	0.18	0.01	0.12	0.06	0.11	0.04	0.04	0.11	0.04	0.04	0.34	0.16	0.79	0.01	0.02
128G 1.00	1.00	0.10	0.35	0.37	0.08	0.77	0.16	0.10	0.81	0.22	0.08	0.42	0.58	0.35	0.73	0.65	0.34	0.22	0.04	0.12
129P 1.00	1.00	0.08	0.32	0.55	0.06	0.44	0.07	0.10	0.37	0.16	0.06	0.18	0.71	0.70	0.24	0.48	0.29	0.23	0.02	0.06
130R 1.00	0.88	0.12	0.98	1.00	0.32	0.61	0.90	0.27	0.91	0.45	0.16	0.81	0.33	0.59	0.85	0.76	0.57	0.37	0.09	0.46
131Q 1.00	0.15	0.02	0.04	0.21	0.04	0.11	0.13	0.06	1.00	0.15	0.05	0.14	0.11	0.55	0.95	0.13	0.16	0.09	0.10	0.07
132R 1.00	0.00	0.00	0.00	0.00	0.00	0.00	0.00	0.00	0.00	0.00	0.00	0.00	0.00	0.00	1.00	0.00	0.00	0.00	0.00	0.00
133G 1.00	0.00	0.00	0.00	0.00	0.00	1.00	0.00	0.00	0.00	0.00	0.00	0.00	0.00	0.00	0.00	0.00	0.00	0.00	0.00	0.00
134V 1.00	0.35	0.08	0.08	0.14	0.23	0.09	0.11	0.56	0.16	1.00	0.35	0.10	0.10	0.12	0.24	0.15	0.33	0.89	0.05	0.19
135L 1.00	0.04	0.14	0.00	0.01	0.05	0.01	0.01	0.09	0.01	1.00	0.05	0.01	0.01	0.01	0.01	0.01	0.02	0.07	0.01	0.01
136V 1.00	0.00	0.00	0.00	0.00	0.00	0.00	0.00	0.00	0.00	0.00	0.00	0.00	0.00	0.00	0.00	0.00	0.00	1.00	0.00	0.00
137S 1.00	0.25	0.17	0.05	0.03	0.02	0.14	0.01	0.02	0.04	0.04	0.02	0.06	0.07	0.03	0.03	1.00	0.19	0.06	0.01	0.02
138L 1.00	0.02	0.00	0.00	0.00	0.03	0.00	0.00	0.08	0.01	1.00	0.03	0.00	0.01	0.01	0.00	0.00	0.01	0.21	0.00	0.01
139Y 1.00	0.29	0.08	0.84	0.32	0.16	0.64	0.27	0.10	0.35	0.18	0.06	1.00	0.19	0.23	0.24	0.54	0.29	0.13	0.05	0.28
140E 1.00	0.00	0.00	0.00	1.00	0.00	0.00	0.00	0.00	0.00	0.00	0.00	0.00	0.00	0.00	0.00	0.00	0.00	0.00	0.00	0.00
141A 1.00	0.51	0.08	0.03	0.07	0.08	0.02	0.03	0.44	0.08	1.00	0.11	0.04	0.09	0.06	0.05	0.09	0.52	0.97	0.01	0.04
142G 1.00	1.00	0.11	0.18	0.16	0.11	0.60	0.06	0.16	0.19	0.38	0.11	0.18	0.27	0.12	0.15	0.54	0.23	0.23	0.03	0.08
143I 1.00	0.01	0.00	0.00	0.00	0.01	0.00	0.00	1.00	0.00	0.05	0.01	0.00	0.00	0.00	0.00	0.00	0.01	0.27	0.00	0.00
144T 1.00	0.19	0.04	0.02	0.03	0.03	0.02	0.01	0.22	0.04	0.14	0.04	0.03	0.05	0.03	0.02	0.09	0.64	1.00	0.01	0.01
145V 1.00	0.29	0.03	0.01	0.02	0.03	0.00	0.01	0.59	0.02	0.35	0.04	0.01	0.03	0.02	0.02	0.02	0.21	1.00	0.00	0.01
146G 1.00	0.00	0.00	0.00	0.00	0.00	1.00	0.00	0.00	0.00	0.00	0.00	0.00	0.00	0.00	0.00	0.00	0.00	0.00	0.00	0.00
147I 1.00	0.01	0.00	0.00	0.00	0.02	0.00	0.00	1.00	0.00	0.12	0.19	0.00	0.00	0.00	0.00	0.00	0.01	0.10	0.00	0.01
148L 1.00	0.00	0.00	0.00	0.00	0.00	0.00	0.00	0.00	0.00	1.00	0.00	0.00	0.00	0.00	0.00	0.00	0.00	0.00	0.00	0.00
149L 1.00	0.11	0.03	0.03	0.04	0.33	0.04	0.06	0.48	0.05	1.00	0.19	0.04	0.04	0.05	0.05	0.11	0.08	0.30	0.04	0.13
150S 1.00	1.00	0.06	0.06	0.06	0.02	0.47	0.01	0.03	0.07	0.06	0.03	0.06	0.14	0.05	0.05	0.72	0.12	0.09	0.01	0.02
pos	A	C	D	E	F	G	H	I	K	L	M	N	P	Q	R	S	T	V	W	Y
151Y 1.00	0.01	0.00	0.00	0.00	0.28	0.00	0.00	0.01	0.00	0.03	0.01	0.00	0.00	0.00	0.00	0.00	0.00	0.01	0.03	1.00
152A 1.00	1.00	0.10	0.11	0.14	0.08	0.54	0.05	0.17	0.14	0.19	0.07	0.10	0.25	0.10	0.11	0.51	0.21	0.27	0.02	0.07
153L 1.00	0.31	0.08	0.07	0.11	0.28	0.13	0.12	0.40	0.12	1.00	0.26	0.10	0.10	0.11	0.11	0.25	0.24	0.39	0.05	0.21
154N 1.00	0.02	0.00	0.06	0.02	0.00	0.05	0.01	0.00	0.02	0.01	0.00	1.00	0.01	0.01	0.01	0.21	0.03	0.01	0.00	0.01
155Y 1.00	0.01	0.00	0.00	0.00	0.14	0.00	0.00	0.01	0.00	0.03	0.01	0.00	0.00	0.00	0.00	0.01	0.00	0.01	0.19	1.00
156A 1.00	0.41	0.09	0.05	0.10	0.30	0.08	0.10	0.60	0.10	1.00	0.24	0.08	0.10	0.10	0.09	0.13	0.25	0.77	0.05	0.21
157L 1.00	0.04	0.01	0.01	0.01	0.92	0.01	0.01	0.15	0.01	1.00	0.10	0.01	0.01	0.02	0.01	0.01	0.02	0.09	0.03	0.10
158A 1.00	1.00	0.01	0.01	0.01	0.00	0.05	0.00	0.01	0.01	0.01	0.00	0.01	0.02	0.01	0.01	0.29	0.03	0.02	0.00	0.00
159G 1.00	0.37	0.02	0.18	0.09	0.02	1.00	0.04	0.02	0.09	0.03	0.01	0.73	0.07	0.06	0.05	0.37	0.09	0.04	0.01	0.03
160T 1.00	0.12	0.03	0.01	0.02	0.03	0.01	0.01	0.44	0.03	0.14	0.03	0.02	0.03	0.02	0.02	0.17	0.23	1.00	0.00	0.01
161P 1.00	0.70	0.14	0.76	0.48	0.34	0.67	0.36	0.24	0.49	0.38	0.14	0.94	0.36	0.36	0.35	1.00	0.84	0.34	0.09	0.47
162W 1.00	0.43	0.09	1.00	0.72	0.22	0.65	0.33	0.15	0.46	0.25	0.09	0.99	0.23	0.36	0.28	0.61	0.35	0.20	0.08	0.34
163G 1.00	0.07	0.01	0.02	0.01	0.00	1.00	0.01	0.00	0.01	0.01	0.00	0.03	0.02	0.01	0.01	0.16	0.02	0.01	0.00	0.00
164W 1.00	0.00	0.00	0.00	0.00	0.00	0.00	0.00	0.00	0.00	0.00	0.00	0.00	0.00	0.00	0.00	0.00	0.00	0.00	1.00	0.00
165R 1.00	0.02	0.00	0.00	0.03	0.00	0.02	0.02	0.01	1.00	0.02	0.01	0.02	0.02	0.05	0.62	0.02	0.02	0.01	0.00	0.01
166H 1.00	0.05	0.02	0.02	0.03	0.29	0.04	0.37	0.04	0.03	0.07	0.02	0.03	0.02	0.03	0.04	0.04	0.04	0.05	0.02	1.00
167M 1.00	0.07	0.01	0.02	0.02	0.03	0.02	0.01	0.06	0.03	0.12	1.00	0.02	0.02	0.02	0.02	0.07	0.27	0.09	0.01	0.01
168F 1.00	0.00	0.00	0.00	0.00	1.00	0.00	0.00	0.00	0.00	0.00	0.00	0.00	0.00	0.00	0.00	0.00	0.00	0.00	0.00	0.00
169G 1.00	0.00	0.00	0.00	0.00	0.00	1.00	0.00	0.00	0.00	0.00	0.00	0.00	0.00	0.00	0.00	0.00	0.00	0.00	0.00	0.00
170W 1.00	0.26	0.06	0.07	0.09	0.31	0.16	0.11	0.36	0.12	1.00	0.22	0.10	0.09	0.10	0.12	0.15	0.13	0.27	0.09	0.23
171A 1.00	0.76	0.06	0.02	0.05	0.04	0.01	0.01	0.51	0.05	0.26	0.07	0.02	0.06	0.03	0.03	0.05	0.21	1.00	0.01	0.02
172T 1.00	0.40	0.06	0.02	0.05	0.07	0.02	0.02	1.00	0.06	0.53	0.09	0.03	0.06	0.04	0.04	0.07	0.45	0.69	0.01	0.03
173A 1.00	0.47	0.09	0.04	0.09	0.09	0.02	0.04	0.52	0.09	0.45	0.12	0.05	0.12	0.07	0.06	0.09	0.32	1.00	0.02	0.05
174P 1.00	0.25	0.04	0.05	0.07	0.20	0.11	0.03	0.37	0.09	1.00	0.22	0.05	0.10	0.07	0.08	0.11	0.12	0.30	0.03	0.05
175A 1.00	1.00	0.02	0.02	0.02	0.01	0.47	0.00	0.01	0.02	0.02	0.01	0.02	0.04	0.01	0.01	0.09	0.03	0.03	0.00	0.01
pos	A	C	D	E	F	G	H	I	K	L	M	N	P	Q	R	S	T	V	W	Y
176V 1.00	0.52	0.05	0.01	0.04	0.06	0.01	0.01	0.53	0.04	0.59	0.08	0.02	0.05	0.03	0.02	0.04	0.16	1.00	0.01	0.02
177L 1.00	0.02	0.00	0.00	0.00	0.27	0.00	0.00	0.08	0.01	1.00	0.05	0.00	0.01	0.01	0.01	0.01	0.01	0.05	0.01	0.03
178Q 1.00	0.00	0.00	0.00	0.00	0.00	0.00	0.00	0.00	0.00	0.00	0.00	0.00	0.00	1.00	0.00	0.00	0.00	0.00	0.00	0.00
179S 1.00	1.00	0.10	0.11	0.13	0.18	0.45	0.07	0.10	0.13	0.17	0.06	0.11	0.22	0.10	0.10	0.55	0.28	0.21	0.03	0.13
180L 1.00	0.02	0.01	0.00	0.01	0.04	0.01	0.00	1.00	0.01	0.53	0.25	0.01	0.01	0.01	0.01	0.01	0.02	0.42	0.00	0.01
181S 1.00	1.00	0.05	0.07	0.09	0.03	0.25	0.02	0.06	0.09	0.08	0.03	0.06	0.30	0.06	0.06	0.67	0.18	0.27	0.01	0.02
182L 1.00	0.03	0.01	0.00	0.01	0.07	0.01	0.01	0.49	0.01	1.00	0.77	0.01	0.01	0.01	0.01	0.01	0.02	0.10	0.01	0.01
183L 1.00	0.07	0.03	0.02	0.03	1.00	0.03	0.03	0.14	0.02	0.74	0.08	0.02	0.03	0.02	0.02	0.05	0.05	0.12	0.17	0.97
184F 1.00	0.01	0.00	0.00	0.00	1.00	0.00	0.00	0.04	0.00	0.22	0.02	0.00	0.00	0.00	0.00	0.00	0.01	0.02	0.02	0.06
185L 1.00	0.00	0.00	0.00	0.00	0.00	0.00	0.00	0.00	0.00	1.00	0.00	0.00	0.00	0.00	0.00	0.00	0.00	0.00	0.00	0.00
186P 1.00	0.32	0.05	0.06	0.09	0.16	0.16	0.03	0.29	0.12	0.88	0.17	0.06	1.00	0.08	0.10	0.16	0.14	0.28	0.03	0.06
187A 1.00	1.00	0.07	0.36	0.58	0.07	0.36	0.10	0.14	0.83	0.23	0.20	0.31	0.23	0.37	0.38	0.75	0.45	0.25	0.02	0.07
188G 1.00	0.24	0.02	0.22	0.32	0.03	0.63	0.11	0.06	1.00	0.13	0.04	0.26	0.13	0.42	0.55	0.23	0.18	0.09	0.02	0.06
189T 1.00	0.66	0.19	0.34	0.49	0.71	0.41	0.56	0.43	0.49	0.71	0.24	0.41	0.26	0.42	0.46	0.56	0.51	0.56	0.19	1.00
190D 1.00	0.28	0.02	0.64	1.00	0.03	0.14	0.34	0.07	0.35	0.11	0.04	0.19	0.12	0.45	0.39	0.25	0.20	0.10	0.01	0.03
191E 1.00	0.08	0.00	0.30	1.00	0.01	0.16	0.03	0.01	0.08	0.02	0.01	0.08	0.05	0.09	0.03	0.06	0.04	0.02	0.00	0.01
192T 1.00	0.79	0.06	0.63	1.00	0.06	0.43	0.13	0.19	0.97	0.31	0.11	0.50	0.28	0.64	0.53	0.78	0.69	0.29	0.02	0.05
193A 1.00	0.26	0.01	0.53	1.00	0.02	0.12	0.05	0.03	0.24	0.06	0.02	0.13	0.13	0.26	0.08	0.16	0.12	0.06	0.01	0.03
194T 1.00	0.67	0.05	0.10	0.11	0.03	0.10	0.03	0.22	0.12	0.11	0.04	0.13	0.11	0.09	0.08	0.59	1.00	0.23	0.01	0.04
195H 1.00	0.76	0.09	0.95	0.95	0.12	0.63	0.25	0.20	0.88	0.32	0.11	0.93	0.33	0.58	0.51	1.00	0.80	0.30	0.04	0.16
196K 1.00	0.60	0.03	0.56	1.00	0.03	0.25	0.09	0.12	0.86	0.19	0.07	0.41	0.19	0.40	0.33	0.47	0.36	0.18	0.01	0.03
197D 1.00	0.65	0.05	0.62	1.00	0.06	0.34	0.12	0.16	0.77	0.26	0.09	0.43	0.24	0.52	0.43	0.62	0.49	0.25	0.02	0.05
198L 1.00	0.02	0.00	0.00	0.00	0.27	0.00	0.00	0.08	0.01	1.00	0.05	0.00	0.01	0.01	0.01	0.01	0.01	0.05	0.01	0.03
199I 1.00	0.20	0.05	0.08	0.11	0.20	0.14	0.09	1.00	0.13	0.70	0.15	0.10	0.07	0.09	0.11	0.18	0.26	0.86	0.04	0.17
200P 1.00	0.79	0.07	0.61	1.00	0.10	0.39	0.16	0.23	0.94	0.36	0.12	0.50	0.29	0.59	0.56	0.73	0.59	0.36	0.03	0.11
pos	A	C	D	E	F	G	H	I	K	L	M	N	P	Q	R	S	T	V	W	Y
201L 1.00	0.02	0.00	0.00	0.00	0.04	0.00	0.00	0.41	0.01	1.00	0.04	0.00	0.01	0.01	0.01	0.00	0.01	0.07	0.00	0.01
202Q 1.00	0.12	0.01	0.08	0.61	0.02	0.07	0.06	0.04	1.00	0.08	0.03	0.09	0.07	0.62	0.93	0.11	0.11	0.05	0.01	0.03
203G 1.00	1.00	0.03	0.05	0.06	0.01	0.54	0.01	0.02	0.06	0.04	0.02	0.05	0.08	0.04	0.04	0.70	0.31	0.06	0.01	0.01
204G 1.00	0.29	0.04	0.70	0.32	0.03	1.00	0.11	0.05	0.30	0.09	0.03	0.55	0.13	0.19	0.32	0.76	0.22	0.08	0.01	0.06
205E 1.00	0.79	0.07	0.61	1.00	0.12	0.39	0.17	0.25	0.92	0.38	0.13	0.50	0.28	0.59	0.55	0.73	0.60	0.37	0.03	0.13
206A 1.00	0.96	0.05	0.27	0.40	0.04	0.22	0.07	0.11	0.78	0.15	0.06	0.26	0.17	0.25	0.24	0.77	1.00	0.18	0.02	0.04
207P 1.00	0.75	0.05	0.63	1.00	0.06	0.39	0.12	0.19	0.91	0.30	0.10	0.48	0.28	0.58	0.51	0.73	0.56	0.28	0.02	0.05
208K 1.00	0.07	0.01	0.06	1.00	0.01	0.04	0.04	0.02	0.56	0.05	0.02	0.05	0.04	0.11	0.41	0.06	0.06	0.03	0.01	0.02
209L 1.00	0.31	0.11	0.12	0.16	0.90	0.19	0.30	0.33	0.17	0.81	0.19	0.17	0.17	0.17	0.20	0.24	0.23	0.35	0.19	1.00
210G 0.70	0.96	0.06	0.46	0.70	0.06	0.71	0.11	0.15	1.00	0.24	0.09	0.38	0.25	0.43	0.42	0.64	0.68	0.24	0.02	0.07
211P 0.70	0.55	0.08	0.28	0.51	0.29	0.26	0.21	0.45	0.80	1.00	0.27	0.30	0.24	0.42	0.60	0.42	0.42	0.49	0.07	0.25
212G 0.70	0.98	0.11	1.00	0.89	0.13	0.86	0.23	0.18	0.61	0.27	0.10	0.85	0.36	0.44	0.35	0.87	0.50	0.31	0.04	0.19
213R 0.70	0.70	0.05	0.64	1.00	0.05	0.33	0.11	0.16	0.84	0.26	0.09	0.43	0.25	0.53	0.48	0.63	0.50	0.25	0.02	0.04
214P 0.70	0.46	0.06	0.31	0.60	0.16	0.26	0.22	0.18	1.00	0.31	0.11	0.32	0.22	0.48	0.76	0.41	0.37	0.24	0.05	0.24
215R 1.00	0.03	0.00	0.01	0.05	0.01	0.02	0.02	0.01	0.18	0.03	0.01	0.03	0.02	1.00	0.47	0.03	0.03	0.02	0.00	0.01
216Y 1.00	0.03	0.01	0.02	0.02	0.03	0.03	0.20	0.02	0.03	0.03	0.01	0.03	0.01	0.02	0.03	0.03	0.02	0.03	0.01	1.00
217S 1.00	0.25	0.03	0.17	0.19	0.02	0.32	0.04	0.05	0.33	0.07	0.03	0.18	0.10	0.13	0.12	1.00	0.63	0.09	0.01	0.03
218F 1.00	0.00	0.00	0.00	0.00	1.00	0.00	0.00	0.00	0.00	0.00	0.00	0.00	0.00	0.00	0.00	0.00	0.00	0.00	0.00	0.00
219L 1.00	0.06	0.02	0.01	0.02	0.26	0.02	0.01	0.24	0.02	1.00	0.15	0.01	0.03	0.03	0.02	0.02	0.04	0.14	0.18	0.14
220D 1.00	0.00	0.00	1.00	0.00	0.00	0.00	0.00	0.00	0.00	0.00	0.00	0.00	0.00	0.00	0.00	0.00	0.00	0.00	0.00	0.00
221L 1.00	0.00	0.00	0.00	0.00	0.00	0.00	0.00	0.00	0.00	1.00	0.00	0.00	0.00	0.00	0.00	0.00	0.00	0.00	0.00	0.00
222F 1.00	0.00	0.00	0.00	0.00	1.00	0.00	0.00	0.00	0.00	0.00	0.00	0.00	0.00	0.00	0.00	0.00	0.00	0.00	0.00	0.00
223R 1.00	0.13	0.10	0.05	0.13	0.03	0.09	0.08	0.05	0.50	0.10	0.03	0.10	0.07	0.30	1.00	0.11	0.11	0.07	0.02	0.06
224A 1.00	0.38	0.01	0.01	0.01	0.01	0.06	0.00	0.01	0.02	0.01	0.01	0.02	0.03	0.01	0.01	1.00	0.05	0.02	0.00	0.00
225R 1.00	0.03	0.00	0.01	0.04	0.01	0.02	0.03	0.01	1.00	0.03	0.01	0.03	0.02	0.24	0.73	0.03	0.03	0.02	0.00	0.01
pos	A	C	D	E	F	G	H	I	K	L	M	N	P	Q	R	S	T	V	W	Y
226D 1.00	0.00	0.00	1.00	0.00	0.00	0.00	0.00	0.00	0.00	0.00	0.00	0.00	0.00	0.00	0.00	0.00	0.00	0.00	0.00	0.00
227N 1.00	0.03	0.01	0.11	0.04	0.01	0.20	0.02	0.00	0.03	0.01	0.00	1.00	0.02	0.02	0.02	0.07	0.03	0.01	0.00	0.01
228M 1.00	0.00	0.00	0.00	0.00	0.00	0.00	0.00	0.00	0.00	0.00	1.00	0.00	0.00	0.00	0.00	0.00	0.00	0.00	0.00	0.00
229R 1.00	0.24	0.05	0.06	0.21	0.21	0.14	0.18	0.28	0.79	0.77	0.18	0.16	0.13	0.31	1.00	0.17	0.21	0.25	0.10	0.21
230G 1.00	0.61	0.05	0.30	0.44	0.04	0.35	0.07	0.10	0.42	0.16	0.06	0.27	0.18	0.41	0.24	0.68	1.00	0.17	0.02	0.05
231R 1.00	0.00	0.00	0.00	0.00	0.00	0.00	0.00	0.00	0.00	0.00	0.00	0.00	0.00	0.00	1.00	0.00	0.00	0.00	0.00	0.00
232T 1.00	0.24	0.05	0.03	0.05	0.18	0.03	0.02	0.84	0.06	1.00	0.22	0.04	0.07	0.05	0.05	0.08	0.22	0.90	0.02	0.05
233T 1.00	0.06	0.01	0.01	0.01	0.06	0.01	0.01	0.17	0.02	1.00	0.36	0.01	0.02	0.02	0.01	0.02	0.17	0.32	0.01	0.01
234V 1.00	0.02	0.01	0.00	0.01	0.03	0.01	0.00	1.00	0.01	0.47	0.03	0.00	0.00	0.00	0.01	0.01	0.02	0.90	0.00	0.01
235G 1.00	0.00	0.00	0.00	0.00	0.00	1.00	0.00	0.00	0.00	0.00	0.00	0.00	0.00	0.00	0.00	0.00	0.00	0.00	0.00	0.00
236L 1.00	0.20	0.01	0.01	0.01	0.05	0.02	0.01	0.10	0.01	1.00	0.06	0.01	0.02	0.01	0.01	0.03	0.03	0.08	0.01	0.01
237G 1.00	1.00	0.09	0.12	0.12	0.04	0.86	0.03	0.05	0.13	0.10	0.04	0.13	0.22	0.09	0.09	0.54	0.70	0.15	0.02	0.04
238L 1.00	0.00	0.00	0.00	0.00	0.00	0.00	0.00	0.00	0.00	1.00	0.00	0.00	0.00	0.00	0.00	0.00	0.00	0.00	0.00	0.00
239V 1.00	0.10	0.02	0.01	0.02	0.01	0.04	0.01	0.09	0.02	0.05	0.02	0.01	0.03	0.01	0.01	0.16	0.07	1.00	0.00	0.01
240L 1.00	0.04	0.01	0.01	0.01	0.92	0.01	0.01	0.15	0.01	1.00	0.10	0.01	0.01	0.02	0.01	0.01	0.02	0.09	0.03	0.10
241F 1.00	0.01	0.00	0.00	0.00	1.00	0.00	0.00	0.05	0.00	0.29	0.03	0.00	0.00	0.00	0.00	0.01	0.01	0.03	0.02	0.06
242Q 1.00	0.62	0.10	0.15	0.30	0.12	0.15	0.08	0.56	0.35	0.58	0.16	0.13	0.18	0.21	0.26	0.24	0.41	1.00	0.03	0.07
243Q 1.00	0.00	0.00	0.00	0.00	0.00	0.00	0.00	0.00	0.00	0.00	0.00	0.00	0.00	1.00	0.00	0.00	0.00	0.00	0.00	0.00
244L 1.00	0.41	0.07	0.05	0.09	0.46	0.08	0.12	0.86	0.09	1.00	0.19	0.08	0.08	0.09	0.09	0.11	0.27	0.60	0.05	0.22
245T 1.00	0.00	0.00	0.00	0.00	0.00	0.00	0.00	0.00	0.00	0.00	0.00	0.00	0.00	0.00	0.00	0.00	1.00	0.00	0.00	0.00
246G 1.00	0.00	0.00	0.00	0.00	0.00	1.00	0.00	0.00	0.00	0.00	0.00	0.00	0.00	0.00	0.00	0.00	0.00	0.00	0.00	0.00
247Q 1.00	0.00	0.00	0.00	0.00	0.00	0.00	0.00	0.00	0.00	0.00	0.00	0.00	0.00	1.00	0.00	0.00	0.00	0.00	0.00	0.00
248P 1.00	0.00	0.00	0.00	0.00	0.00	0.00	0.00	0.00	0.00	0.00	0.00	0.00	1.00	0.00	0.00	0.00	0.00	0.00	0.00	0.00
249N 1.00	0.00	0.00	0.00	0.00	0.00	0.00	0.00	0.00	0.00	0.00	0.00	1.00	0.00	0.00	0.00	0.00	0.00	0.00	0.00	0.00
250V 1.00	0.02	0.00	0.00	0.00	0.01	0.00	0.00	1.00	0.00	0.08	0.01	0.00	0.00	0.00	0.00	0.00	0.02	0.79	0.00	0.01
pos	A	C	D	E	F	G	H	I	K	L	M	N	P	Q	R	S	T	V	W	Y
251L 1.00	0.00	0.00	0.00	0.00	0.00	0.00	0.00	0.00	0.00	1.00	0.00	0.00	0.00	0.00	0.00	0.00	0.00	0.00	0.00	0.00
252C 1.00	0.43	0.20	0.11	0.14	0.97	0.18	0.28	0.22	0.15	0.38	0.12	0.16	0.11	0.15	0.18	0.22	0.21	0.28	0.13	1.00
253Y 1.00	0.00	0.00	0.00	0.00	0.00	0.00	0.00	0.00	0.00	0.00	0.00	0.00	0.00	0.00	0.00	0.00	0.00	0.00	0.00	1.00
254A 1.00	1.00	0.00	0.00	0.00	0.00	0.00	0.00	0.00	0.00	0.00	0.00	0.00	0.00	0.00	0.00	0.00	0.00	0.00	0.00	0.00
255S 1.00	0.00	0.00	0.00	0.00	0.00	0.00	0.00	0.00	0.00	0.00	0.00	0.00	0.00	0.00	0.00	1.00	0.00	0.00	0.00	0.00
256T 1.00	0.00	0.00	0.00	0.00	0.00	0.00	0.00	0.00	0.00	0.00	0.00	0.00	0.00	0.00	0.00	0.00	1.00	0.00	0.00	0.00
257I 1.00	0.02	0.00	0.00	0.00	0.01	0.00	0.00	0.80	0.01	0.08	0.01	0.00	0.00	0.00	0.00	0.01	0.02	1.00	0.00	0.01
258F 1.00	0.04	0.01	0.01	0.01	0.55	0.01	0.01	0.17	0.01	1.00	0.11	0.01	0.02	0.02	0.01	0.01	0.02	0.10	0.03	0.09
259S 1.00	0.12	0.01	0.07	0.16	0.02	0.07	0.06	0.04	1.00	0.08	0.03	0.10	0.06	0.31	0.63	0.46	0.11	0.05	0.01	0.03
260S 1.00	0.00	0.00	0.00	0.00	0.00	0.00	0.00	0.00	0.00	0.00	0.00	0.00	0.00	0.00	0.00	1.00	0.00	0.00	0.00	0.00
261V 1.00	0.00	0.00	0.00	0.00	0.00	0.00	0.00	0.00	0.00	0.00	0.00	0.00	0.00	0.00	0.00	0.00	0.00	1.00	0.00	0.00
262G 1.00	0.00	0.00	0.00	0.00	0.00	1.00	0.00	0.00	0.00	0.00	0.00	0.00	0.00	0.00	0.00	0.00	0.00	0.00	0.00	0.00
263F 1.00	0.00	0.00	0.00	0.00	1.00	0.00	0.00	0.00	0.00	0.00	0.00	0.00	0.00	0.00	0.00	0.00	0.00	0.00	0.00	0.00
264H 1.00	0.08	0.01	0.13	0.16	0.03	0.09	0.58	0.03	0.26	0.06	0.02	0.12	0.05	1.00	0.20	0.09	0.07	0.04	0.01	0.04
265G 1.00	0.81	0.08	0.26	0.14	0.04	0.82	0.06	0.04	0.14	0.09	0.04	0.28	0.22	0.10	0.09	1.00	0.25	0.14	0.02	0.05
266G 1.00	0.13	0.02	0.36	0.12	0.02	0.46	0.08	0.02	0.12	0.03	0.01	1.00	0.07	0.08	0.07	0.26	0.24	0.03	0.01	0.04
267S 1.00	0.24	0.02	0.35	1.00	0.02	0.15	0.05	0.03	0.18	0.05	0.02	0.15	0.11	0.17	0.08	0.54	0.17	0.06	0.01	0.03
268S 1.00	1.00	0.02	0.02	0.02	0.01	0.08	0.00	0.01	0.02	0.02	0.01	0.02	0.04	0.01	0.01	0.72	0.05	0.03	0.00	0.01
269A 1.00	1.00	0.00	0.00	0.00	0.00	0.00	0.00	0.00	0.00	0.00	0.00	0.00	0.00	0.00	0.00	0.00	0.00	0.00	0.00	0.00
270V 1.00	0.37	0.07	0.11	0.09	0.04	0.10	0.04	0.18	0.12	0.14	0.06	0.17	0.14	0.09	0.08	0.79	1.00	0.41	0.02	0.04
271L 1.00	0.00	0.00	0.00	0.00	0.00	0.00	0.00	0.00	0.00	1.00	0.00	0.00	0.00	0.00	0.00	0.00	0.00	0.00	0.00	0.00
272A 1.00	1.00	0.00	0.00	0.00	0.00	0.00	0.00	0.00	0.00	0.00	0.00	0.00	0.00	0.00	0.00	0.00	0.00	0.00	0.00	0.00
273S 1.00	0.00	0.00	0.00	0.00	0.00	0.00	0.00	0.00	0.00	0.00	0.00	0.00	0.00	0.00	0.00	1.00	0.00	0.00	0.00	0.00
274V 1.00	0.23	0.04	0.02	0.04	0.03	0.02	0.01	0.24	0.05	0.16	0.05	0.04	0.06	0.03	0.03	0.13	0.99	1.00	0.01	0.01
275G 1.00	0.00	0.00	0.00	0.00	0.00	1.00	0.00	0.00	0.00	0.00	0.00	0.00	0.00	0.00	0.00	0.00	0.00	0.00	0.00	0.00
pos	A	C	D	E	F	G	H	I	K	L	M	N	P	Q	R	S	T	V	W	Y
276L 1.00	0.05	0.01	0.01	0.01	0.27	0.01	0.01	0.66	0.02	1.00	0.10	0.01	0.01	0.02	0.02	0.02	0.04	0.85	0.01	0.03
277G 1.00	0.00	0.00	0.00	0.00	0.00	1.00	0.00	0.00	0.00	0.00	0.00	0.00	0.00	0.00	0.00	0.00	0.00	0.00	0.00	0.00
278A 1.00	0.21	0.02	0.01	0.02	0.01	0.01	0.00	0.10	0.02	0.07	0.02	0.01	0.02	0.01	0.01	0.03	0.19	1.00	0.00	0.00
279V 1.00	0.00	0.00	0.00	0.00	0.00	0.00	0.00	0.00	0.00	0.00	0.00	0.00	0.00	0.00	0.00	0.00	0.00	1.00	0.00	0.00
280K 1.00	0.00	0.00	0.00	0.00	0.00	0.00	0.00	0.00	1.00	0.00	0.00	0.00	0.00	0.00	0.00	0.00	0.00	0.00	0.00	0.00
281V 1.00	0.00	0.00	0.00	0.00	0.00	0.00	0.00	0.00	0.00	0.00	0.00	0.00	0.00	0.00	0.00	0.00	0.00	1.00	0.00	0.00
282A 1.00	0.80	0.08	0.10	0.14	0.15	0.39	0.07	1.00	0.15	0.45	0.11	0.10	0.15	0.10	0.12	0.33	0.20	1.00	0.03	0.15
283A 1.00	0.72	0.04	0.05	0.05	0.02	0.43	0.01	0.02	0.05	0.05	0.02	0.05	0.11	0.04	0.04	1.00	0.10	0.07	0.01	0.02
284T 1.00	0.00	0.00	0.00	0.00	0.00	0.00	0.00	0.00	0.00	0.00	0.00	0.00	0.00	0.00	0.00	0.00	1.00	0.00	0.00	0.00
285L 1.00	0.03	0.01	0.00	0.01	0.05	0.01	0.00	1.00	0.01	0.90	0.06	0.01	0.01	0.01	0.01	0.01	0.02	0.15	0.01	0.01
286T 1.00	0.44	0.09	0.03	0.08	0.06	0.02	0.03	0.52	0.08	0.34	0.10	0.05	0.17	0.06	0.05	0.11	0.36	1.00	0.01	0.03
287A 1.00	1.00	0.00	0.00	0.00	0.00	0.00	0.00	0.00	0.00	0.00	0.00	0.00	0.00	0.00	0.00	0.00	0.00	0.00	0.00	0.00
288M 1.00	0.22	0.05	0.03	0.05	0.10	0.02	0.02	1.00	0.05	0.52	0.22	0.04	0.06	0.04	0.04	0.10	0.64	0.70	0.02	0.04
289G 1.00	0.51	0.16	0.17	0.23	0.65	0.32	0.42	0.48	0.25	1.00	0.28	0.25	0.19	0.25	0.28	0.36	0.33	0.50	0.16	0.79
290L 1.00	0.02	0.00	0.00	0.00	0.27	0.00	0.00	0.08	0.01	1.00	0.05	0.00	0.01	0.01	0.01	0.01	0.01	0.05	0.01	0.03
291V 1.00	0.33	0.02	0.01	0.02	0.01	0.02	0.00	0.10	0.02	0.07	0.02	0.01	0.03	0.01	0.01	0.03	0.07	1.00	0.00	0.01
292D 1.00	0.00	0.00	1.00	0.00	0.00	0.00	0.00	0.00	0.00	0.00	0.00	0.00	0.00	0.00	0.00	0.00	0.00	0.00	0.00	0.00
293R 1.00	0.09	0.01	0.02	0.12	0.02	0.06	0.28	0.04	1.00	0.08	0.03	0.08	0.07	0.28	0.67	0.07	0.09	0.05	0.01	0.04
294A 1.00	0.44	0.06	0.02	0.05	0.05	0.01	0.01	0.61	0.05	0.31	0.08	0.03	0.07	0.04	0.03	0.05	0.22	1.00	0.01	0.02
295G 1.00	0.00	0.00	0.00	0.00	0.00	1.00	0.00	0.00	0.00	0.00	0.00	0.00	0.00	0.00	0.00	0.00	0.00	0.00	0.00	0.00
296R 1.00	0.88	0.10	0.35	0.47	0.08	0.53	0.17	0.14	0.98	0.26	0.10	0.43	0.38	0.44	0.92	1.00	0.74	0.26	0.04	0.12
297R 1.00	0.02	0.00	0.01	0.03	0.00	0.02	0.02	0.01	1.00	0.02	0.01	0.02	0.02	0.05	0.76	0.02	0.03	0.01	0.00	0.01
298A 1.00	0.61	0.08	0.03	0.07	0.05	0.01	0.02	0.62	0.07	0.30	0.09	0.04	0.09	0.05	0.04	0.08	0.65	1.00	0.01	0.02
299L 1.00	0.04	0.01	0.01	0.01	0.54	0.01	0.01	0.16	0.01	1.00	0.11	0.01	0.02	0.02	0.01	0.01	0.02	0.10	0.03	0.09
300L 1.00	0.00	0.00	0.00	0.00	0.00	0.00	0.00	0.00	0.00	1.00	0.00	0.00	0.00	0.00	0.00	0.00	0.00	0.00	0.00	0.00
pos	A	C	D	E	F	G	H	I	K	L	M	N	P	Q	R	S	T	V	W	Y
301L 1.00	0.15	0.40	0.02	0.03	0.16	0.05	0.02	0.29	0.04	1.00	0.16	0.03	0.05	0.04	0.03	0.06	0.08	0.25	0.02	0.05
302A 1.00	0.41	0.05	0.02	0.04	0.17	0.02	0.02	1.00	0.04	0.40	0.09	0.03	0.05	0.03	0.03	0.05	0.15	0.97	0.01	0.06
303G 1.00	0.00	0.00	0.00	0.00	0.00	1.00	0.00	0.00	0.00	0.00	0.00	0.00	0.00	0.00	0.00	0.00	0.00	0.00	0.00	0.00
304C 1.00	0.53	0.71	0.07	0.07	0.05	0.22	0.03	0.16	0.09	0.15	0.05	0.08	0.14	0.06	0.06	1.00	0.37	0.56	0.02	0.05
305A 1.00	0.70	0.09	0.06	0.12	0.08	0.09	0.04	0.62	0.12	0.33	0.10	0.07	0.12	0.09	0.08	0.37	0.36	1.00	0.02	0.05
306L 1.00	0.02	0.01	0.00	0.00	0.02	0.00	0.00	0.12	0.01	0.34	0.02	0.00	0.01	0.00	0.00	0.01	0.02	1.00	0.00	0.01
307M 1.00	0.00	0.00	0.00	0.00	0.00	0.00	0.00	0.00	0.00	0.00	1.00	0.00	0.00	0.00	0.00	0.00	0.00	0.00	0.00	0.00
308A 1.00	1.00	0.05	0.10	0.11	0.04	0.16	0.03	0.09	0.12	0.10	0.21	0.12	0.12	0.09	0.08	0.54	0.74	0.17	0.01	0.04
309L 1.00	0.43	0.06	0.02	0.05	0.11	0.02	0.02	0.84	0.05	0.80	0.14	0.03	0.06	0.04	0.04	0.05	0.20	1.00	0.02	0.04
310S 1.00	0.36	0.01	0.01	0.01	0.01	0.06	0.00	0.01	0.02	0.01	0.01	0.01	0.03	0.01	0.01	1.00	0.05	0.02	0.00	0.00
311V 1.00	0.12	0.03	0.01	0.02	0.06	0.01	0.01	0.92	0.03	0.86	0.07	0.02	0.03	0.02	0.02	0.03	0.28	1.00	0.01	0.03
312S 1.00	0.67	0.11	0.16	0.25	0.10	0.14	0.08	0.44	0.25	0.39	0.12	0.17	0.18	0.17	0.15	0.51	0.66	1.00	0.03	0.10
313G 1.00	0.71	0.09	0.27	0.17	0.05	0.42	0.07	0.09	0.20	0.12	0.06	0.35	0.24	0.14	0.12	0.96	1.00	0.18	0.02	0.06
314I 1.00	0.04	0.01	0.01	0.01	0.06	0.01	0.00	1.00	0.01	0.55	0.50	0.01	0.01	0.01	0.01	0.01	0.03	0.52	0.01	0.02
315G 1.00	0.00	0.00	0.00	0.00	0.00	1.00	0.00	0.00	0.00	0.00	0.00	0.00	0.00	0.00	0.00	0.00	0.00	0.00	0.00	0.00
316L 1.00	0.29	0.02	0.01	0.02	0.10	0.01	0.01	1.00	0.02	0.94	0.12	0.02	0.03	0.02	0.02	0.02	0.07	0.35	0.01	0.02
317V 1.00	0.01	0.00	0.00	0.00	0.01	0.00	0.00	0.26	0.00	0.04	0.01	0.00	0.00	0.00	0.00	0.00	0.01	1.00	0.00	0.00
318S 1.00	0.08	0.02	0.06	0.03	0.01	0.04	0.02	0.02	0.04	0.02	0.01	0.53	0.04	0.03	0.03	1.00	0.52	0.03	0.01	0.01
319F 1.00	0.04	0.01	0.01	0.01	0.49	0.01	0.01	0.21	0.02	1.00	0.27	0.01	0.02	0.02	0.02	0.01	0.03	0.12	0.02	0.03
320A 1.00	0.86	0.08	0.63	1.00	0.12	0.41	0.18	0.24	0.95	0.37	0.15	0.59	0.30	0.66	0.56	0.83	0.73	0.36	0.04	0.14
321V 1.00	0.06	0.01	0.01	0.01	0.05	0.01	0.00	0.88	0.02	0.35	0.05	0.01	0.01	0.01	0.01	0.17	0.05	1.00	0.01	0.02
322P 1.00	0.74	0.05	0.63	1.00	0.05	0.37	0.16	0.18	0.92	0.30	0.10	0.50	0.29	0.57	0.54	0.74	0.56	0.28	0.02	0.04
323M 1.00	0.14	0.03	0.01	0.03	0.10	0.01	0.02	0.31	0.03	0.89	1.00	0.02	0.04	0.03	0.02	0.03	0.35	0.55	0.01	0.03
324D 1.00	0.09	0.02	0.95	0.14	0.02	0.29	0.28	0.01	0.12	0.02	0.01	1.00	0.07	0.08	0.06	0.22	0.09	0.02	0.01	0.05
325S 1.00	0.41	0.14	0.16	0.22	0.81	0.26	0.42	0.35	0.23	0.58	0.19	0.24	0.16	0.23	0.27	0.33	0.32	0.43	0.20	1.00
pos	A	C	D	E	F	G	H	I	K	L	M	N	P	Q	R	S	T	V	W	Y
326G 1.00	0.43	0.08	0.82	0.47	0.13	0.78	0.37	0.12	0.46	0.20	0.07	1.00	0.22	0.31	0.28	0.85	0.72	0.18	0.04	0.21
327P 1.00	0.66	0.08	0.76	0.74	0.09	0.56	0.21	0.16	0.91	0.26	0.10	0.93	0.44	0.51	0.69	1.00	0.73	0.25	0.04	0.13
328S 1.00	0.91	0.12	0.67	1.00	0.30	0.51	0.30	0.39	0.93	0.54	0.18	0.59	0.34	0.63	0.59	0.87	0.71	0.50	0.08	0.39
329C 1.00	0.07	1.00	0.07	0.03	0.01	0.08	0.02	0.01	0.03	0.02	0.01	0.16	0.03	0.02	0.02	0.08	0.05	0.03	0.00	0.01
330L 0.80	0.53	0.07	0.21	0.39	0.20	0.33	0.23	0.22	1.00	0.47	0.14	0.30	0.22	0.43	0.82	0.40	0.33	0.27	0.06	0.25
331A 0.90	0.98	0.07	0.24	0.32	0.04	0.58	0.06	0.08	0.45	0.13	0.05	0.21	0.20	0.20	0.19	1.00	0.27	0.16	0.01	0.04
332V 0.80	0.36	0.07	0.03	0.07	0.06	0.01	0.03	0.52	0.07	0.35	0.09	0.04	0.14	0.05	0.04	0.07	0.34	1.00	0.01	0.04
333P 0.90	0.83	0.09	0.63	1.00	0.22	0.44	0.25	0.27	0.94	0.44	0.15	0.54	0.31	0.62	0.58	0.79	0.63	0.39	0.06	0.29
334N 0.90	0.12	0.02	0.24	0.11	0.02	0.31	0.05	0.02	0.11	0.03	0.01	1.00	0.06	0.07	0.06	0.37	0.34	0.04	0.01	0.03
335A 0.90	0.80	0.05	0.62	1.00	0.05	0.38	0.12	0.19	0.95	0.30	0.11	0.51	0.27	0.60	0.55	0.75	0.61	0.31	0.02	0.04
336T 0.90	0.83	0.07	0.64	1.00	0.08	0.39	0.14	0.23	0.93	0.33	0.12	0.58	0.30	0.62	0.53	0.92	0.81	0.32	0.03	0.08
337G 0.90	0.84	0.10	0.64	1.00	0.25	0.45	0.27	0.29	0.95	0.48	0.17	0.57	0.31	0.63	0.59	0.80	0.66	0.41	0.07	0.33
338Q 1.00	0.44	0.03	0.37	1.00	0.05	0.23	0.28	0.12	0.64	0.20	0.07	0.30	0.17	0.86	0.67	0.77	0.34	0.18	0.02	0.06
339T 1.00	0.82	0.10	0.66	1.00	0.24	0.44	0.26	0.28	0.91	0.44	0.16	0.58	0.31	0.61	0.56	0.92	0.79	0.44	0.07	0.34
340G 0.90	0.34	0.09	0.89	0.35	0.31	0.94	0.44	0.15	0.34	0.26	0.09	1.00	0.19	0.26	0.24	0.55	0.30	0.20	0.08	0.41
341L 0.90	0.94	0.16	0.64	1.00	0.51	0.52	0.46	0.42	0.92	0.69	0.23	0.59	0.35	0.66	0.64	0.84	0.71	0.57	0.14	0.70
342P 0.90	0.59	0.06	0.50	1.00	0.21	0.31	0.15	0.17	0.78	0.27	0.10	0.38	0.60	0.45	0.41	0.90	0.45	0.25	0.03	0.14
343G 0.90	0.70	0.19	0.36	0.50	0.69	0.49	0.56	0.45	0.50	0.70	0.24	0.48	0.27	0.42	0.46	0.60	0.59	0.56	0.18	1.00
344D 0.90	0.79	0.06	0.65	1.00	0.09	0.39	0.15	0.22	0.93	0.34	0.12	0.51	0.28	0.59	0.53	0.78	0.62	0.33	0.03	0.10
345S 0.90	0.11	0.02	0.10	0.10	0.01	0.07	0.02	0.03	0.10	0.04	0.02	0.46	0.05	0.21	0.06	1.00	0.38	0.05	0.01	0.02
346G 0.90	0.63	0.05	0.64	0.84	0.05	0.78	0.14	0.15	1.00	0.25	0.09	0.66	0.25	0.76	0.47	0.86	0.49	0.24	0.02	0.06
347L 0.90	0.34	0.09	0.21	0.24	0.33	0.23	0.33	0.24	0.31	1.00	0.13	0.33	0.14	0.22	0.28	0.34	0.39	0.30	0.09	0.45
348L 1.00	0.74	0.08	0.75	1.00	0.14	0.46	0.20	0.21	0.91	0.61	0.12	0.59	0.29	0.56	0.52	0.78	0.61	0.31	0.04	0.18
349Q 1.00	0.75	0.06	0.62	1.00	0.06	0.39	0.13	0.19	0.92	0.31	0.11	0.49	0.27	0.59	0.53	0.73	0.58	0.29	0.02	0.05
350D 1.00	0.80	0.09	0.73	1.00	0.18	0.46	0.24	0.28	0.93	0.40	0.14	0.62	0.30	0.61	0.58	0.82	0.62	0.36	0.05	0.23
pos	A	C	D	E	F	G	H	I	K	L	M	N	P	Q	R	S	T	V	W	Y
351S 1.00	0.50	0.07	0.12	0.13	0.04	0.15	0.04	0.16	0.14	0.14	0.06	0.17	0.15	0.10	0.09	1.00	0.93	0.44	0.02	0.04
352S 0.90	0.53	0.18	0.22	0.29	0.73	0.35	0.55	0.40	0.31	0.66	0.22	0.32	0.21	0.31	0.36	0.45	0.41	0.51	0.18	1.00
353L 0.90	0.44	0.09	0.10	0.14	0.35	0.16	0.25	0.29	0.15	1.00	0.23	0.15	0.11	0.15	0.17	0.20	0.36	0.53	0.09	0.59
354P 0.90	0.80	0.08	0.61	1.00	0.16	0.44	0.20	0.23	0.89	0.38	0.15	0.50	0.41	0.58	0.53	0.76	0.65	0.38	0.04	0.19
355P 0.90	0.58	0.04	0.37	0.30	0.03	0.17	0.05	0.08	0.28	0.11	0.04	0.21	0.92	0.19	0.16	0.84	1.00	0.13	0.01	0.03
356I 0.90	0.06	0.02	0.01	0.01	0.05	0.02	0.01	1.00	0.02	0.58	0.06	0.01	0.01	0.01	0.02	0.14	0.05	0.81	0.01	0.03
357P 0.70	0.77	0.06	0.63	1.00	0.07	0.39	0.13	0.20	0.93	0.32	0.11	0.51	0.28	0.59	0.53	0.76	0.61	0.30	0.02	0.06
358R 0.80	0.79	0.07	0.64	1.00	0.12	0.40	0.19	0.23	0.97	0.36	0.12	0.51	0.29	0.60	0.58	0.75	0.59	0.33	0.04	0.14
359T 0.90	0.58	0.08	0.56	0.62	0.15	0.40	0.26	0.19	0.68	0.29	0.11	0.72	0.25	0.43	0.47	0.88	1.00	0.27	0.05	0.21
360N 1.00	0.32	0.04	0.63	0.43	0.04	0.45	0.12	0.07	0.41	0.12	0.04	1.00	0.15	0.26	0.35	0.45	0.46	0.11	0.02	0.07
361E 1.00	0.69	0.05	0.59	1.00	0.05	0.37	0.11	0.17	0.87	0.30	0.10	0.45	0.25	0.54	0.48	0.68	0.53	0.28	0.02	0.04
362D 1.00	0.15	0.03	1.00	0.16	0.02	0.19	0.06	0.03	0.15	0.05	0.02	0.55	0.08	0.10	0.08	0.62	0.56	0.05	0.01	0.03
363Q 1.00	0.76	0.10	0.55	0.88	0.27	0.42	0.29	0.28	1.00	0.46	0.16	0.51	0.29	0.61	0.68	0.71	0.59	0.39	0.08	0.36
364R 1.00	0.74	0.19	0.36	0.52	0.72	0.47	0.57	0.44	0.60	0.75	0.25	0.44	0.29	0.46	0.60	0.62	0.55	0.58	0.19	1.00
365E 1.00	0.71	0.05	0.56	1.00	0.06	0.32	0.11	0.19	0.77	0.28	0.10	0.41	0.24	0.53	0.44	0.62	0.53	0.33	0.02	0.05
366P 1.00	0.84	0.10	0.63	1.00	0.25	0.44	0.28	0.28	0.92	0.46	0.16	0.53	0.31	0.61	0.57	0.78	0.63	0.41	0.07	0.33
367I 1.00	0.36	0.11	0.11	0.16	0.47	0.16	0.25	0.58	0.17	1.00	0.23	0.16	0.13	0.25	0.18	0.21	0.31	0.67	0.09	0.45
368L 0.90	0.08	0.02	0.01	0.02	0.13	0.09	0.02	0.24	0.03	1.00	0.28	0.02	0.03	0.03	0.03	0.03	0.04	0.15	0.02	0.03
369S 0.90	0.92	0.03	0.35	0.90	0.03	0.21	0.07	0.11	0.49	0.17	0.06	0.63	0.16	0.31	0.28	1.00	0.91	0.16	0.01	0.03
370T 0.90	0.58	0.19	0.21	0.29	0.72	0.33	0.54	0.48	0.31	0.75	0.26	0.32	0.22	0.31	0.36	0.42	0.46	0.65	0.19	1.00
371A 0.90	1.00	0.19	0.44	0.66	0.70	0.52	0.62	0.45	0.65	0.81	0.25	0.49	0.31	0.51	0.54	0.69	0.67	0.69	0.18	0.98
372K 1.00	0.75	0.06	0.61	1.00	0.09	0.38	0.15	0.22	0.94	0.34	0.12	0.49	0.28	0.59	0.55	0.72	0.57	0.32	0.03	0.09
373K 1.00	0.40	0.03	0.28	0.53	0.05	0.22	0.13	0.12	1.00	0.29	0.07	0.29	0.18	0.49	0.88	0.49	0.33	0.17	0.02	0.07
374T 0.90	0.33	0.07	0.17	0.19	0.13	0.14	0.18	0.18	0.21	0.19	0.07	0.23	0.15	0.16	0.16	0.91	1.00	0.21	0.04	0.18
375K 1.00	0.50	0.06	0.31	0.43	0.05	0.24	0.09	0.13	0.57	0.18	0.07	0.34	0.25	0.30	0.34	0.86	1.00	0.20	0.02	0.06
pos	A	C	D	E	F	G	H	I	K	L	M	N	P	Q	R	S	T	V	W	Y
376P 1.00	0.76	0.06	0.62	1.00	0.06	0.38	0.13	0.19	0.93	0.31	0.11	0.49	0.28	0.59	0.52	0.73	0.57	0.29	0.02	0.06
377H 1.00	0.50	0.17	0.23	0.28	0.68	0.33	0.58	0.38	0.30	0.66	0.21	0.31	0.20	0.29	0.36	0.40	0.38	0.49	0.18	1.00
378P 0.90	0.66	0.04	0.19	0.28	0.03	0.22	0.04	0.06	0.25	0.10	0.04	0.15	0.83	0.48	0.15	1.00	0.25	0.12	0.01	0.03
379R 0.90	0.80	0.08	0.62	1.00	0.14	0.41	0.19	0.25	0.99	0.39	0.13	0.52	0.30	0.62	0.60	0.77	0.64	0.38	0.04	0.16
380S 0.90	0.98	0.13	0.64	1.00	0.36	0.53	0.34	0.44	0.98	0.59	0.20	0.58	0.36	0.66	0.65	0.94	0.75	0.58	0.10	0.47
381G 0.90	0.86	0.07	0.68	1.00	0.08	0.49	0.16	0.20	0.93	0.33	0.12	0.59	0.30	0.62	0.54	0.82	0.72	0.31	0.03	0.09
382D 0.90	0.50	0.05	1.00	0.53	0.04	0.59	0.15	0.08	0.48	0.14	0.05	0.91	0.19	0.31	0.27	0.64	0.33	0.13	0.02	0.07
383P 0.90	1.00	0.13	0.45	0.67	0.25	0.53	0.23	0.27	0.65	0.41	0.15	0.41	0.33	0.44	0.43	0.83	0.64	0.40	0.07	0.32
384S 0.90	0.79	0.07	0.63	1.00	0.13	0.42	0.18	0.22	0.94	0.37	0.13	0.53	0.29	0.60	0.55	0.77	0.60	0.33	0.04	0.15
385A 0.90	0.59	0.06	0.75	1.00	0.10	0.42	0.17	0.15	0.68	0.25	0.09	0.58	0.25	0.48	0.38	0.60	0.43	0.23	0.03	0.13
386P 1.00	0.71	0.06	0.56	0.90	0.07	0.36	0.14	0.19	1.00	0.30	0.11	0.46	0.65	0.55	0.63	0.87	0.71	0.42	0.03	0.08
387P 0.90	0.69	0.05	0.61	1.00	0.05	0.35	0.11	0.16	0.81	0.26	0.09	0.44	0.27	0.53	0.45	0.64	0.50	0.25	0.02	0.04
388R 0.70	0.71	0.05	0.62	1.00	0.05	0.36	0.12	0.18	0.92	0.32	0.10	0.46	0.26	0.55	0.53	0.72	0.54	0.27	0.02	0.04
389L 0.70	0.41	0.09	0.14	0.21	0.30	0.14	0.16	1.00	0.21	1.00	0.43	0.16	0.13	0.17	0.17	0.40	0.48	0.84	0.06	0.27
390A 0.80	0.95	0.15	0.28	0.39	0.43	0.32	0.28	0.39	0.39	0.48	0.17	0.33	0.25	0.30	0.30	0.92	1.00	0.75	0.09	0.46
391L 0.80	0.19	0.06	0.07	0.10	0.34	0.10	0.14	0.34	0.12	1.00	0.21	0.09	0.10	0.13	0.12	0.12	0.14	0.27	0.06	0.25
392S 0.80	0.84	0.06	0.65	1.00	0.06	0.49	0.14	0.19	0.93	0.31	0.11	0.70	0.29	0.70	0.53	0.94	0.69	0.30	0.02	0.06
393S 0.80	0.21	0.04	0.09	0.07	0.15	0.08	0.04	0.07	0.09	0.08	0.04	0.15	0.10	0.07	0.06	1.00	0.90	0.11	0.02	0.06
394A 0.70	0.90	0.13	0.29	0.46	0.17	0.24	0.14	0.49	0.45	0.54	0.15	0.29	0.24	0.31	0.28	0.63	0.87	1.00	0.04	0.18
395L 0.80	0.63	0.19	0.24	0.34	0.68	0.34	0.55	0.53	0.38	1.00	0.28	0.33	0.24	0.34	0.39	0.50	0.50	0.76	0.17	0.91
396P 0.80	0.11	0.01	0.18	0.58	0.01	0.06	0.03	0.02	0.35	0.04	0.01	0.06	1.00	0.12	0.11	0.08	0.06	0.03	0.01	0.02
397G 0.70	0.80	0.07	0.64	1.00	0.11	0.42	0.16	0.21	0.91	0.34	0.12	0.52	0.29	0.59	0.53	0.75	0.58	0.32	0.03	0.12
398P 0.80	0.65	0.03	0.04	0.04	0.01	0.15	0.01	0.02	0.04	0.03	0.01	0.03	1.00	0.03	0.03	0.72	0.09	0.05	0.00	0.01
399P 0.80	1.00	0.08	0.50	0.77	0.07	0.66	0.12	0.16	0.87	0.27	0.10	0.41	0.71	0.46	0.44	0.73	0.66	0.27	0.02	0.07
400L 0.70	0.87	0.10	0.63	1.00	0.23	0.46	0.25	0.28	0.93	0.46	0.16	0.53	0.32	0.62	0.57	0.80	0.64	0.41	0.06	0.30
pos	A	C	D	E	F	G	H	I	K	L	M	N	P	Q	R	S	T	V	W	Y
401P 0.70	0.71	0.07	0.47	0.77	0.11	0.37	0.16	0.19	1.00	0.45	0.11	0.42	0.67	0.50	0.56	0.89	0.57	0.30	0.04	0.14
402A 0.70	0.76	0.06	0.62	1.00	0.06	0.38	0.13	0.19	0.92	0.31	0.11	0.49	0.27	0.59	0.52	0.73	0.57	0.29	0.02	0.05
403R 0.70	0.79	0.07	0.62	1.00	0.11	0.40	0.18	0.22	1.00	0.38	0.13	0.52	0.30	0.64	0.63	0.85	0.71	0.33	0.04	0.13
404G 0.70	0.64	0.07	0.98	0.96	0.07	0.67	0.20	0.14	0.78	0.24	0.08	1.00	0.28	0.51	0.43	0.82	0.52	0.22	0.03	0.10
405H 0.70	0.51	0.16	0.61	0.41	0.59	0.52	0.66	0.33	0.37	0.55	0.19	0.66	0.23	0.33	0.35	0.53	0.41	0.43	0.16	1.00
406A 0.90	1.00	0.04	0.44	0.89	0.04	0.22	0.08	0.12	0.53	0.18	0.06	0.28	0.18	0.47	0.29	0.43	0.64	0.19	0.01	0.04
407L 1.00	0.34	0.08	0.08	0.12	0.47	0.13	0.19	0.87	0.13	1.00	0.20	0.12	0.10	0.13	0.14	0.31	0.20	0.50	0.07	0.35
408L 1.00	0.01	0.00	0.00	0.00	0.04	0.00	0.00	0.06	0.01	1.00	0.15	0.00	0.01	0.01	0.01	0.01	0.01	0.04	0.01	0.10
409R 1.00	0.20	0.09	0.16	0.26	0.04	0.15	0.10	0.07	1.00	0.13	0.04	0.33	0.11	0.26	0.56	0.20	0.18	0.09	0.02	0.06
410W 1.00	0.00	0.00	0.00	0.00	0.00	0.00	0.00	0.00	0.00	0.00	0.00	0.00	0.00	0.00	0.00	0.00	0.00	0.00	1.00	0.00
411T 1.00	0.26	0.06	0.06	0.09	0.15	0.06	0.06	0.93	0.10	1.00	0.14	0.08	0.08	0.08	0.07	0.32	0.44	0.69	0.03	0.10
412A 1.00	0.54	0.17	0.07	0.06	0.02	0.12	0.02	0.05	0.07	0.06	0.03	0.10	0.09	0.05	0.05	1.00	0.76	0.10	0.01	0.02
413L 1.00	0.00	0.00	0.00	0.00	0.00	0.00	0.00	0.00	0.00	1.00	0.00	0.00	0.00	0.00	0.00	0.00	0.00	0.00	0.00	0.00
414L 1.00	0.72	0.11	0.09	0.15	0.12	0.17	0.07	0.51	0.15	0.51	0.13	0.09	0.16	0.11	0.10	0.27	0.39	1.00	0.03	0.10
415C 1.00	0.45	0.22	0.09	0.06	0.03	0.24	0.02	0.04	0.07	0.06	0.03	0.11	0.13	0.05	0.05	1.00	0.32	0.10	0.01	0.03
416L 1.00	0.01	0.00	0.00	0.00	0.03	0.00	0.00	0.07	0.00	1.00	0.43	0.00	0.01	0.01	0.00	0.00	0.01	0.04	0.00	0.00
417M 1.00	0.02	0.00	0.00	0.00	0.04	0.00	0.00	0.08	0.01	1.00	0.62	0.00	0.01	0.01	0.01	0.00	0.01	0.05	0.01	0.01
418V 1.00	0.53	0.03	0.01	0.03	0.02	0.04	0.01	0.16	0.03	0.12	0.03	0.02	0.05	0.02	0.02	0.06	0.11	1.00	0.00	0.01
419F 1.00	0.01	0.01	0.00	0.00	0.81	0.00	0.00	0.02	0.00	0.05	0.01	0.00	0.00	0.00	0.00	0.01	0.01	0.02	0.05	1.00
420V 1.00	0.00	0.00	0.00	0.00	0.00	0.00	0.00	0.00	0.00	0.00	0.00	0.00	0.00	0.00	0.00	0.00	0.00	1.00	0.00	0.00
421S 1.00	1.00	0.02	0.02	0.02	0.01	0.08	0.00	0.01	0.02	0.02	0.01	0.02	0.04	0.01	0.01	0.72	0.05	0.03	0.00	0.01
422A 1.00	1.00	0.01	0.01	0.01	0.00	0.22	0.00	0.00	0.01	0.01	0.00	0.01	0.03	0.01	0.01	0.05	0.02	0.02	0.00	0.00
423F 1.00	0.00	0.00	0.00	0.00	1.00	0.00	0.00	0.00	0.00	0.00	0.00	0.00	0.00	0.00	0.00	0.00	0.00	0.00	0.00	0.00
424S 1.00	0.00	0.00	0.00	0.00	0.00	0.00	0.00	0.00	0.00	0.00	0.00	0.00	0.00	0.00	0.00	1.00	0.00	0.00	0.00	0.00
425F 1.00	0.01	0.00	0.00	0.00	0.13	0.00	0.00	1.00	0.00	0.08	0.01	0.00	0.00	0.00	0.00	0.00	0.01	0.28	0.00	0.01
pos	A	C	D	E	F	G	H	I	K	L	M	N	P	Q	R	S	T	V	W	Y
426G 1.00	0.09	0.01	0.03	0.01	0.00	1.00	0.01	0.00	0.02	0.01	0.00	0.03	0.02	0.01	0.01	0.22	0.02	0.01	0.00	0.00
427F 1.00	0.04	0.01	0.01	0.01	0.55	0.01	0.01	0.17	0.01	1.00	0.11	0.01	0.02	0.02	0.01	0.01	0.02	0.10	0.03	0.09
428G 1.00	0.00	0.00	0.00	0.00	0.00	1.00	0.00	0.00	0.00	0.00	0.00	0.00	0.00	0.00	0.00	0.00	0.00	0.00	0.00	0.00
429P 1.00	0.00	0.00	0.00	0.00	0.00	0.00	0.00	0.00	0.00	0.00	0.00	0.00	1.00	0.00	0.00	0.00	0.00	0.00	0.00	0.00
430V 1.00	0.05	0.01	0.00	0.01	0.03	0.01	0.00	0.11	0.01	0.16	1.00	0.01	0.01	0.01	0.01	0.01	0.03	0.40	0.00	0.01
431T 1.00	0.71	0.12	0.09	0.15	0.07	0.14	0.04	0.45	0.15	0.34	0.11	0.11	0.23	0.11	0.09	0.39	0.70	1.00	0.02	0.04
432W 1.00	0.05	0.02	0.06	0.05	0.04	0.07	0.21	0.03	0.07	0.07	0.02	0.06	0.03	0.04	0.06	0.05	0.04	0.04	1.00	0.05
433L 1.00	0.02	0.00	0.00	0.00	0.03	0.00	0.00	0.27	0.01	1.00	0.03	0.00	0.01	0.01	0.00	0.01	0.02	0.31	0.00	0.01
434V 1.00	0.00	0.00	0.00	0.00	0.00	0.00	0.00	0.00	0.00	0.00	0.00	0.00	0.00	0.00	0.00	0.00	0.00	1.00	0.00	0.00
435L 1.00	0.03	0.01	0.01	0.01	0.05	0.01	0.01	0.09	0.02	1.00	0.06	0.01	0.01	0.11	0.02	0.01	0.02	0.05	0.01	0.01
436S 1.00	0.00	0.00	0.00	0.00	0.00	0.00	0.00	0.00	0.00	0.00	0.00	0.00	0.00	0.00	0.00	1.00	0.00	0.00	0.00	0.00
437E 1.00	0.22	0.00	0.13	1.00	0.01	0.04	0.01	0.01	0.06	0.02	0.01	0.03	0.04	0.07	0.02	0.05	0.03	0.02	0.00	0.01
438I 1.00	0.00	0.00	0.00	0.00	0.00	0.00	0.00	1.00	0.00	0.00	0.00	0.00	0.00	0.00	0.00	0.00	0.00	0.00	0.00	0.00
439Y 1.00	0.01	0.01	0.00	0.00	1.00	0.00	0.00	0.02	0.00	0.05	0.01	0.00	0.00	0.00	0.00	0.01	0.01	0.02	0.04	0.77
440P 1.00	0.00	0.00	0.00	0.00	0.00	0.00	0.00	0.00	0.00	0.00	0.00	0.00	1.00	0.00	0.00	0.00	0.00	0.00	0.00	0.00
441V 1.00	1.00	0.04	0.06	0.07	0.03	0.65	0.02	0.03	0.08	0.06	0.02	0.05	0.10	0.05	0.05	0.23	0.33	0.22	0.01	0.03
442E 1.00	0.24	0.02	0.85	1.00	0.03	0.80	0.10	0.03	0.25	0.06	0.02	0.43	0.14	0.24	0.10	0.27	0.15	0.05	0.01	0.05
443I 1.00	0.00	0.00	0.00	0.00	0.00	0.00	0.00	1.00	0.00	0.00	0.00	0.00	0.00	0.00	0.00	0.00	0.00	0.00	0.00	0.00
444R 1.00	0.01	0.00	0.00	0.02	0.00	0.01	0.01	0.01	0.20	0.01	0.00	0.01	0.01	0.03	1.00	0.01	0.01	0.01	0.00	0.01
445G 1.00	0.00	0.00	0.00	0.00	0.00	1.00	0.00	0.00	0.00	0.00	0.00	0.00	0.00	0.00	0.00	0.00	0.00	0.00	0.00	0.00
446R 1.00	0.01	0.00	0.00	0.02	0.00	0.01	0.01	0.01	0.25	0.01	0.00	0.01	0.01	0.03	1.00	0.01	0.01	0.01	0.00	0.01
447A 1.00	1.00	0.00	0.00	0.00	0.00	0.00	0.00	0.00	0.00	0.00	0.00	0.00	0.00	0.00	0.00	0.00	0.00	0.00	0.00	0.00
448F 1.00	0.12	0.03	0.02	0.03	1.00	0.03	0.03	0.45	0.04	0.97	0.63	0.03	0.04	0.05	0.04	0.04	0.08	0.56	0.05	0.15
449A 1.00	1.00	0.01	0.01	0.01	0.00	0.05	0.00	0.01	0.01	0.01	0.00	0.01	0.02	0.01	0.01	0.21	0.02	0.02	0.00	0.00
450F 1.00	0.07	0.02	0.01	0.02	0.50	0.02	0.01	0.68	0.03	1.00	0.16	0.02	0.02	0.03	0.02	0.02	0.05	0.63	0.02	0.04
pos	A	C	D	E	F	G	H	I	K	L	M	N	P	Q	R	S	T	V	W	Y
451C 1.00	0.33	0.66	0.04	0.06	0.05	0.03	0.03	0.52	0.07	0.24	0.07	0.07	0.09	0.05	0.04	0.22	1.00	0.61	0.01	0.04
452N 1.00	0.06	0.01	0.11	0.04	0.01	0.09	0.03	0.01	0.04	0.01	0.01	0.53	0.03	0.03	0.02	1.00	0.10	0.02	0.00	0.01
453S 1.00	0.26	0.01	0.01	0.01	0.00	0.05	0.00	0.01	0.01	0.01	0.00	0.01	0.02	0.01	0.01	1.00	0.04	0.02	0.00	0.00
454F 1.00	0.05	0.02	0.01	0.01	1.00	0.01	0.01	0.18	0.02	0.51	0.62	0.01	0.02	0.02	0.02	0.02	0.03	0.12	0.06	0.21
455N 1.00	0.00	0.00	0.00	0.00	0.00	0.00	0.00	0.00	0.00	0.00	0.00	1.00	0.00	0.00	0.00	0.00	0.00	0.00	0.00	0.00
456W 1.00	0.00	0.00	0.00	0.00	0.00	0.00	0.00	0.00	0.00	0.00	0.00	0.00	0.00	0.00	0.00	0.00	0.00	0.00	1.00	0.00
457A 1.00	1.00	0.02	0.02	0.02	0.01	0.69	0.01	0.01	0.02	0.02	0.01	0.02	0.06	0.02	0.02	0.12	0.04	0.04	0.00	0.01
458A 1.00	0.49	0.09	0.03	0.08	0.06	0.01	0.03	0.53	0.08	0.34	0.12	0.04	0.09	0.06	0.05	0.08	0.33	1.00	0.01	0.03
459N 1.00	0.00	0.00	0.00	0.00	0.00	0.00	0.00	0.00	0.00	0.00	0.00	1.00	0.00	0.00	0.00	0.00	0.00	0.00	0.00	0.00
460L 1.00	0.00	0.00	0.00	0.00	0.00	0.00	0.00	0.00	0.00	1.00	0.00	0.00	0.00	0.00	0.00	0.00	0.00	0.00	0.00	0.00
461F 1.00	0.02	0.00	0.00	0.00	0.28	0.00	0.00	0.08	0.01	1.00	0.05	0.00	0.01	0.01	0.01	0.01	0.01	0.05	0.01	0.03
462I 1.00	0.00	0.00	0.00	0.00	0.00	0.00	0.00	1.00	0.00	0.00	0.00	0.00	0.00	0.00	0.00	0.00	0.00	0.00	0.00	0.00
463S 1.00	0.03	0.01	0.01	0.01	0.00	0.01	0.00	0.01	0.01	0.01	0.00	0.02	0.01	0.01	0.01	1.00	0.36	0.01	0.00	0.00
464L 1.00	0.01	0.00	0.00	0.00	0.02	0.00	0.00	0.05	0.00	1.00	0.18	0.00	0.00	0.00	0.00	0.00	0.01	0.03	0.00	0.00
465S 1.00	0.03	0.01	0.01	0.01	0.00	0.01	0.00	0.01	0.01	0.01	0.00	0.02	0.01	0.01	0.01	0.33	1.00	0.01	0.00	0.00
466F 1.00	0.00	0.00	0.00	0.00	1.00	0.00	0.00	0.00	0.00	0.00	0.00	0.00	0.00	0.00	0.00	0.00	0.00	0.00	0.00	0.00
467L 1.00	0.00	0.00	0.00	0.00	0.00	0.00	0.00	0.00	0.00	1.00	0.00	0.00	0.00	0.00	0.00	0.00	0.00	0.00	0.00	0.00
468D 1.00	0.28	0.02	0.65	1.00	0.03	0.18	0.08	0.05	0.28	0.08	0.03	0.26	0.15	0.29	0.11	0.30	0.37	0.08	0.01	0.04
469L 1.00	0.05	0.01	0.00	0.01	0.05	0.01	0.00	0.23	0.01	0.97	0.06	0.01	0.01	0.01	0.01	0.01	0.04	1.00	0.01	0.01
470I 1.00	0.42	0.09	0.07	0.09	0.10	0.06	0.03	0.93	0.11	0.50	0.13	0.11	0.12	0.08	0.08	0.40	1.00	0.99	0.02	0.05
471G 1.00	0.37	0.02	0.67	1.00	0.03	0.33	0.08	0.05	0.33	0.09	0.04	0.26	0.15	0.30	0.15	0.27	0.19	0.09	0.01	0.04
472T 1.00	0.90	0.11	0.64	1.00	0.27	0.46	0.28	0.32	0.96	0.54	0.19	0.56	0.33	0.64	0.62	0.88	0.76	0.47	0.07	0.35
473I 1.00	0.00	0.00	0.00	0.00	0.00	0.00	0.00	1.00	0.00	0.00	0.00	0.00	0.00	0.00	0.00	0.00	0.00	0.00	0.00	0.00
474G 1.00	0.00	0.00	0.00	0.00	0.00	1.00	0.00	0.00	0.00	0.00	0.00	0.00	0.00	0.00	0.00	0.00	0.00	0.00	0.00	0.00
475L 1.00	0.00	0.00	0.00	0.00	0.00	0.00	0.00	0.00	0.00	1.00	0.00	0.00	0.00	0.00	0.00	0.00	0.00	0.00	0.00	0.00
pos	A	C	D	E	F	G	H	I	K	L	M	N	P	Q	R	S	T	V	W	Y
476S 1.00	0.79	0.06	0.06	0.07	0.02	0.50	0.02	0.03	0.07	0.06	0.03	0.06	1.00	0.05	0.05	0.81	0.12	0.10	0.01	0.02
477W 1.00	0.08	0.02	0.03	0.03	0.09	0.05	0.02	0.04	0.04	0.07	0.02	0.04	0.04	0.03	0.03	0.13	0.33	0.05	1.00	0.08
478T 1.00	0.23	0.05	0.02	0.04	0.04	0.01	0.01	0.31	0.04	0.22	0.17	0.03	0.05	0.03	0.03	0.07	0.61	1.00	0.01	0.02
479F 1.00	0.14	0.08	0.03	0.05	0.33	0.04	0.06	0.48	0.05	1.00	0.22	0.05	0.05	0.06	0.06	0.06	0.09	0.37	0.05	0.16
480L 1.00	0.04	0.01	0.01	0.01	0.92	0.01	0.01	0.15	0.01	1.00	0.10	0.01	0.01	0.02	0.01	0.01	0.02	0.09	0.03	0.10
481L 1.00	0.43	0.09	0.14	0.20	0.32	0.26	0.17	0.88	0.22	1.00	0.22	0.17	0.14	0.17	0.18	0.35	0.28	0.76	0.07	0.31
482Y 1.00	0.00	0.00	0.00	0.00	0.00	0.00	0.00	0.00	0.00	0.00	0.00	0.00	0.00	0.00	0.00	0.00	0.00	0.00	0.00	1.00
483G 1.00	0.90	0.08	0.14	0.15	0.04	1.00	0.04	0.06	0.16	0.10	0.05	0.16	0.20	0.11	0.10	0.82	0.93	0.15	0.02	0.04
484L 1.00	0.13	0.03	0.04	0.05	0.13	0.08	0.04	1.00	0.06	0.56	0.10	0.04	0.03	0.04	0.05	0.07	0.09	0.94	0.02	0.10
485T 1.00	0.31	0.06	0.03	0.05	0.06	0.02	0.02	0.40	0.06	0.34	0.93	0.04	0.07	0.05	0.04	0.10	0.58	1.00	0.01	0.03
486A 1.00	0.93	0.07	0.07	0.08	0.03	0.61	0.02	0.03	0.08	0.07	0.03	0.07	0.17	0.05	0.05	1.00	0.14	0.11	0.01	0.02
487V 1.00	0.04	0.01	0.01	0.01	0.25	0.01	0.01	0.48	0.01	1.00	0.08	0.01	0.01	0.01	0.01	0.01	0.03	0.56	0.01	0.02
488L 1.00	0.49	0.05	0.03	0.06	0.15	0.12	0.02	0.33	0.06	1.00	0.18	0.04	0.09	0.05	0.05	0.13	0.13	0.33	0.02	0.04
489G 1.00	1.00	0.10	0.14	0.19	0.06	0.55	0.05	0.07	0.19	0.16	0.06	0.13	0.25	0.13	0.13	0.59	0.25	0.19	0.02	0.06
490L 1.00	0.02	0.01	0.00	0.01	0.03	0.01	0.00	0.50	0.01	1.00	0.04	0.00	0.01	0.01	0.01	0.01	0.02	0.41	0.00	0.01
491G 1.00	1.00	0.09	0.12	0.16	0.15	0.48	0.09	0.30	0.17	0.41	0.10	0.12	0.21	0.12	0.13	0.43	0.21	0.56	0.04	0.15
492F 1.00	0.00	0.00	0.00	0.00	1.00	0.00	0.00	0.00	0.00	0.00	0.00	0.00	0.00	0.00	0.00	0.00	0.00	0.00	0.00	0.00
493I 1.00	0.02	0.00	0.00	0.00	0.01	0.00	0.00	0.80	0.01	0.08	0.01	0.00	0.00	0.00	0.00	0.01	0.02	1.00	0.00	0.01
494Y 1.00	0.07	0.02	0.02	0.02	0.11	0.03	0.02	1.00	0.03	0.37	0.07	0.02	0.02	0.02	0.03	0.03	0.07	0.94	0.02	0.18
495L 1.00	0.05	0.01	0.01	0.01	0.35	0.01	0.01	0.28	0.02	1.00	0.41	0.01	0.02	0.03	0.02	0.02	0.03	0.44	0.02	0.03
496F 1.00	0.01	0.00	0.00	0.00	1.00	0.00	0.00	0.04	0.00	0.22	0.02	0.00	0.00	0.00	0.00	0.00	0.01	0.02	0.02	0.06
497V 1.00	0.02	0.00	0.00	0.00	0.02	0.01	0.00	1.00	0.01	0.09	0.02	0.00	0.00	0.00	0.00	0.01	0.02	0.94	0.00	0.01
498P 1.00	0.00	0.00	0.00	0.00	0.00	0.00	0.00	0.00	0.00	0.00	0.00	0.00	1.00	0.00	0.00	0.00	0.00	0.00	0.00	0.00
499E 1.00	0.03	0.00	0.09	1.00	0.00	0.03	0.01	0.00	0.04	0.01	0.00	0.15	0.02	0.04	0.02	0.03	0.02	0.01	0.00	0.01
500T 1.00	0.00	0.00	0.00	0.00	0.00	0.00	0.00	0.00	0.00	0.00	0.00	0.00	0.00	0.00	0.00	0.00	1.00	0.00	0.00	0.00
pos	A	C	D	E	F	G	H	I	K	L	M	N	P	Q	R	S	T	V	W	Y
501K 1.00	0.00	0.00	0.00	0.00	0.00	0.00	0.00	0.00	1.00	0.00	0.00	0.00	0.00	0.00	0.00	0.00	0.00	0.00	0.00	0.00
502G 1.00	0.00	0.00	0.00	0.00	0.00	1.00	0.00	0.00	0.00	0.00	0.00	0.00	0.00	0.00	0.00	0.00	0.00	0.00	0.00	0.00
503Q 1.00	0.32	0.05	0.13	0.30	0.09	0.21	0.17	0.12	1.00	0.22	0.07	0.23	0.16	0.39	0.83	0.26	0.26	0.17	0.04	0.14
504S 1.00	0.15	0.02	0.04	0.03	0.01	0.08	0.01	0.01	0.03	0.02	0.01	0.04	0.15	0.02	0.02	1.00	0.11	0.03	0.00	0.01
505L 1.00	0.00	0.00	0.00	0.00	0.00	0.00	0.00	0.00	0.00	1.00	0.00	0.00	0.00	0.00	0.00	0.00	0.00	0.00	0.00	0.00
506A 1.00	0.31	0.01	0.21	1.00	0.01	0.07	0.02	0.02	0.10	0.03	0.01	0.05	0.06	0.11	0.04	0.08	0.05	0.04	0.00	0.01
507E 1.00	0.04	0.00	0.10	1.00	0.00	0.02	0.01	0.01	0.05	0.01	0.00	0.02	0.02	0.74	0.02	0.02	0.02	0.01	0.00	0.01
508I 1.00	0.00	0.00	0.00	0.00	0.00	0.00	0.00	1.00	0.00	0.00	0.00	0.00	0.00	0.00	0.00	0.00	0.00	0.00	0.00	0.00
509D 1.00	0.28	0.02	0.97	1.00	0.03	0.27	0.10	0.04	0.30	0.08	0.03	0.39	0.15	0.28	0.13	0.89	0.21	0.08	0.01	0.05
510Q 1.00	0.43	0.05	0.24	0.49	0.10	0.21	0.15	0.21	1.00	0.33	0.13	0.27	0.18	0.49	0.69	0.35	0.35	0.35	0.03	0.12
511Q 1.00	0.04	0.00	0.10	1.00	0.00	0.02	0.01	0.01	0.05	0.01	0.00	0.02	0.02	0.65	0.02	0.02	0.02	0.01	0.00	0.01
512F 1.00	0.03	0.01	0.00	0.01	0.42	0.01	0.01	0.12	0.01	1.00	0.08	0.01	0.01	0.01	0.01	0.01	0.02	0.07	0.02	0.05
513Q 1.00	1.00	0.05	0.13	0.19	0.03	0.26	0.03	0.05	0.16	0.08	0.03	0.11	0.13	0.39	0.10	0.41	0.20	0.11	0.01	0.03
514K 1.00	0.26	0.03	0.18	0.31	0.04	0.14	0.08	0.08	1.00	0.14	0.17	0.28	0.11	0.25	0.36	0.29	0.38	0.12	0.02	0.05
515R 1.00	0.75	0.05	0.58	0.99	0.06	0.36	0.13	0.18	1.00	0.29	0.10	0.47	0.26	0.57	0.77	0.75	0.54	0.35	0.02	0.05
516R 1.00	0.35	0.03	0.41	0.62	0.04	0.28	0.11	0.09	0.56	0.15	0.05	0.82	0.15	0.31	1.00	0.55	0.30	0.13	0.02	0.06
517F 1.00	0.48	0.17	0.20	0.28	0.69	0.34	0.51	0.37	0.28	0.61	0.21	0.30	0.20	0.28	0.33	0.39	0.39	0.47	0.17	1.00
518T 0.70	0.38	0.06	0.18	0.23	0.08	0.14	0.08	0.17	0.24	0.19	0.15	0.21	0.23	0.17	0.15	0.66	1.00	0.37	0.03	0.10
519L 0.60	1.00	0.20	0.51	0.76	0.47	0.53	0.41	0.45	0.87	0.83	0.24	0.52	0.36	0.56	0.62	0.90	0.79	0.65	0.13	0.62
520S 0.60	0.78	0.07	0.68	1.00	0.11	0.45	0.18	0.21	0.96	0.35	0.12	0.60	0.29	0.61	0.56	0.79	0.61	0.32	0.03	0.13
521F 0.60	0.66	0.20	0.22	0.29	0.73	0.41	0.54	0.54	0.31	0.74	0.24	0.32	0.24	0.31	0.36	0.48	0.43	0.66	0.19	1.00
522G 0.60	0.68	0.20	0.28	0.35	0.70	0.46	0.56	0.41	0.38	0.68	0.23	0.38	0.26	0.34	0.40	0.53	0.46	0.54	0.19	1.00
523H 0.60	0.15	0.02	0.05	0.21	0.04	0.11	0.41	0.07	1.00	0.15	0.05	0.15	0.11	0.32	0.98	0.13	0.16	0.09	0.02	0.08
524R 0.70	0.02	0.00	0.01	0.03	0.00	0.02	0.02	0.01	0.43	0.02	0.01	0.02	0.02	0.05	1.00	0.02	0.02	0.01	0.00	0.01
525Q 0.70	0.38	0.03	0.28	0.52	0.04	0.21	0.12	0.11	1.00	0.20	0.07	0.35	0.25	0.57	0.80	0.36	0.31	0.16	0.02	0.05
pos	A	C	D	E	F	G	H	I	K	L	M	N	P	Q	R	S	T	V	W	Y
526N 0.60	0.46	0.07	0.46	0.54	0.19	0.40	0.34	0.18	1.00	0.32	0.11	0.63	0.27	0.48	0.86	0.49	0.40	0.25	0.06	0.29
527S 0.60	0.60	0.07	0.38	0.60	0.10	0.30	0.14	0.28	0.84	0.30	0.10	0.37	0.23	0.41	0.49	1.00	0.70	0.32	0.03	0.12
528T 0.60	0.67	0.16	0.22	0.31	0.13	0.20	0.12	0.36	0.31	0.29	0.10	0.25	0.19	0.22	0.21	0.75	1.00	0.51	0.04	0.16
529G 0.60	0.93	0.16	0.39	0.36	0.50	1.00	0.34	0.29	0.39	0.49	0.17	0.47	0.31	0.30	0.33	0.78	0.75	0.42	0.12	0.57
530I 0.60	0.62	0.11	0.11	0.20	0.18	0.13	0.10	0.58	0.20	0.67	0.19	0.12	0.17	0.15	0.14	0.23	0.40	1.00	0.04	0.15
531P 0.60	0.80	0.08	0.55	0.77	0.08	0.47	0.14	0.14	0.67	0.24	0.09	0.44	0.98	1.00	0.43	0.96	0.64	0.25	0.03	0.11
532Y 0.60	0.45	0.15	0.24	0.28	0.59	0.32	0.50	0.33	0.32	0.55	0.19	0.33	0.25	0.28	0.35	0.38	0.36	0.43	0.16	1.00
533S 0.60	0.71	0.12	0.80	0.88	0.29	0.60	0.42	0.26	1.00	0.43	0.15	0.82	0.33	0.65	0.71	0.92	0.71	0.36	0.09	0.42
534R 0.60	0.03	0.00	0.01	0.04	0.01	0.02	0.02	0.01	0.17	0.03	0.01	0.03	0.02	0.31	1.00	0.03	0.03	0.02	0.00	0.01
535I 0.60	0.21	0.05	0.05	0.08	0.12	0.04	0.03	0.91	0.08	0.54	0.12	0.05	0.05	0.06	0.06	0.08	0.16	1.00	0.02	0.07
536E 0.40	0.06	0.00	0.39	1.00	0.01	0.03	0.02	0.01	0.07	0.02	0.01	0.04	0.04	0.07	0.02	0.04	0.03	0.02	0.00	0.01
537I 0.40	0.21	0.05	0.06	0.10	0.13	0.06	0.04	0.93	0.11	0.54	0.12	0.07	0.06	0.07	0.08	0.10	0.17	1.00	0.02	0.09
538S 0.30	0.89	0.04	0.09	0.11	0.03	0.20	0.02	0.04	0.11	0.07	0.03	0.08	0.11	0.07	0.07	1.00	0.19	0.09	0.01	0.03
539A 0.30	1.00	0.12	0.40	0.61	0.22	0.49	0.19	0.31	0.59	0.49	0.16	0.37	0.31	0.40	0.39	0.77	0.62	0.49	0.06	0.25
540A 0.30	1.00	0.00	0.00	0.00	0.00	0.00	0.00	0.00	0.00	0.00	0.00	0.00	0.00	0.00	0.00	0.00	0.00	0.00	0.00	0.00
541S 0.30	0.11	0.02	0.06	0.05	0.01	0.05	0.02	0.03	0.06	0.03	0.02	0.08	0.05	0.04	0.04	1.00	0.85	0.05	0.01	0.02
