Each row corresponds to a position in the reference protein.  Below each position is the fraction of sequences that contain one of the basic amino acids.  A low fraction indicates the position is either severely gapped or unalignable and has little information.  Expect poor prediction at these positions.
Each column corresponds to one of the twenty amino acids. 
Each entry contains the score at a particular position (row) for an amino acid substitution (column).  Substitutions predicted to be intolerant are highlighted in red.




pos	A	C	D	E	F	G	H	I	K	L	M	N	P	Q	R	S	T	V	W	Y
1M 0.09	0.00	0.00	0.00	0.00	0.00	0.00	0.00	0.00	0.00	0.00	1.00	0.00	0.00	0.00	0.00	0.00	0.00	0.00	0.00	0.00
2E 0.09	0.00	0.00	0.00	1.00	0.00	0.00	0.00	0.00	0.00	0.00	0.00	0.00	0.00	0.00	0.00	0.00	0.00	0.00	0.00	0.00
3N 0.18	0.24	0.04	0.93	0.36	0.04	0.79	0.15	0.04	0.31	0.07	0.03	1.00	0.14	0.34	0.16	0.44	0.21	0.06	0.02	0.08
4K 0.21	0.21	0.02	0.17	0.29	0.02	0.13	0.07	0.06	1.00	0.11	0.04	0.17	0.10	0.54	0.35	0.60	0.19	0.09	0.01	0.04
5E 0.21	0.03	0.00	0.25	1.00	0.00	0.01	0.01	0.00	0.03	0.01	0.00	0.02	0.02	0.17	0.01	0.02	0.02	0.01	0.00	0.00
6A 0.18	1.00	0.13	0.62	0.98	0.18	0.43	0.17	0.56	0.60	0.55	0.17	0.40	0.32	0.46	0.35	0.68	0.66	0.90	0.05	0.19
7G 0.18	0.00	0.00	0.00	0.00	0.00	1.00	0.00	0.00	0.00	0.00	0.00	0.00	0.00	0.00	0.00	0.00	0.00	0.00	0.00	0.00
8T 0.18	0.38	0.05	0.32	0.61	0.04	0.18	0.07	0.10	0.32	0.13	0.05	0.27	0.17	0.23	0.18	0.74	1.00	0.16	0.02	0.04
9P 0.18	0.09	0.01	0.29	0.16	0.01	0.09	0.02	0.01	0.06	0.02	0.01	0.10	1.00	0.05	0.03	0.09	0.05	0.02	0.00	0.01
10P 0.18	0.71	0.08	0.70	1.00	0.19	0.43	0.18	0.26	0.50	0.55	0.15	0.43	0.37	0.41	0.29	0.56	0.45	0.36	0.05	0.20
11P 0.15	0.27	0.03	0.07	0.05	0.01	0.31	0.02	0.02	0.05	0.03	0.01	0.07	1.00	0.03	0.04	0.15	0.06	0.05	0.01	0.02
12I 0.15	0.62	0.07	0.59	1.00	0.20	0.29	0.18	0.48	0.63	0.58	0.16	0.36	0.24	0.47	0.37	0.51	0.45	0.55	0.05	0.21
13P 0.15	1.00	0.10	0.26	0.19	0.05	0.89	0.06	0.06	0.19	0.12	0.05	0.25	0.90	0.12	0.13	0.57	0.23	0.17	0.02	0.06
14S 0.30	0.50	0.04	0.34	0.58	0.05	0.24	0.20	0.12	1.00	0.21	0.07	0.30	0.23	0.41	0.61	0.55	0.35	0.18	0.02	0.07
15R 0.42	0.09	0.01	0.21	0.13	0.01	0.08	0.04	0.03	0.79	0.05	0.02	0.11	0.05	0.11	1.00	0.34	0.09	0.04	0.01	0.02
16E 0.52	0.07	0.01	0.06	1.00	0.01	0.04	0.03	0.02	0.40	0.04	0.02	0.06	0.04	0.34	0.60	0.06	0.15	0.03	0.01	0.02
17G 0.45	0.46	0.03	0.13	0.20	0.02	1.00	0.06	0.04	0.78	0.08	0.03	0.13	0.10	0.39	0.27	0.20	0.12	0.07	0.01	0.03
18R 0.70	0.04	0.00	0.27	0.07	0.01	0.04	0.03	0.01	0.64	0.03	0.01	0.06	0.03	0.08	1.00	0.04	0.04	0.02	0.01	0.02
19L 0.70	0.03	0.01	0.00	0.01	0.08	0.01	0.01	0.28	0.01	1.00	0.13	0.01	0.01	0.01	0.01	0.01	0.02	0.48	0.18	0.01
20Q 0.70	0.03	0.01	0.01	0.01	0.00	0.01	0.00	0.01	0.01	0.01	0.00	0.02	0.02	0.19	0.01	0.29	1.00	0.01	0.00	0.00
21P 0.73	1.00	0.10	0.07	0.09	0.04	0.54	0.02	0.05	0.10	0.11	0.05	0.06	0.25	0.07	0.07	0.49	0.17	0.16	0.01	0.04
22T 0.76	0.34	0.03	0.06	0.06	0.02	0.06	0.02	0.08	0.07	0.07	0.03	0.10	0.08	0.05	0.17	0.77	1.00	0.59	0.01	0.02
23L 0.85	0.01	0.00	0.00	0.00	0.01	0.00	0.00	0.09	0.00	1.00	0.02	0.00	0.03	0.00	0.00	0.00	0.00	0.01	0.00	0.00
24L 0.91	0.50	0.02	0.01	0.02	0.05	0.01	0.01	0.56	0.02	0.87	0.35	0.01	0.02	0.01	0.01	0.02	0.06	1.00	0.01	0.01
25L 0.91	0.01	0.00	0.00	0.00	0.21	0.00	0.00	0.21	0.00	1.00	0.02	0.00	0.00	0.00	0.00	0.00	0.01	0.26	0.00	0.07
pos	A	C	D	E	F	G	H	I	K	L	M	N	P	Q	R	S	T	V	W	Y
26A 0.91	1.00	0.02	0.02	0.03	0.10	0.08	0.01	0.03	0.05	0.04	0.02	0.03	0.04	0.03	0.10	0.10	0.14	0.07	0.01	0.02
27T 0.91	0.33	0.04	0.02	0.03	0.02	0.01	0.01	0.32	0.03	0.12	0.04	0.03	0.05	0.03	0.02	0.34	0.91	1.00	0.00	0.01
28L 0.91	0.29	0.09	0.10	0.14	0.49	0.25	0.25	0.37	0.15	1.00	0.18	0.16	0.11	0.15	0.17	0.27	0.34	0.33	0.09	0.46
29S 0.91	0.57	0.07	0.08	0.11	0.15	0.31	0.06	0.99	0.12	0.47	0.11	0.09	0.14	0.08	0.10	0.33	0.20	1.00	0.03	0.14
30A 0.94	1.00	0.01	0.00	0.01	0.00	0.18	0.00	0.06	0.01	0.01	0.00	0.00	0.02	0.00	0.00	0.03	0.01	0.04	0.00	0.00
31A 0.94	1.00	0.01	0.00	0.01	0.01	0.01	0.00	0.06	0.01	0.04	0.01	0.01	0.02	0.01	0.01	0.02	0.23	0.48	0.00	0.00
32F 0.94	0.04	0.01	0.00	0.01	1.00	0.01	0.01	0.48	0.01	0.94	0.11	0.01	0.02	0.02	0.01	0.01	0.16	0.13	0.01	0.02
33G 0.94	0.07	0.01	0.02	0.01	0.01	1.00	0.01	0.09	0.01	0.02	0.01	0.01	0.03	0.01	0.01	0.04	0.02	0.02	0.00	0.01
34S 0.94	0.04	0.00	0.01	0.01	0.00	0.10	0.00	0.00	0.01	0.00	0.00	0.01	0.01	0.00	0.00	1.00	0.01	0.01	0.00	0.00
35A 0.45	0.30	0.02	0.02	0.02	0.01	0.09	0.00	0.02	0.02	0.03	0.01	0.02	0.05	0.02	0.02	1.00	0.07	0.17	0.00	0.01
36F 0.94	0.01	0.00	0.00	0.00	1.00	0.00	0.00	0.03	0.00	0.46	0.02	0.00	0.00	0.00	0.00	0.00	0.00	0.02	0.01	0.03
37Q 0.94	0.03	0.01	0.01	0.02	0.03	0.02	0.01	0.06	0.03	0.33	0.04	0.01	0.01	1.00	0.03	0.01	0.02	0.04	0.01	0.01
38Y 0.94	0.00	0.00	0.00	0.00	0.95	0.00	0.00	0.01	0.00	0.02	0.00	0.00	0.00	0.00	0.00	0.00	0.00	0.01	0.02	1.00
39G 0.94	0.08	0.00	0.00	0.00	0.00	1.00	0.00	0.00	0.00	0.00	0.00	0.00	0.01	0.00	0.00	0.01	0.00	0.00	0.00	0.00
40Y 0.94	0.00	0.00	0.00	0.00	0.00	0.00	0.00	0.00	0.00	0.00	0.00	0.00	0.00	0.00	0.00	0.00	0.00	0.00	0.00	1.00
41N 0.94	0.00	0.00	0.00	0.00	0.00	0.00	0.00	0.00	0.00	0.00	0.00	1.00	0.00	0.00	0.00	0.00	0.00	0.00	0.00	0.00
42L 0.94	0.14	0.03	0.01	0.03	0.07	0.02	0.01	0.89	0.03	0.43	0.08	0.02	0.03	0.02	0.02	0.03	0.19	1.00	0.01	0.03
43S 0.94	0.66	0.01	0.01	0.01	0.00	1.00	0.00	0.00	0.01	0.01	0.00	0.01	0.02	0.01	0.01	0.52	0.02	0.02	0.00	0.00
44V 0.94	0.27	0.01	0.00	0.01	0.00	0.00	0.00	0.04	0.01	0.03	0.01	0.00	0.01	0.00	0.00	0.01	0.06	1.00	0.00	0.00
45V 0.94	0.01	0.09	0.00	0.00	0.01	0.00	0.00	1.00	0.00	0.03	0.01	0.00	0.00	0.00	0.00	0.00	0.01	0.61	0.00	0.00
46N 0.94	0.00	0.00	0.00	0.00	0.00	0.00	0.00	0.00	0.00	0.00	0.00	1.00	0.00	0.00	0.00	0.00	0.00	0.00	0.00	0.00
47T 0.94	1.00	0.01	0.01	0.01	0.00	0.02	0.00	0.01	0.01	0.01	0.00	0.02	0.02	0.01	0.05	0.53	0.28	0.01	0.00	0.00
48P 0.94	0.00	0.00	0.00	0.00	0.00	0.00	0.00	0.00	0.00	0.00	0.00	0.00	1.00	0.00	0.00	0.00	0.00	0.00	0.00	0.00
49H 0.94	0.57	0.03	0.43	1.00	0.04	0.22	0.23	0.11	0.53	0.18	0.06	0.29	0.17	0.66	0.29	0.68	0.54	0.17	0.01	0.04
50K 0.94	0.44	0.03	0.33	0.81	0.03	0.19	0.07	0.10	1.00	0.22	0.05	0.24	0.28	0.31	0.30	0.36	0.40	0.15	0.01	0.03
pos	A	C	D	E	F	G	H	I	K	L	M	N	P	Q	R	S	T	V	W	Y
51V 0.94	0.02	0.01	0.01	0.01	0.24	0.01	0.00	0.84	0.01	0.44	0.04	0.01	0.00	0.00	0.01	0.01	0.03	1.00	0.01	0.21
52F 0.94	0.01	0.00	0.00	0.00	0.23	0.00	0.00	1.00	0.00	0.25	0.48	0.00	0.01	0.01	0.00	0.00	0.01	0.05	0.00	0.01
53K 0.94	0.03	0.00	0.05	0.53	0.00	0.02	0.01	0.01	1.00	0.02	0.01	0.02	0.02	0.32	0.06	0.02	0.11	0.01	0.00	0.01
54S 0.94	0.30	0.01	0.55	1.00	0.02	0.09	0.05	0.03	0.23	0.06	0.02	0.11	0.11	0.35	0.09	0.19	0.12	0.06	0.01	0.02
55F 0.97	0.02	0.00	0.00	0.00	1.00	0.01	0.00	0.01	0.00	0.02	0.01	0.00	0.01	0.00	0.00	0.14	0.01	0.01	0.02	0.06
56Y 0.97	0.01	0.00	0.00	0.00	0.07	0.00	0.00	0.12	0.00	0.22	0.02	0.00	0.00	0.00	0.00	0.00	0.00	0.02	0.01	1.00
57N 0.97	0.00	0.00	0.00	0.00	0.00	0.00	0.00	0.00	0.00	0.00	0.00	1.00	0.00	0.00	0.00	0.00	0.00	0.00	0.00	0.00
58E 0.97	0.41	0.03	0.56	1.00	0.05	0.17	0.11	0.09	0.50	0.15	0.05	0.21	0.14	0.42	0.28	0.31	0.25	0.14	0.02	0.28
59T 0.97	0.01	0.00	0.00	0.00	0.00	0.00	0.00	0.00	0.00	0.00	0.00	0.01	0.00	0.00	0.00	0.16	1.00	0.00	0.00	0.00
60Y 0.97	0.09	0.03	0.03	0.05	0.12	0.06	0.34	0.08	0.05	0.75	0.05	0.05	0.04	0.05	0.06	0.07	0.07	0.09	1.00	0.92
61F 0.97	0.48	0.17	0.20	0.30	0.69	0.31	0.52	0.38	0.28	0.65	0.21	0.30	0.19	0.28	0.33	0.39	0.39	0.48	0.18	1.00
62E 0.97	0.51	0.05	0.81	1.00	0.10	0.52	0.25	0.14	0.60	0.24	0.08	0.44	0.20	0.46	0.48	0.56	0.39	0.21	0.03	0.16
63R 0.97	0.00	0.00	0.00	0.01	0.00	0.00	0.00	0.00	0.13	0.00	0.00	0.00	0.00	0.01	1.00	0.00	0.00	0.00	0.00	0.00
64H 0.97	0.50	0.17	0.20	0.27	0.69	0.33	0.57	0.39	0.28	0.64	0.21	0.31	0.20	0.31	0.34	0.41	0.40	0.50	0.18	1.00
65A 0.97	0.17	0.01	0.13	0.38	0.01	1.00	0.03	0.01	0.14	0.03	0.01	0.23	0.04	0.06	0.05	0.16	0.06	0.02	0.00	0.01
66T 0.97	0.44	0.02	0.35	1.00	0.02	0.18	0.06	0.09	0.43	0.14	0.05	0.26	0.19	0.27	0.38	0.44	0.44	0.13	0.01	0.02
67F 0.97	0.51	0.18	0.21	0.28	0.70	0.33	0.54	0.39	0.29	0.65	0.22	0.31	0.21	0.30	0.35	0.40	0.39	0.50	0.18	1.00
68M 0.97	0.62	0.07	0.06	0.08	0.20	0.34	0.03	0.83	0.11	1.00	0.39	0.07	0.35	0.08	0.09	0.31	0.16	0.42	0.03	0.06
69D 0.97	0.48	0.03	0.98	0.88	0.03	0.24	0.08	0.12	0.59	0.27	0.07	0.43	0.40	0.49	0.38	1.00	0.41	0.18	0.01	0.02
70G 0.97	0.31	0.03	0.73	1.00	0.03	0.33	0.10	0.04	0.28	0.07	0.03	0.42	0.21	0.28	0.11	0.32	0.17	0.07	0.01	0.05
71K 0.97	0.77	0.06	0.63	1.00	0.10	0.39	0.15	0.21	0.92	0.33	0.12	0.50	0.28	0.59	0.53	0.74	0.59	0.31	0.03	0.10
72L 0.97	0.48	0.14	0.18	0.20	0.41	0.22	0.30	0.34	0.24	0.55	0.18	0.29	0.21	0.22	0.23	0.77	1.00	0.46	0.11	0.55
73M 0.97	0.00	0.00	0.00	0.00	0.01	0.00	0.00	0.02	0.00	1.00	0.08	0.00	0.00	0.00	0.00	0.00	0.07	0.01	0.00	0.00
74L 0.97	0.03	0.01	0.01	0.01	0.02	0.01	0.00	0.04	0.01	0.20	0.02	0.01	0.01	0.01	0.01	0.05	1.00	0.04	0.00	0.01
75L 0.97	0.23	0.04	0.09	0.06	0.02	0.07	0.03	0.06	0.08	0.46	0.03	0.17	0.10	0.06	0.05	0.74	1.00	0.10	0.01	0.03
pos	A	C	D	E	F	G	H	I	K	L	M	N	P	Q	R	S	T	V	W	Y
76L 0.91	0.00	0.00	0.00	0.00	0.00	0.00	0.00	0.00	0.00	1.00	0.00	0.00	0.00	0.00	0.00	0.00	0.00	0.00	0.00	0.00
77W 0.97	0.00	0.00	0.00	0.00	0.00	0.00	0.00	0.00	0.00	0.00	0.00	0.00	0.00	0.00	0.00	0.00	0.00	0.00	1.00	0.00
78S 0.97	0.16	0.00	0.00	0.00	0.00	0.02	0.00	0.00	0.00	0.00	0.00	0.00	0.01	0.00	0.00	1.00	0.01	0.01	0.00	0.00
79C 0.97	0.04	0.19	0.00	0.01	0.03	0.00	0.00	0.23	0.01	1.00	0.03	0.01	0.01	0.01	0.01	0.01	0.03	0.64	0.00	0.01
80T 0.97	0.03	0.10	0.01	0.01	0.00	0.01	0.00	0.01	0.01	0.01	0.00	0.02	0.02	0.01	0.01	0.98	1.00	0.01	0.00	0.00
81V 0.97	0.00	0.00	0.00	0.00	0.00	0.00	0.00	0.00	0.00	0.00	0.00	0.00	0.00	0.00	0.00	0.00	0.00	1.00	0.00	0.00
82S 0.97	1.00	0.01	0.01	0.01	0.00	0.06	0.00	0.01	0.01	0.01	0.01	0.01	0.03	0.01	0.01	0.98	0.03	0.02	0.00	0.00
83M 0.97	0.01	0.00	0.00	0.00	0.03	0.00	0.00	1.00	0.00	0.14	0.62	0.00	0.00	0.00	0.00	0.00	0.01	0.06	0.00	0.01
84F 0.97	0.00	0.00	0.00	0.00	1.00	0.00	0.00	0.00	0.00	0.00	0.00	0.00	0.00	0.00	0.00	0.00	0.00	0.00	0.00	0.00
85P 0.97	1.00	0.09	0.08	0.09	0.03	0.49	0.02	0.04	0.09	0.09	0.04	0.07	0.47	0.06	0.07	0.81	0.22	0.15	0.01	0.03
86L 0.97	0.03	0.01	0.00	0.01	0.32	0.01	0.00	0.54	0.01	0.34	0.04	0.01	0.01	0.00	0.01	0.08	0.03	1.00	0.00	0.01
87G 0.97	0.00	0.00	0.00	0.00	0.00	1.00	0.00	0.00	0.00	0.00	0.00	0.00	0.00	0.00	0.00	0.00	0.00	0.00	0.00	0.00
88G 0.97	0.00	0.00	0.00	0.00	0.00	1.00	0.00	0.00	0.00	0.00	0.00	0.00	0.00	0.00	0.00	0.00	0.00	0.00	0.00	0.00
89L 0.97	0.02	0.00	0.00	0.00	0.58	0.00	0.00	0.09	0.01	0.72	1.00	0.00	0.01	0.01	0.01	0.00	0.01	0.05	0.01	0.01
90L 0.97	0.09	0.00	0.00	0.00	0.01	0.00	0.00	1.00	0.00	0.31	0.01	0.00	0.00	0.00	0.00	0.00	0.01	0.33	0.00	0.00
91G 0.97	0.03	0.00	0.01	0.00	0.00	1.00	0.00	0.00	0.00	0.00	0.00	0.01	0.01	0.00	0.00	0.19	0.01	0.00	0.00	0.00
92S 0.97	0.01	0.00	0.00	0.00	0.00	0.00	0.00	0.00	0.00	0.00	0.00	0.01	0.00	0.00	0.00	1.00	0.17	0.00	0.00	0.00
93L 0.97	0.02	0.01	0.00	0.01	0.80	0.00	0.00	0.10	0.01	1.00	0.06	0.00	0.01	0.01	0.01	0.01	0.01	0.06	0.02	0.07
94L 0.97	0.11	0.03	0.01	0.03	0.18	0.02	0.01	0.59	0.03	1.00	0.22	0.02	0.04	0.04	0.03	0.03	0.08	0.50	0.02	0.03
95V 0.97	0.00	0.00	0.00	0.00	0.00	0.00	0.00	0.16	0.00	0.01	0.00	0.00	0.00	0.00	0.00	0.00	0.00	1.00	0.00	0.00
96G 0.97	0.03	0.00	0.02	0.01	0.00	1.00	0.00	0.00	0.15	0.00	0.00	0.02	0.01	0.01	0.01	0.06	0.01	0.01	0.00	0.00
97L 0.97	0.06	0.02	0.01	0.02	0.16	0.01	0.01	0.32	0.02	1.00	0.22	0.03	0.09	0.03	0.02	0.02	0.04	0.16	0.02	0.03
98L 0.97	0.04	0.01	0.00	0.01	0.60	0.01	0.01	0.51	0.01	1.00	0.20	0.01	0.02	0.02	0.01	0.01	0.02	0.11	0.01	0.01
99V 0.97	0.72	0.07	0.07	0.07	0.10	0.52	0.03	0.13	0.08	0.13	0.04	0.07	0.18	0.06	0.06	0.51	0.17	1.00	0.02	0.05
100D 0.97	0.02	0.00	0.15	0.03	0.00	0.04	0.01	0.00	0.18	0.00	0.00	1.00	0.01	0.17	0.01	0.04	0.01	0.00	0.00	0.01
pos	A	C	D	E	F	G	H	I	K	L	M	N	P	Q	R	S	T	V	W	Y
101S 0.97	0.18	0.02	0.07	0.23	0.05	0.12	0.13	0.08	1.00	0.16	0.05	0.20	0.12	0.33	0.94	0.19	0.19	0.16	0.08	0.09
102C 0.97	0.02	0.10	0.00	0.01	1.00	0.00	0.00	0.07	0.00	0.85	0.05	0.00	0.01	0.01	0.00	0.01	0.01	0.05	0.14	0.18
103G 0.97	0.00	0.00	0.00	0.00	0.00	1.00	0.00	0.00	0.00	0.00	0.00	0.00	0.00	0.00	0.00	0.00	0.00	0.00	0.00	0.00
104R 0.97	0.00	0.00	0.00	0.00	0.00	0.00	0.00	0.00	0.05	0.00	0.00	0.00	0.00	0.01	1.00	0.00	0.00	0.00	0.00	0.00
105K 0.97	0.01	0.00	0.00	0.01	0.00	0.04	0.01	0.00	1.00	0.01	0.00	0.01	0.01	0.02	0.57	0.01	0.01	0.01	0.00	0.00
106G 0.97	0.15	0.03	0.68	0.22	0.03	0.68	0.22	0.02	0.30	0.05	0.02	1.00	0.12	0.17	0.27	0.38	0.16	0.03	0.02	0.08
107T 0.97	0.76	0.01	0.01	0.01	0.00	0.02	0.00	0.01	0.01	0.01	0.01	0.02	0.02	0.01	0.01	1.00	0.94	0.02	0.00	0.00
108L 0.97	0.01	0.00	0.00	0.00	0.02	0.00	0.00	0.03	0.00	1.00	0.88	0.00	0.00	0.00	0.00	0.00	0.00	0.02	0.00	0.00
109L 0.97	0.00	0.00	0.00	0.00	0.00	0.00	0.00	0.00	0.00	1.00	0.00	0.00	0.00	0.00	0.00	0.00	0.00	0.00	0.00	0.00
110I 0.97	0.20	0.02	0.01	0.02	0.36	0.02	0.02	0.59	0.03	1.00	0.31	0.02	0.03	0.04	0.03	0.02	0.06	0.36	0.02	0.03
111N 0.97	0.80	0.13	0.22	0.17	0.12	0.31	0.08	0.49	0.22	0.49	0.21	0.63	0.24	0.15	0.15	0.75	0.93	1.00	0.03	0.09
112N 0.97	0.00	0.00	0.00	0.00	0.00	0.00	0.00	0.00	0.00	0.00	0.00	1.00	0.00	0.00	0.00	0.00	0.00	0.00	0.00	0.00
113I 0.97	0.06	0.01	0.01	0.01	0.05	0.12	0.00	1.00	0.01	0.55	0.05	0.01	0.01	0.01	0.01	0.02	0.04	0.81	0.01	0.02
114F 0.97	0.02	0.00	0.00	0.00	0.87	0.00	0.00	0.13	0.01	1.00	0.06	0.00	0.01	0.01	0.01	0.01	0.01	0.05	0.01	0.02
115A 1.00	1.00	0.00	0.00	0.00	0.00	0.02	0.00	0.00	0.00	0.00	0.00	0.00	0.01	0.00	0.00	0.37	0.01	0.01	0.00	0.00
116I 1.00	0.05	0.00	0.00	0.00	0.28	0.00	0.00	1.00	0.00	0.05	0.01	0.00	0.00	0.00	0.00	0.00	0.01	0.40	0.00	0.00
117I 1.00	0.38	0.05	0.01	0.04	0.03	0.00	0.01	0.42	0.04	0.52	0.05	0.02	0.05	0.03	0.02	0.22	0.36	1.00	0.00	0.01
118P 1.00	1.00	0.08	0.06	0.07	0.03	0.71	0.01	0.03	0.08	0.08	0.04	0.06	0.47	0.05	0.06	0.55	0.14	0.13	0.01	0.02
119A 1.00	1.00	0.01	0.01	0.01	0.00	0.53	0.00	0.00	0.01	0.01	0.00	0.00	0.02	0.00	0.00	0.03	0.01	0.01	0.00	0.00
120I 1.00	0.43	0.37	0.01	0.04	0.03	0.00	0.01	0.76	0.04	0.50	0.06	0.02	0.06	0.03	0.02	0.09	0.25	1.00	0.01	0.01
121L 1.00	0.00	0.00	0.00	0.00	0.09	0.00	0.00	0.02	0.00	1.00	0.01	0.00	0.00	0.00	0.00	0.00	0.00	0.01	0.00	0.01
122M 1.00	0.00	0.00	0.00	0.00	0.00	0.00	0.00	0.00	0.00	0.00	1.00	0.00	0.00	0.00	0.00	0.00	0.00	0.00	0.00	0.00
123G 1.00	0.21	0.00	0.00	0.00	0.00	1.00	0.00	0.00	0.00	0.00	0.00	0.00	0.01	0.00	0.00	0.02	0.01	0.01	0.00	0.00
124V 1.00	0.35	0.19	0.03	0.07	0.33	0.03	0.05	0.59	0.07	1.00	0.22	0.05	0.09	0.07	0.06	0.08	0.26	0.87	0.03	0.09
125S 1.00	0.42	0.21	0.02	0.02	0.01	0.11	0.00	0.01	0.02	0.02	0.01	0.02	0.05	0.01	0.01	1.00	0.05	0.03	0.00	0.01
pos	A	C	D	E	F	G	H	I	K	L	M	N	P	Q	R	S	T	V	W	Y
126K 1.00	0.11	0.01	0.13	0.19	0.01	0.06	0.02	0.03	1.00	0.20	0.02	0.18	0.04	0.14	0.19	0.10	0.08	0.04	0.00	0.01
127V 1.00	0.42	0.05	0.01	0.04	0.04	0.00	0.01	0.70	0.04	0.52	0.11	0.02	0.05	0.22	0.02	0.04	0.23	1.00	0.01	0.01
128A 1.00	1.00	0.00	0.00	0.00	0.00	0.14	0.00	0.00	0.00	0.00	0.00	0.00	0.01	0.00	0.00	0.02	0.01	0.04	0.00	0.00
129K 1.00	0.54	0.03	0.32	0.68	0.03	0.35	0.07	0.10	1.00	0.19	0.06	0.26	0.14	0.38	0.49	0.38	0.33	0.15	0.01	0.02
130A 1.00	0.41	0.01	0.00	0.00	0.00	0.03	0.00	0.00	0.01	0.01	0.00	0.00	0.01	0.00	0.00	1.00	0.01	0.01	0.00	0.00
131F 1.00	0.01	0.00	0.00	0.00	1.00	0.00	0.00	0.02	0.00	0.04	0.01	0.00	0.00	0.00	0.00	0.01	0.01	0.32	0.04	0.36
132E 1.00	0.00	0.00	0.00	1.00	0.00	0.00	0.00	0.00	0.00	0.00	0.00	0.00	0.00	0.00	0.00	0.00	0.00	0.00	0.00	0.00
133L 1.00	0.01	0.00	0.00	0.00	0.01	0.00	0.00	0.16	0.00	0.47	1.00	0.00	0.00	0.00	0.00	0.00	0.00	0.02	0.00	0.00
134I 1.00	0.01	0.00	0.00	0.00	0.02	0.00	0.00	0.60	0.00	1.00	0.02	0.00	0.00	0.00	0.00	0.00	0.00	0.03	0.00	0.00
135V 1.00	0.00	0.00	0.00	0.00	0.00	0.00	0.00	1.00	0.00	0.01	0.00	0.00	0.00	0.00	0.00	0.00	0.00	0.09	0.00	0.00
136F 1.00	0.07	0.00	0.00	0.00	0.11	0.00	0.00	0.40	0.00	1.00	0.03	0.00	0.00	0.00	0.00	0.00	0.01	0.39	0.00	0.01
137S 1.00	0.17	0.01	0.01	0.01	0.00	1.00	0.00	0.00	0.01	0.01	0.00	0.01	0.02	0.01	0.01	0.54	0.01	0.01	0.00	0.00
138R 1.00	0.00	0.00	0.00	0.00	0.00	0.00	0.00	0.00	0.00	0.00	0.00	0.00	0.00	0.00	1.00	0.00	0.00	0.00	0.00	0.00
139V 1.00	0.03	0.01	0.00	0.01	0.69	0.01	0.01	0.16	0.01	1.00	0.09	0.01	0.01	0.01	0.01	0.01	0.02	0.35	0.01	0.03
140V 1.00	0.01	0.00	0.00	0.00	0.08	0.00	0.00	1.00	0.00	0.97	0.03	0.00	0.00	0.00	0.00	0.00	0.01	0.36	0.00	0.01
141L 1.00	0.01	0.00	0.00	0.00	0.01	0.00	0.00	1.00	0.00	0.15	0.22	0.00	0.00	0.00	0.00	0.00	0.01	0.69	0.00	0.00
142G 1.00	0.00	0.00	0.00	0.00	0.00	1.00	0.00	0.00	0.00	0.00	0.00	0.00	0.00	0.00	0.00	0.00	0.00	0.00	0.00	0.00
143V 1.00	0.22	0.01	0.00	0.01	0.01	0.00	0.00	1.00	0.01	0.44	0.02	0.00	0.01	0.00	0.00	0.01	0.02	0.49	0.00	0.01
144C 1.00	0.16	0.08	0.09	0.08	1.00	0.10	0.12	0.16	0.07	0.33	0.09	0.10	0.06	0.07	0.08	0.13	0.11	0.18	0.22	0.95
145A 1.00	1.00	0.63	0.03	0.03	0.01	0.39	0.01	0.01	0.03	0.03	0.02	0.02	0.08	0.02	0.02	0.41	0.06	0.05	0.00	0.01
146G 1.00	0.00	0.00	0.00	0.00	0.00	1.00	0.00	0.00	0.00	0.00	0.00	0.00	0.00	0.00	0.00	0.00	0.00	0.00	0.00	0.00
147I 1.00	0.01	0.00	0.00	0.00	0.01	0.00	0.00	0.48	0.00	1.00	0.01	0.00	0.00	0.00	0.00	0.00	0.01	0.36	0.00	0.00
148S 1.00	0.56	0.35	0.07	0.05	0.02	0.14	0.02	0.05	0.07	0.06	0.03	0.12	0.11	0.05	0.05	0.97	1.00	0.10	0.01	0.02
149Y 1.00	0.20	0.04	0.08	0.06	0.06	0.07	0.04	0.07	0.09	0.14	0.04	0.15	0.10	0.07	0.06	0.79	1.00	0.11	0.02	0.12
150S 1.00	0.03	0.01	0.09	0.03	0.00	1.00	0.02	0.00	0.03	0.01	0.00	0.61	0.02	0.02	0.01	0.49	0.02	0.01	0.00	0.01
pos	A	C	D	E	F	G	H	I	K	L	M	N	P	Q	R	S	T	V	W	Y
151A 1.00	0.33	0.06	0.02	0.04	0.43	0.01	0.02	0.35	0.05	0.45	0.09	0.03	0.06	0.04	0.03	0.05	0.25	1.00	0.01	0.03
152L 1.00	0.01	0.00	0.00	0.00	0.01	0.00	0.00	0.04	0.00	0.34	0.01	0.00	0.00	0.00	0.00	0.00	0.01	1.00	0.00	0.00
153P 1.00	0.00	0.00	0.00	0.00	0.00	0.00	0.00	0.00	0.00	0.00	0.00	0.00	1.00	0.00	0.00	0.00	0.00	0.00	0.00	0.00
154M 1.00	0.00	0.00	0.00	0.00	0.00	0.00	0.00	0.00	0.00	0.00	1.00	0.00	0.00	0.00	0.00	0.00	0.00	0.00	0.00	0.00
155Y 1.00	0.00	0.00	0.00	0.00	0.00	0.00	0.00	0.00	0.00	0.00	0.00	0.00	0.00	0.00	0.00	0.00	0.00	0.00	0.00	1.00
156L 1.00	0.01	0.00	0.00	0.00	0.02	0.00	0.00	0.59	0.00	1.00	0.02	0.00	0.00	0.00	0.00	0.00	0.01	0.65	0.00	0.01
157G 1.00	0.03	0.00	0.01	0.00	0.00	1.00	0.00	0.00	0.00	0.00	0.00	0.01	0.01	0.00	0.00	0.20	0.01	0.00	0.00	0.00
158E 1.00	0.00	0.00	0.00	1.00	0.00	0.00	0.00	0.00	0.00	0.00	0.00	0.00	0.00	0.00	0.00	0.00	0.00	0.00	0.00	0.00
159L 1.00	0.01	0.00	0.00	0.00	0.02	0.01	0.00	1.00	0.01	0.88	0.02	0.00	0.00	0.00	0.00	0.01	0.01	0.70	0.00	0.01
160A 1.00	0.91	0.01	0.01	0.01	0.00	0.05	0.00	0.00	0.01	0.01	0.00	0.01	0.02	0.01	0.01	1.00	0.02	0.02	0.00	0.00
161P 1.00	0.00	0.00	0.00	0.00	0.00	0.00	0.00	0.00	0.00	0.00	0.00	0.00	1.00	0.00	0.00	0.00	0.00	0.00	0.00	0.00
162K 1.00	0.10	0.01	0.04	0.12	0.02	0.06	0.06	0.04	1.00	0.07	0.03	0.09	0.07	0.23	0.39	0.14	0.77	0.05	0.01	0.03
163N 1.00	0.47	0.04	0.77	0.60	0.05	0.50	0.23	0.05	0.32	0.08	0.03	1.00	0.16	0.24	0.17	0.48	0.24	0.07	0.02	0.09
164L 1.00	0.01	0.00	0.00	0.00	0.02	0.00	0.00	0.16	0.00	1.00	0.02	0.00	0.00	0.00	0.00	0.00	0.00	0.02	0.07	0.00
165R 1.00	0.00	0.00	0.00	0.00	0.00	0.00	0.00	0.00	0.00	0.00	0.00	0.00	0.00	0.00	1.00	0.00	0.00	0.00	0.00	0.00
166G 1.00	0.00	0.00	0.00	0.00	0.00	1.00	0.00	0.00	0.00	0.00	0.00	0.00	0.00	0.00	0.00	0.00	0.00	0.00	0.00	0.00
167M 1.00	1.00	0.01	0.00	0.00	0.00	0.03	0.00	0.00	0.01	0.01	0.07	0.00	0.01	0.00	0.00	0.16	0.01	0.01	0.00	0.00
168V 1.00	0.01	0.00	0.00	0.00	0.31	0.00	0.00	0.04	0.00	1.00	0.03	0.00	0.00	0.00	0.00	0.00	0.01	0.10	0.00	0.01
169G 1.00	0.00	0.00	0.00	0.00	0.00	1.00	0.00	0.00	0.00	0.00	0.00	0.00	0.00	0.00	0.00	0.00	0.00	0.00	0.00	0.00
170T 1.00	0.09	0.02	0.01	0.02	0.01	0.01	0.01	0.07	0.02	0.05	0.02	0.02	0.03	0.18	0.02	0.08	1.00	0.53	0.00	0.01
171M 1.00	0.03	0.01	0.00	0.08	0.10	0.01	0.01	0.13	0.01	1.00	0.24	0.01	0.01	0.01	0.01	0.01	0.02	0.55	0.01	0.01
172T 1.00	0.21	0.05	0.30	0.12	0.03	0.21	0.18	0.06	0.14	0.06	0.03	0.65	0.28	0.10	0.08	0.73	1.00	0.09	0.02	0.05
173E 1.00	0.18	0.00	0.06	0.27	0.00	0.01	0.01	0.00	0.03	0.01	0.00	0.01	0.02	1.00	0.01	0.02	0.01	0.01	0.00	0.00
174V 1.00	0.01	0.00	0.00	0.00	0.01	0.00	0.00	0.19	0.00	1.00	0.01	0.00	0.00	0.00	0.00	0.00	0.00	0.18	0.00	0.00
175F 1.00	1.00	0.10	0.09	0.09	0.08	0.56	0.02	0.05	0.10	0.11	0.05	0.08	0.24	0.07	0.07	0.49	0.17	0.16	0.02	0.05
pos	A	C	D	E	F	G	H	I	K	L	M	N	P	Q	R	S	T	V	W	Y
176V 1.00	0.00	0.00	0.00	0.00	0.00	0.00	0.00	1.00	0.00	0.01	0.00	0.00	0.00	0.00	0.00	0.00	0.00	0.16	0.00	0.00
177I 1.00	0.10	0.20	0.01	0.01	0.01	0.00	0.00	0.32	0.02	0.08	0.02	0.01	0.02	0.01	0.01	0.02	0.47	1.00	0.00	0.00
178V 1.00	0.01	0.00	0.00	0.00	0.01	0.00	0.00	0.90	0.00	0.19	0.01	0.00	0.00	0.00	0.00	0.00	0.07	1.00	0.00	0.00
179G 1.00	0.00	0.00	0.00	0.00	0.00	1.00	0.00	0.00	0.00	0.00	0.00	0.00	0.00	0.00	0.00	0.00	0.00	0.00	0.00	0.00
180V 1.00	0.00	0.00	0.00	0.00	0.00	0.00	0.00	1.00	0.00	0.02	0.00	0.00	0.00	0.00	0.00	0.00	0.00	0.34	0.00	0.00
181F 1.00	0.01	0.00	0.00	0.00	0.22	0.00	0.00	0.02	0.00	1.00	0.02	0.00	0.00	0.00	0.00	0.00	0.00	0.01	0.00	0.01
182L 1.00	0.01	0.00	0.00	0.00	0.01	0.00	0.00	0.44	0.00	0.23	0.01	0.00	0.00	0.00	0.00	0.00	0.20	1.00	0.00	0.00
183A 1.00	1.00	0.00	0.00	0.00	0.00	0.15	0.00	0.00	0.00	0.00	0.00	0.00	0.01	0.00	0.00	0.02	0.01	0.01	0.00	0.00
184Q 1.00	0.00	0.00	0.00	0.00	0.00	0.00	0.00	0.00	0.00	0.00	0.00	0.00	0.00	1.00	0.00	0.00	0.00	0.00	0.00	0.00
185I 1.00	0.00	0.00	0.00	0.00	0.01	0.00	0.00	1.00	0.00	0.35	0.01	0.00	0.00	0.00	0.00	0.00	0.01	0.60	0.00	0.00
186F 1.00	0.01	0.00	0.00	0.00	1.00	0.00	0.00	0.04	0.00	0.42	0.02	0.00	0.00	0.00	0.00	0.00	0.00	0.07	0.00	0.01
187S 1.00	0.03	0.00	0.01	0.00	0.00	1.00	0.00	0.00	0.00	0.00	0.00	0.01	0.01	0.00	0.00	0.14	0.01	0.00	0.00	0.00
188L 1.00	0.00	0.00	0.00	0.00	0.00	0.00	0.00	0.00	0.00	1.00	0.00	0.00	0.00	0.00	0.00	0.00	0.00	0.00	0.00	0.00
189Q 1.00	0.29	0.01	0.57	1.00	0.02	0.13	0.06	0.06	0.42	0.10	0.04	0.17	0.20	0.37	0.34	0.23	0.19	0.09	0.01	0.03
190A 1.00	0.80	0.12	0.47	0.82	0.44	0.42	0.33	0.30	0.69	0.53	0.17	0.49	0.26	0.49	0.48	1.00	0.53	0.47	0.10	0.51
191I 1.00	0.01	0.00	0.00	0.00	0.02	0.00	0.00	1.00	0.00	0.66	0.17	0.00	0.00	0.00	0.00	0.00	0.01	0.12	0.00	0.00
192L 0.97	0.00	0.00	0.00	0.00	0.01	0.00	0.00	0.02	0.00	1.00	0.28	0.00	0.00	0.00	0.00	0.00	0.00	0.01	0.00	0.00
193G 1.00	0.35	0.01	0.01	0.01	0.00	1.00	0.00	0.00	0.01	0.01	0.00	0.01	0.02	0.01	0.08	0.03	0.01	0.01	0.00	0.00
194N 1.00	0.14	0.02	0.13	0.10	0.02	0.09	0.04	0.04	0.38	0.05	0.02	1.00	0.07	0.19	0.09	0.68	0.99	0.06	0.01	0.02
195P 1.00	0.35	0.01	0.31	1.00	0.01	0.08	0.03	0.03	0.21	0.06	0.02	0.09	0.13	0.25	0.09	0.13	0.11	0.10	0.01	0.01
196A 1.00	0.46	0.02	0.62	1.00	0.02	0.17	0.06	0.08	0.48	0.13	0.05	0.22	0.14	0.29	0.22	0.55	0.45	0.13	0.01	0.02
197G 1.00	1.00	0.11	0.16	0.14	0.17	0.56	0.05	0.29	0.18	0.79	0.20	0.18	0.27	0.13	0.14	0.64	0.40	0.30	0.03	0.07
198W 1.00	0.00	0.00	0.00	0.00	0.00	0.00	0.00	0.00	0.00	0.00	0.00	0.00	0.00	0.00	0.00	0.00	0.00	0.00	1.00	0.00
199P 1.00	0.00	0.00	0.00	0.00	0.00	0.00	0.00	0.00	0.00	0.00	0.00	0.00	1.00	0.00	0.00	0.00	0.00	0.00	0.00	0.00
200V 1.00	0.02	0.01	0.01	0.01	0.04	0.09	0.00	1.00	0.01	0.89	0.04	0.01	0.01	0.01	0.01	0.01	0.03	0.68	0.01	0.21
pos	A	C	D	E	F	G	H	I	K	L	M	N	P	Q	R	S	T	V	W	Y
201L 1.00	0.00	0.00	0.00	0.00	0.00	0.00	0.00	0.00	0.00	1.00	0.00	0.00	0.00	0.00	0.00	0.00	0.00	0.00	0.00	0.00
202L 1.00	0.00	0.00	0.00	0.00	0.14	0.00	0.00	0.02	0.00	1.00	0.01	0.00	0.00	0.00	0.00	0.00	0.00	0.01	0.00	0.01
203A 1.00	0.29	0.00	0.00	0.00	0.00	1.00	0.00	0.00	0.00	0.00	0.00	0.00	0.01	0.00	0.00	0.20	0.01	0.01	0.00	0.00
204L 1.00	0.02	0.00	0.00	0.00	0.37	0.00	0.00	0.29	0.01	1.00	0.04	0.00	0.01	0.01	0.01	0.01	0.01	0.50	0.00	0.01
205T 1.00	0.08	0.02	0.02	0.02	0.02	0.01	0.01	0.40	0.02	0.07	0.02	0.03	0.03	0.02	0.01	0.10	1.00	0.13	0.00	0.01
206G 1.00	0.09	0.02	0.02	0.02	0.09	0.05	0.02	1.00	0.03	0.40	0.08	0.02	0.02	0.02	0.03	0.05	0.07	0.95	0.01	0.06
207V 1.00	0.01	0.00	0.00	0.00	0.02	0.10	0.00	0.74	0.01	0.51	0.02	0.00	0.00	0.00	0.00	0.01	0.01	1.00	0.00	0.01
208P 1.00	0.00	0.00	0.00	0.00	0.00	0.00	0.00	0.00	0.00	0.00	0.00	0.00	1.00	0.00	0.00	0.00	0.00	0.00	0.00	0.00
209A 1.00	1.00	0.00	0.00	0.00	0.00	0.01	0.00	0.00	0.00	0.00	0.00	0.00	0.01	0.00	0.00	0.01	0.03	0.01	0.00	0.00
210L 0.97	0.13	0.01	0.01	0.01	0.06	0.08	0.00	0.93	0.02	0.64	0.06	0.01	0.01	0.01	0.01	0.02	0.04	1.00	0.01	0.03
211L 0.97	0.01	0.00	0.00	0.00	0.01	0.00	0.00	0.19	0.00	1.00	0.01	0.00	0.00	0.00	0.00	0.00	0.00	0.20	0.00	0.00
212Q 1.00	0.08	0.00	0.01	0.01	0.00	0.02	0.00	0.00	0.01	0.00	0.00	0.00	0.01	1.00	0.01	0.02	0.01	0.01	0.00	0.00
213L 1.00	0.52	0.25	0.04	0.06	0.12	0.20	0.03	0.26	0.07	1.00	0.16	0.05	0.12	0.06	0.05	0.34	0.18	0.32	0.02	0.05
214L 1.00	0.49	0.03	0.01	0.02	0.06	0.01	0.01	0.66	0.02	1.00	0.08	0.01	0.03	0.02	0.02	0.02	0.10	0.71	0.01	0.02
215T 1.00	0.65	0.16	0.10	0.16	0.33	0.13	0.22	0.54	0.17	0.69	0.17	0.15	0.15	0.15	0.16	0.29	0.44	1.00	0.08	0.39
216L 1.00	0.01	0.00	0.00	0.00	0.01	0.00	0.00	0.02	0.00	1.00	0.02	0.00	0.06	0.00	0.00	0.00	0.00	0.01	0.00	0.00
217P 1.00	0.02	0.00	0.00	0.00	0.01	0.02	0.00	0.01	0.01	0.06	0.01	0.00	1.00	0.00	0.01	0.01	0.01	0.01	0.00	0.00
218F 1.00	0.00	0.03	0.00	0.00	1.00	0.00	0.00	0.01	0.00	0.08	0.01	0.00	0.00	0.00	0.00	0.00	0.00	0.01	0.01	0.02
219F 1.00	0.19	0.29	0.02	0.03	0.53	0.05	0.03	0.35	0.04	1.00	0.21	0.03	0.05	0.04	0.04	0.07	0.08	0.27	0.05	0.17
220P 1.00	0.00	0.00	0.00	0.00	0.00	0.00	0.00	0.00	0.00	0.00	0.00	0.00	1.00	0.00	0.00	0.00	0.00	0.00	0.00	0.00
221E 1.00	0.01	0.00	0.15	1.00	0.00	0.00	0.00	0.00	0.01	0.00	0.00	0.00	0.00	0.01	0.00	0.00	0.00	0.00	0.00	0.00
222S 1.00	0.00	0.00	0.00	0.00	0.00	0.00	0.00	0.00	0.00	0.00	0.00	0.00	0.00	0.00	0.00	1.00	0.00	0.00	0.00	0.00
223P 1.00	0.00	0.00	0.00	0.00	0.00	0.00	0.00	0.00	0.00	0.00	0.00	0.00	1.00	0.00	0.00	0.00	0.00	0.00	0.00	0.00
224R 1.00	0.00	0.00	0.00	0.00	0.00	0.00	0.00	0.00	0.00	0.00	0.00	0.00	0.00	0.00	1.00	0.00	0.00	0.00	0.00	0.00
225Y 1.00	0.00	0.00	0.00	0.00	0.65	0.00	0.00	0.01	0.00	0.02	0.00	0.00	0.00	0.00	0.00	0.00	0.00	0.01	0.01	1.00
pos	A	C	D	E	F	G	H	I	K	L	M	N	P	Q	R	S	T	V	W	Y
226S 1.00	0.02	0.00	0.01	0.00	0.01	0.01	0.00	0.02	0.01	1.00	0.01	0.01	0.01	0.01	0.00	0.10	0.11	0.02	0.00	0.00
227L 1.00	0.00	0.00	0.00	0.00	0.04	0.00	0.00	0.01	0.00	1.00	0.01	0.00	0.00	0.00	0.00	0.00	0.00	0.01	0.01	0.15
228I 1.00	0.00	0.00	0.00	0.00	0.01	0.00	0.00	1.00	0.00	0.17	0.01	0.00	0.00	0.00	0.00	0.00	0.00	0.02	0.00	0.00
229Q 0.97	0.23	0.01	0.52	1.00	0.03	0.14	0.08	0.10	0.34	0.08	0.03	0.38	0.13	0.41	0.18	0.18	0.15	0.08	0.01	0.04
230K 0.97	0.01	0.00	0.00	0.01	0.00	0.01	0.01	0.00	1.00	0.01	0.00	0.01	0.01	0.07	0.81	0.01	0.01	0.01	0.00	0.00
231G 1.00	0.13	0.01	0.08	0.18	0.03	0.23	0.14	0.05	1.00	0.11	0.06	0.34	0.09	0.26	0.64	0.13	0.13	0.07	0.02	0.06
232D 1.00	0.20	0.01	0.63	1.00	0.02	0.10	0.04	0.04	0.25	0.16	0.02	0.25	0.10	0.26	0.10	0.15	0.12	0.06	0.01	0.02
233E 1.00	0.05	0.00	0.02	1.00	0.00	0.00	0.00	0.00	0.01	0.00	0.00	0.00	0.01	0.01	0.00	0.01	0.00	0.00	0.00	0.00
234A 1.00	0.71	0.05	0.78	1.00	0.05	0.50	0.15	0.14	0.74	0.23	0.08	0.69	0.27	0.50	0.41	0.68	0.47	0.22	0.02	0.06
235T 1.00	0.67	0.04	0.41	0.71	0.04	0.28	0.12	0.14	1.00	0.24	0.08	0.43	0.29	0.52	0.80	0.51	0.50	0.21	0.02	0.05
236A 1.00	1.00	0.06	0.00	0.00	0.00	0.02	0.00	0.00	0.00	0.00	0.00	0.00	0.01	0.00	0.00	0.01	0.01	0.01	0.00	0.00
237R 1.00	0.09	0.01	0.04	0.22	0.01	0.05	0.05	0.03	1.00	0.06	0.02	0.07	0.05	0.20	0.72	0.08	0.19	0.22	0.01	0.02
238Q 1.00	0.16	0.01	0.13	0.51	0.01	0.08	0.03	0.04	1.00	0.06	0.02	0.20	0.06	0.65	0.34	0.59	0.21	0.06	0.00	0.01
239A 1.00	1.00	0.06	0.02	0.04	0.03	0.04	0.01	0.59	0.05	0.21	0.06	0.02	0.07	0.03	0.03	0.24	0.20	0.88	0.01	0.01
240L 1.00	0.00	0.00	0.00	0.00	0.14	0.00	0.00	0.02	0.00	1.00	0.01	0.00	0.00	0.00	0.00	0.00	0.00	0.01	0.00	0.01
241R 1.00	0.02	0.00	0.00	0.03	0.00	0.01	0.02	0.01	0.69	0.02	0.01	0.02	0.01	1.00	0.43	0.01	0.02	0.01	0.00	0.01
242R 1.00	0.05	0.01	0.01	0.05	0.01	0.03	0.03	0.02	0.53	0.04	0.01	0.05	0.03	0.09	1.00	0.15	0.45	0.03	0.01	0.02
243L 1.00	0.00	0.00	0.00	0.00	0.14	0.00	0.00	0.06	0.00	1.00	0.01	0.00	0.00	0.00	0.00	0.00	0.00	0.01	0.00	0.00
244R 1.00	0.25	0.04	0.05	0.22	0.14	0.14	0.16	0.23	0.99	0.60	0.15	0.18	0.15	0.36	1.00	0.24	0.34	0.22	0.10	0.13
245G 1.00	0.00	0.00	0.00	0.00	0.00	1.00	0.00	0.00	0.00	0.00	0.00	0.00	0.00	0.00	0.00	0.00	0.00	0.00	0.00	0.00
246H 1.00	0.22	0.04	0.13	0.26	0.10	0.18	0.19	0.10	1.00	0.21	0.07	0.26	0.15	0.38	0.82	0.26	0.36	0.14	0.11	0.16
247T 1.00	0.81	0.05	0.64	1.00	0.05	0.37	0.13	0.18	0.93	0.30	0.10	0.50	0.27	0.60	0.52	0.73	0.58	0.28	0.02	0.04
248D 1.00	0.01	0.00	1.00	0.01	0.00	0.02	0.01	0.00	0.01	0.00	0.00	0.10	0.00	0.01	0.00	0.14	0.01	0.00	0.00	0.00
249M 1.00	0.01	0.00	0.00	0.00	0.00	0.00	0.00	0.02	0.00	0.02	0.06	0.00	0.00	0.00	0.00	0.00	0.01	1.00	0.00	0.00
250E 1.00	0.48	0.03	0.69	0.71	0.04	0.20	0.12	0.14	0.49	0.17	0.06	0.26	0.15	0.31	0.28	1.00	0.52	0.19	0.01	0.03
pos	A	C	D	E	F	G	H	I	K	L	M	N	P	Q	R	S	T	V	W	Y
251A 1.00	0.92	0.05	0.66	1.00	0.06	0.40	0.14	0.19	0.90	0.33	0.13	0.48	0.27	0.82	0.75	0.74	0.56	0.28	0.02	0.05
252E 1.00	0.13	0.00	0.57	1.00	0.00	0.02	0.01	0.01	0.05	0.01	0.00	0.02	0.03	0.07	0.01	0.03	0.02	0.09	0.00	0.01
253L 1.00	0.01	0.00	0.00	0.00	0.03	0.00	0.00	0.82	0.01	1.00	0.38	0.00	0.00	0.00	0.00	0.01	0.01	0.55	0.00	0.01
254E 1.00	0.35	0.00	0.16	1.00	0.01	0.04	0.02	0.01	0.07	0.02	0.01	0.03	0.04	0.61	0.02	0.10	0.04	0.02	0.00	0.01
255D 1.00	0.01	0.00	0.08	1.00	0.00	0.00	0.00	0.00	0.01	0.00	0.00	0.00	0.00	0.01	0.00	0.00	0.00	0.00	0.00	0.00
256M 1.00	0.01	0.00	0.00	0.00	0.02	0.00	0.00	0.65	0.00	0.34	1.00	0.00	0.00	0.00	0.00	0.00	0.01	0.34	0.00	0.00
257R 0.97	0.04	0.00	0.01	0.06	0.01	0.03	0.04	0.02	1.00	0.20	0.01	0.04	0.03	0.15	0.65	0.03	0.04	0.02	0.01	0.02
258A 1.00	0.71	0.04	0.72	1.00	0.04	0.27	0.09	0.14	0.73	0.25	0.08	0.36	0.20	0.48	0.43	0.53	0.47	0.21	0.01	0.03
259E 1.00	0.00	0.00	0.00	1.00	0.00	0.00	0.00	0.00	0.00	0.00	0.00	0.00	0.00	0.00	0.00	0.00	0.00	0.00	0.00	0.00
260A 1.00	0.38	0.02	0.75	0.58	0.02	0.24	0.06	0.06	0.51	0.10	0.04	0.24	0.12	0.23	0.18	1.00	0.21	0.10	0.01	0.02
261R 1.00	0.47	0.04	0.09	0.49	0.05	0.06	0.04	0.24	0.20	0.19	0.13	0.08	0.08	0.12	1.00	0.12	0.19	0.43	0.01	0.04
262A 1.00	0.49	0.03	0.21	0.44	0.04	0.19	0.12	0.11	1.00	0.20	0.07	0.24	0.16	0.47	0.79	0.31	0.32	0.22	0.02	0.06
263E 1.00	0.36	0.03	0.48	1.00	0.14	0.13	0.08	0.26	0.34	0.66	0.21	0.13	0.16	0.32	0.18	0.19	0.19	0.27	0.03	0.07
264R 1.00	0.43	0.03	0.31	0.74	0.03	0.20	0.08	0.10	1.00	0.17	0.35	0.26	0.15	0.44	0.81	0.76	0.30	0.15	0.01	0.03
265A 1.00	1.00	0.08	0.16	0.32	0.05	0.45	0.12	0.09	0.86	0.19	0.07	0.22	0.26	0.46	0.82	0.58	0.36	0.19	0.03	0.08
266E 1.00	0.61	0.09	0.09	0.45	0.06	0.04	0.02	0.52	0.10	0.34	0.10	0.05	0.12	0.09	0.05	0.11	0.33	1.00	0.01	0.02
267G 1.00	0.14	0.01	0.04	0.17	0.03	0.28	0.11	0.05	1.00	0.12	0.04	0.14	0.10	0.28	0.80	0.11	0.13	0.07	0.02	0.06
268H 1.00	0.58	0.18	0.24	0.39	0.70	0.38	0.58	0.42	0.71	0.71	0.24	0.37	0.26	0.44	0.68	0.47	0.47	0.53	0.19	1.00
269L 1.00	0.07	0.00	0.00	0.00	0.01	0.00	0.00	0.47	0.00	0.40	0.07	0.00	0.00	0.00	0.00	0.00	0.01	1.00	0.00	0.00
270S 1.00	0.01	0.00	0.01	0.00	0.00	0.00	0.00	0.00	0.01	0.00	0.00	0.01	0.01	0.00	0.00	1.00	0.65	0.01	0.00	0.00
271V 1.00	0.00	0.00	0.00	0.00	0.00	0.00	0.00	0.25	0.00	0.17	0.00	0.00	0.00	0.00	0.00	0.00	0.00	1.00	0.00	0.00
272L 1.00	0.01	0.00	0.00	0.00	0.02	0.00	0.00	0.04	0.00	1.00	0.05	0.00	0.00	0.00	0.06	0.00	0.00	0.02	0.07	0.00
273H 1.00	0.19	0.01	0.09	1.00	0.01	0.05	0.12	0.03	0.43	0.04	0.01	0.17	0.04	0.28	0.08	0.10	0.14	0.04	0.00	0.01
274L 1.00	0.00	0.00	0.00	0.00	0.01	0.00	0.00	0.01	0.00	1.00	0.05	0.00	0.00	0.00	0.00	0.00	0.00	0.01	0.00	0.00
275C 1.00	0.02	0.16	0.00	0.01	1.00	0.00	0.00	0.09	0.01	0.57	0.05	0.00	0.01	0.01	0.01	0.01	0.01	0.05	0.02	0.08
pos	A	C	D	E	F	G	H	I	K	L	M	N	P	Q	R	S	T	V	W	Y
276A 1.00	0.27	0.02	0.04	0.13	0.02	0.21	0.06	0.04	0.58	0.08	0.03	0.09	0.08	0.18	1.00	0.12	0.20	0.06	0.01	0.03
277L 1.00	0.34	0.08	0.05	0.08	0.27	0.09	0.10	0.49	0.09	1.00	0.25	0.08	0.10	0.09	0.09	0.15	0.21	0.58	0.05	0.18
278R 1.00	0.31	0.03	0.14	0.34	0.06	0.19	0.16	0.09	1.00	0.19	0.06	0.22	0.25	0.40	0.93	0.28	0.25	0.13	0.03	0.10
279S 1.00	0.56	0.09	0.20	0.26	0.27	0.29	0.22	0.19	0.26	0.30	0.14	0.38	0.23	0.21	0.22	1.00	0.66	0.26	0.07	0.53
280L 1.00	0.23	0.08	0.08	0.11	0.34	0.13	0.33	0.28	0.13	1.00	0.17	0.13	0.09	0.13	0.15	0.16	0.17	0.40	0.08	0.77
281R 1.00	0.10	0.01	0.00	0.01	0.03	0.02	0.01	0.02	0.03	0.03	0.01	0.01	0.01	0.01	1.00	0.02	0.02	0.06	0.00	0.01
282W 1.00	0.12	0.04	0.11	0.12	0.04	0.20	0.05	0.05	0.18	0.12	0.03	0.09	0.12	1.00	0.16	0.09	0.08	0.06	0.95	0.04
283Q 1.00	1.00	0.11	0.62	0.85	0.11	0.89	0.18	0.15	0.77	0.32	0.09	0.39	0.76	0.64	0.58	0.64	0.40	0.27	0.08	0.12
284L 1.00	0.01	0.00	0.00	0.00	0.02	0.00	0.00	0.86	0.00	1.00	0.02	0.00	0.00	0.00	0.00	0.00	0.01	0.62	0.00	0.01
285L 1.00	0.01	0.00	0.00	0.00	0.01	0.00	0.00	1.00	0.00	0.58	0.01	0.00	0.00	0.00	0.00	0.00	0.01	0.35	0.00	0.00
286S 1.00	0.24	0.05	0.09	0.06	0.03	0.07	0.03	0.36	0.09	0.08	0.04	0.16	0.11	0.07	0.06	0.91	1.00	0.16	0.01	0.03
287I 1.00	0.54	0.08	0.02	0.06	0.05	0.01	0.02	0.59	0.06	0.29	0.10	0.03	0.09	0.05	0.04	0.20	0.32	1.00	0.01	0.02
288I 1.00	0.00	0.00	0.00	0.00	0.00	0.00	0.00	1.00	0.00	0.02	0.00	0.00	0.00	0.00	0.00	0.00	0.00	0.56	0.00	0.00
289V 1.00	0.03	0.01	0.00	0.01	0.00	0.00	0.00	0.09	0.01	0.03	0.09	0.00	0.07	0.00	0.00	0.01	0.07	1.00	0.00	0.00
290L 1.00	0.01	0.00	0.00	0.00	0.01	0.00	0.00	0.02	0.00	1.00	0.01	0.00	0.00	0.00	0.00	0.00	0.13	0.02	0.00	0.00
291M 1.00	0.13	0.02	0.05	0.08	0.08	0.08	0.03	0.14	0.13	0.40	1.00	0.04	0.05	0.97	0.11	0.07	0.07	0.11	0.01	0.02
292A 0.97	1.00	0.09	0.07	0.08	0.05	0.50	0.02	0.07	0.09	0.34	0.06	0.06	0.21	0.06	0.06	0.43	0.15	0.16	0.01	0.03
293G 1.00	1.00	0.14	0.15	0.11	0.05	0.69	0.04	0.05	0.12	0.10	0.05	0.16	0.25	0.08	0.08	0.74	0.26	0.16	0.03	0.04
294Q 1.00	0.02	0.01	0.03	0.03	0.01	0.03	0.01	0.01	0.05	0.02	0.00	0.03	0.02	1.00	0.04	0.02	0.02	0.01	0.00	0.14
295Q 1.00	0.00	0.00	0.00	0.00	0.00	0.00	0.00	0.00	0.00	0.00	0.00	0.00	0.00	1.00	0.00	0.00	0.00	0.00	0.00	0.00
296L 1.00	0.00	0.00	0.00	0.00	0.03	0.00	0.00	0.01	0.00	1.00	0.01	0.00	0.00	0.00	0.00	0.00	0.00	0.01	0.00	0.00
297S 1.00	0.07	0.14	0.01	0.01	0.00	0.04	0.00	0.01	0.01	0.01	0.00	0.01	0.02	0.01	0.01	1.00	0.04	0.01	0.00	0.00
298G 1.00	0.00	0.00	0.00	0.00	0.00	1.00	0.00	0.00	0.00	0.00	0.00	0.00	0.00	0.00	0.00	0.00	0.00	0.00	0.00	0.00
299I 1.00	0.00	0.00	0.00	0.00	0.01	0.00	0.00	1.00	0.00	0.21	0.01	0.00	0.00	0.00	0.00	0.00	0.00	0.48	0.00	0.00
300N 1.00	0.00	0.00	0.00	0.00	0.00	0.00	0.00	0.00	0.00	0.00	0.00	1.00	0.00	0.00	0.00	0.00	0.00	0.00	0.00	0.00
pos	A	C	D	E	F	G	H	I	K	L	M	N	P	Q	R	S	T	V	W	Y
301A 1.00	1.00	0.00	0.00	0.00	0.00	0.00	0.00	0.00	0.00	0.00	0.00	0.00	0.00	0.00	0.00	0.00	0.00	0.00	0.00	0.00
302I 1.00	0.00	0.00	0.00	0.00	0.01	0.00	0.00	0.82	0.00	0.03	0.01	0.00	0.00	0.00	0.00	0.00	0.01	1.00	0.00	0.00
303N 1.00	0.07	0.02	0.03	0.04	1.00	0.05	0.07	0.05	0.04	0.09	0.03	0.26	0.03	0.04	0.05	0.06	0.05	0.07	0.24	0.62
304Y 1.00	0.00	0.00	0.00	0.00	0.17	0.00	0.00	0.00	0.00	0.01	0.00	0.00	0.00	0.00	0.00	0.00	0.00	0.00	0.01	1.00
305Y 1.00	0.00	0.00	0.00	0.00	0.00	0.00	0.00	0.00	0.00	0.00	0.00	0.00	0.00	0.00	0.00	0.00	0.00	0.00	0.00	1.00
306A 0.97	0.67	0.01	0.01	0.01	0.00	0.02	0.00	0.01	0.01	0.01	0.00	0.02	0.02	0.01	0.01	1.00	0.30	0.01	0.00	0.00
307D 1.00	0.22	0.05	1.00	0.26	0.04	0.53	0.16	0.04	0.24	0.05	0.02	0.96	0.16	0.17	0.12	0.65	0.82	0.06	0.02	0.09
308T 1.00	0.46	0.06	0.13	0.12	0.03	0.44	0.04	0.06	0.14	0.08	0.04	0.17	0.15	0.35	0.09	1.00	0.74	0.18	0.02	0.04
309I 1.00	0.00	0.00	0.00	0.00	0.00	0.00	0.00	1.00	0.00	0.00	0.00	0.00	0.00	0.00	0.00	0.00	0.00	0.00	0.00	0.00
310Y 1.00	0.00	0.00	0.00	0.00	1.00	0.00	0.00	0.01	0.00	0.02	0.00	0.00	0.00	0.00	0.00	0.00	0.00	0.01	0.01	0.64
311T 1.00	0.63	0.05	0.57	1.00	0.05	0.33	0.13	0.16	0.97	0.29	0.09	0.42	0.25	0.56	0.60	0.59	0.49	0.24	0.02	0.06
312S 1.00	0.41	0.03	0.58	0.53	0.03	0.21	0.08	0.10	0.89	0.20	0.06	0.29	0.16	0.33	0.38	1.00	0.43	0.16	0.01	0.03
313A 1.00	1.00	0.00	0.00	0.00	0.00	0.02	0.00	0.00	0.00	0.00	0.00	0.00	0.06	0.00	0.00	0.05	0.01	0.01	0.00	0.00
314G 0.97	0.00	0.00	0.00	0.00	0.00	1.00	0.00	0.00	0.00	0.00	0.00	0.00	0.00	0.00	0.00	0.00	0.00	0.00	0.00	0.00
315V 0.97	0.00	0.00	0.00	0.00	0.00	0.00	0.00	0.23	0.00	0.02	0.00	0.00	0.00	0.00	0.00	0.00	0.00	1.00	0.00	0.00
316E 0.91	0.46	0.03	0.54	1.00	0.03	0.23	0.08	0.11	0.70	0.23	0.06	0.32	0.37	0.70	0.31	0.43	0.34	0.17	0.01	0.03
317A 0.36	0.59	0.02	0.73	1.00	0.03	0.19	0.07	0.09	0.56	0.14	0.05	0.24	0.79	0.32	0.24	0.58	0.27	0.14	0.01	0.02
318A 0.45	0.78	0.05	0.66	1.00	0.05	0.39	0.12	0.17	0.86	0.28	0.10	0.49	0.26	0.57	0.48	0.69	0.60	0.26	0.02	0.04
319H 1.00	0.13	0.00	0.77	1.00	0.01	0.05	0.27	0.02	0.45	0.03	0.01	0.06	0.07	0.92	0.05	0.07	0.06	0.03	0.01	0.02
320S 1.00	0.47	0.09	0.05	0.08	0.05	0.04	0.03	0.49	0.09	0.29	0.09	0.09	0.37	0.07	0.05	0.37	0.63	1.00	0.01	0.03
321Q 1.00	0.47	0.09	0.03	0.07	0.05	0.01	0.02	0.46	0.07	0.32	0.10	0.03	0.10	0.06	0.04	0.08	0.32	1.00	0.01	0.02
322Y 1.00	0.00	0.00	0.00	0.00	0.06	0.00	0.00	0.00	0.00	0.01	0.00	0.00	0.00	0.00	0.00	0.00	0.00	0.00	0.01	1.00
323V 1.00	1.00	0.04	0.02	0.04	0.07	0.09	0.01	0.17	0.04	0.14	0.04	0.02	0.07	0.03	0.03	0.10	0.12	0.98	0.02	0.13
324T 1.00	0.00	0.00	0.00	0.00	0.00	0.00	0.00	0.00	0.00	0.00	0.00	0.00	0.00	0.00	0.00	0.00	1.00	0.00	0.00	0.00
325V 1.00	0.40	0.01	0.00	0.01	0.03	0.01	0.00	1.00	0.01	0.41	0.03	0.01	0.01	0.01	0.01	0.01	0.04	0.44	0.00	0.01
pos	A	C	D	E	F	G	H	I	K	L	M	N	P	Q	R	S	T	V	W	Y
326G 1.00	0.10	0.00	0.00	0.00	0.00	1.00	0.00	0.00	0.00	0.00	0.00	0.00	0.01	0.00	0.00	0.20	0.01	0.01	0.00	0.00
327S 1.00	0.84	0.01	0.01	0.01	0.00	0.02	0.00	0.01	0.01	0.01	0.01	0.02	0.02	0.01	0.01	0.71	1.00	0.02	0.00	0.00
328G 1.00	0.00	0.00	0.00	0.00	0.00	1.00	0.00	0.00	0.00	0.00	0.00	0.00	0.00	0.00	0.00	0.00	0.00	0.00	0.00	0.00
329V 1.00	0.48	0.03	0.02	0.03	0.05	0.24	0.01	0.71	0.03	0.24	0.05	0.02	0.06	0.02	0.03	0.13	0.07	1.00	0.01	0.03
330V 1.00	0.00	0.00	0.00	0.00	0.00	0.00	0.00	0.24	0.00	0.01	0.00	0.00	0.00	0.00	0.00	0.00	0.00	1.00	0.00	0.00
331N 1.00	0.01	0.00	0.04	0.15	0.00	0.02	0.01	0.00	0.01	0.00	0.00	1.00	0.01	0.01	0.01	0.02	0.01	0.00	0.00	0.00
332I 1.00	0.11	0.02	0.01	0.02	0.03	0.00	0.00	0.37	0.02	0.24	0.04	0.01	0.02	0.01	0.01	0.02	1.00	0.79	0.00	0.01
333V 1.00	0.35	0.01	0.01	0.01	0.17	0.01	0.00	0.73	0.01	0.77	0.05	0.01	0.01	0.01	0.01	0.01	0.04	1.00	0.00	0.01
334M 1.00	0.28	0.02	0.01	0.02	1.00	0.02	0.01	0.37	0.02	0.75	0.71	0.02	0.03	0.03	0.02	0.02	0.05	0.20	0.02	0.05
335T 1.00	0.15	0.00	0.00	0.00	0.00	0.01	0.00	0.00	0.00	0.00	0.00	0.00	0.01	0.00	0.00	0.02	1.00	0.01	0.00	0.00
336I 1.00	0.01	0.00	0.00	0.00	0.11	0.00	0.00	0.45	0.00	0.43	0.07	0.00	0.00	0.00	0.00	0.00	0.01	1.00	0.00	0.00
337T 1.00	0.13	0.28	0.01	0.02	0.17	0.00	0.01	0.18	0.02	0.22	0.04	0.01	0.03	0.02	0.01	0.02	0.16	1.00	0.00	0.01
338S 1.00	0.22	0.00	0.00	0.00	0.00	0.01	0.00	0.00	0.00	0.00	0.00	0.01	0.01	0.00	0.00	1.00	0.19	0.01	0.00	0.00
339A 1.00	0.15	0.01	0.01	0.01	0.07	0.13	0.00	0.83	0.02	0.65	0.07	0.01	0.01	0.01	0.02	0.02	0.04	1.00	0.01	0.03
340V 1.00	0.01	0.00	0.00	0.00	1.00	0.00	0.00	0.06	0.00	0.45	0.04	0.00	0.00	0.01	0.00	0.00	0.01	0.20	0.01	0.02
341L 1.00	0.01	0.00	0.00	0.00	0.01	0.00	0.00	0.20	0.00	0.74	0.01	0.00	0.00	0.00	0.00	0.00	0.01	1.00	0.00	0.00
342V 1.00	0.00	0.00	0.00	0.00	0.00	0.00	0.00	0.24	0.00	0.01	0.00	0.00	0.00	0.00	0.00	0.00	0.00	1.00	0.00	0.00
343E 1.00	0.00	0.00	0.00	1.00	0.00	0.00	0.00	0.00	0.00	0.00	0.00	0.00	0.00	0.00	0.00	0.00	0.00	0.00	0.00	0.00
344R 1.00	0.17	0.05	0.07	0.13	0.19	0.12	0.31	0.12	0.34	0.41	0.07	0.12	0.08	0.17	1.00	0.20	0.15	0.15	0.05	0.32
345L 1.00	0.10	0.02	0.01	0.02	0.18	0.02	0.02	0.33	0.03	1.00	0.22	0.02	0.03	0.04	0.02	0.03	0.05	0.19	0.03	0.03
346G 1.00	0.08	0.00	0.00	0.00	0.00	1.00	0.00	0.00	0.00	0.00	0.00	0.00	0.01	0.00	0.00	0.01	0.00	0.00	0.00	0.00
347R 0.97	0.00	0.00	0.00	0.00	0.00	0.00	0.00	0.00	0.00	0.00	0.00	0.00	0.00	0.00	1.00	0.00	0.00	0.00	0.00	0.00
348R 1.00	0.00	0.00	0.00	0.00	0.00	0.00	0.00	0.00	0.00	0.00	0.00	0.00	0.00	0.00	1.00	0.00	0.00	0.00	0.00	0.00
349H 1.00	0.53	0.18	0.21	0.28	0.72	0.33	0.55	0.42	0.30	0.69	0.22	0.32	0.23	0.30	0.35	0.42	0.51	0.52	0.18	1.00
350L 1.00	0.00	0.00	0.00	0.00	0.00	0.00	0.00	0.00	0.00	1.00	0.00	0.00	0.00	0.00	0.00	0.00	0.00	0.00	0.00	0.00
pos	A	C	D	E	F	G	H	I	K	L	M	N	P	Q	R	S	T	V	W	Y
351L 1.00	0.09	0.02	0.03	0.04	0.18	0.05	0.04	0.33	0.06	1.00	0.22	0.04	0.05	0.05	0.06	0.04	0.05	0.19	0.03	0.03
352L 1.00	0.00	0.00	0.00	0.00	0.01	0.00	0.00	0.17	0.00	1.00	0.20	0.00	0.00	0.00	0.00	0.00	0.00	0.01	0.00	0.00
353A 1.00	0.19	0.03	0.02	0.03	0.09	0.16	0.02	1.00	0.04	0.58	0.07	0.03	0.04	0.03	0.03	0.12	0.07	0.76	0.02	0.06
354G 1.00	0.00	0.00	0.00	0.00	0.00	1.00	0.00	0.00	0.00	0.00	0.00	0.00	0.00	0.00	0.00	0.00	0.00	0.00	0.00	0.00
355Y 1.00	0.02	0.01	0.00	0.00	1.00	0.00	0.00	0.05	0.00	0.92	0.03	0.00	0.01	0.00	0.00	0.01	0.01	0.04	0.08	0.51
356G 1.00	0.27	0.01	0.01	0.01	0.00	1.00	0.00	0.00	0.01	0.01	0.00	0.01	0.02	0.00	0.00	0.46	0.01	0.01	0.00	0.00
357I 1.00	0.14	0.04	0.04	0.06	0.24	0.07	0.08	1.00	0.07	0.91	0.20	0.06	0.05	0.06	0.07	0.09	0.12	0.89	0.04	0.16
358C 1.00	0.48	0.73	0.02	0.05	0.17	0.09	0.02	0.41	0.05	1.00	0.84	0.03	0.09	0.05	0.04	0.11	0.16	0.48	0.02	0.03
359G 1.00	1.00	0.12	0.07	0.09	0.17	0.59	0.07	0.10	0.09	0.29	0.07	0.07	0.19	0.08	0.08	0.38	0.16	0.17	0.03	0.12
360S 1.00	0.54	0.39	0.21	0.28	0.83	0.38	0.54	0.50	0.30	0.78	0.22	0.31	0.26	0.30	0.35	0.53	0.49	0.65	0.18	1.00
361A 1.00	1.00	0.30	0.05	0.06	0.14	0.26	0.02	0.14	0.07	0.14	0.05	0.05	0.14	0.05	0.05	0.30	0.27	0.32	0.01	0.05
362C 1.00	0.60	1.00	0.03	0.07	0.38	0.05	0.06	0.64	0.07	0.28	0.08	0.05	0.09	0.06	0.06	0.57	0.25	0.91	0.02	0.10
363L 1.00	0.25	0.15	0.07	0.09	0.26	0.19	0.14	1.00	0.10	0.74	0.14	0.10	0.08	0.09	0.11	0.16	0.20	0.94	0.06	0.28
364V 0.73	0.05	0.01	0.00	0.01	0.13	0.00	0.00	0.15	0.01	0.60	0.04	0.01	0.01	0.01	0.01	0.01	0.27	1.00	0.00	0.01
365L 1.00	0.01	0.00	0.00	0.00	0.02	0.00	0.00	0.03	0.00	1.00	0.91	0.00	0.00	0.00	0.00	0.00	0.00	0.02	0.00	0.00
366T 1.00	0.00	0.00	0.00	0.00	0.00	0.00	0.00	0.00	0.00	0.00	0.00	0.00	0.00	0.00	0.00	0.00	1.00	0.00	0.00	0.00
367V 1.00	0.26	0.01	0.01	0.01	0.02	0.11	0.00	0.91	0.01	0.13	0.02	0.01	0.01	0.00	0.01	0.02	0.02	1.00	0.00	0.01
368V 1.00	1.00	0.01	0.01	0.01	0.00	0.02	0.00	0.01	0.01	0.01	0.00	0.01	0.01	0.01	0.00	0.34	0.24	0.11	0.00	0.00
369L 1.00	0.00	0.00	0.00	0.00	0.00	0.00	0.00	0.00	0.00	1.00	0.00	0.00	0.00	0.00	0.00	0.00	0.00	0.00	0.00	0.00
370L 1.00	1.00	0.13	0.08	0.12	0.17	0.29	0.04	0.57	0.14	0.96	0.23	0.10	0.23	0.11	0.10	0.46	0.57	0.94	0.03	0.05
371F 1.00	0.00	0.00	0.00	0.00	0.07	0.00	0.00	0.02	0.00	1.00	0.04	0.00	0.00	0.00	0.00	0.00	0.00	0.01	0.00	0.00
372Q 1.00	0.15	0.02	0.04	0.21	0.05	0.10	0.11	0.10	1.00	0.40	0.07	0.13	0.11	0.56	0.74	0.11	0.15	0.10	0.02	0.06
373N 1.00	0.01	0.00	1.00	0.55	0.00	0.03	0.01	0.00	0.02	0.00	0.00	0.32	0.01	0.02	0.01	0.13	0.01	0.00	0.00	0.01
374R 1.00	0.68	0.05	0.60	0.94	0.05	0.34	0.25	0.17	0.90	0.28	0.10	0.64	0.25	0.72	1.00	0.66	0.89	0.35	0.02	0.04
375V 0.97	0.30	0.02	0.01	0.02	0.07	0.02	0.02	0.73	0.02	0.49	0.10	0.02	0.02	0.02	0.02	0.03	0.07	1.00	0.01	0.29
pos	A	C	D	E	F	G	H	I	K	L	M	N	P	Q	R	S	T	V	W	Y
376P 0.97	0.04	0.01	0.09	0.14	0.00	0.07	0.02	0.01	0.03	0.01	0.00	0.29	1.00	0.02	0.02	0.69	0.05	0.01	0.00	0.01
377E 1.00	1.00	0.09	0.16	0.27	0.04	0.56	0.04	0.04	0.13	0.09	0.04	0.13	0.23	0.10	0.08	0.49	0.18	0.15	0.48	0.04
378L 1.00	0.01	0.00	0.00	0.00	0.01	0.00	0.00	0.08	0.00	0.23	1.00	0.00	0.00	0.00	0.00	0.00	0.00	0.19	0.00	0.00
379S 1.00	0.71	0.08	0.16	0.13	0.04	0.41	0.05	0.06	0.24	0.10	0.04	0.19	0.49	0.12	0.21	1.00	0.45	0.14	0.02	0.04
380Y 1.00	0.00	0.00	0.00	0.00	0.28	0.00	0.00	0.00	0.00	0.01	0.00	0.00	0.00	0.00	0.00	0.00	0.00	0.00	0.01	1.00
381L 1.00	0.02	0.01	0.00	0.00	0.02	0.01	0.00	0.83	0.01	0.94	0.03	0.00	0.00	0.00	0.01	0.01	0.02	1.00	0.00	0.01
382G 1.00	0.32	0.24	0.04	0.03	0.01	0.25	0.01	0.01	0.04	0.03	0.01	0.04	0.08	0.02	0.02	1.00	0.07	0.05	0.00	0.01
383I 1.00	0.00	0.00	0.00	0.00	0.00	0.00	0.00	1.00	0.00	0.00	0.00	0.00	0.00	0.00	0.00	0.00	0.00	0.00	0.00	0.00
384I 1.00	0.19	0.02	0.01	0.02	0.03	0.20	0.00	0.41	0.02	0.14	0.03	0.01	0.03	0.01	0.01	0.07	0.04	1.00	0.00	0.02
385C 1.00	1.00	0.57	0.02	0.03	0.01	0.33	0.00	0.01	0.03	0.03	0.01	0.02	0.07	0.02	0.02	0.14	0.05	0.05	0.00	0.01
386V 1.00	0.01	0.00	0.00	0.00	0.00	0.00	0.00	1.00	0.00	0.03	0.00	0.00	0.00	0.00	0.00	0.00	0.06	0.56	0.00	0.00
387F 1.00	0.03	0.01	0.00	0.01	0.75	0.01	0.01	0.60	0.01	1.00	0.11	0.01	0.01	0.02	0.01	0.01	0.02	0.11	0.01	0.03
388A 1.00	1.00	0.09	0.07	0.09	0.04	0.55	0.02	0.07	0.10	0.10	0.05	0.07	0.23	0.07	0.07	0.52	0.19	0.21	0.01	0.04
389Y 1.00	0.01	0.00	0.00	0.00	1.00	0.00	0.00	0.24	0.00	0.04	0.01	0.00	0.00	0.00	0.00	0.00	0.00	0.01	0.03	0.95
390I 1.00	0.00	0.00	0.00	0.00	0.00	0.00	0.00	0.34	0.00	0.02	0.00	0.00	0.00	0.00	0.00	0.00	0.00	1.00	0.00	0.00
391A 1.00	1.00	0.05	0.01	0.04	0.04	0.02	0.01	0.65	0.04	0.23	0.06	0.02	0.06	0.03	0.02	0.05	0.18	0.70	0.01	0.01
392G 1.00	1.00	0.13	0.14	0.16	0.27	0.57	0.17	0.17	0.17	0.32	0.11	0.16	0.26	0.14	0.16	0.56	0.28	0.29	0.07	0.32
393H 1.00	0.10	0.05	0.11	0.07	1.00	0.17	0.63	0.10	0.08	0.26	0.06	0.10	0.08	0.06	0.08	0.08	0.07	0.09	0.03	0.07
394S 1.00	1.00	0.11	0.11	0.23	0.04	0.50	0.02	0.05	0.11	0.10	0.04	0.09	0.23	0.08	0.07	0.52	0.21	0.17	0.01	0.03
395I 1.00	0.01	0.00	0.00	0.00	0.02	0.00	0.00	1.00	0.00	0.36	0.02	0.00	0.00	0.00	0.00	0.18	0.01	0.43	0.00	0.01
396G 1.00	0.00	0.00	0.00	0.00	0.00	1.00	0.00	0.00	0.00	0.00	0.00	0.00	0.00	0.00	0.00	0.00	0.00	0.00	0.00	0.00
397P 1.00	0.00	0.00	0.00	0.00	0.00	0.00	0.00	0.00	0.00	0.00	0.00	0.00	1.00	0.00	0.00	0.00	0.00	0.00	0.00	0.00
398S 1.00	0.16	0.01	0.01	0.01	0.00	1.00	0.00	0.00	0.01	0.01	0.00	0.01	0.02	0.01	0.01	0.55	0.01	0.01	0.00	0.00
399P 0.97	0.07	0.01	0.02	0.01	0.00	0.19	0.00	0.00	0.01	0.01	0.00	0.01	1.00	0.01	0.01	0.04	0.02	0.01	0.00	0.00
400V 0.97	0.00	0.00	0.00	0.00	0.00	0.00	0.00	1.00	0.00	0.01	0.00	0.00	0.00	0.00	0.00	0.00	0.00	0.17	0.00	0.00
pos	A	C	D	E	F	G	H	I	K	L	M	N	P	Q	R	S	T	V	W	Y
401P 1.00	0.02	0.00	0.01	0.01	0.01	0.02	0.00	0.07	0.01	0.02	0.01	0.00	1.00	0.00	0.01	0.01	0.01	0.02	0.00	0.00
402S 1.00	1.00	0.15	0.17	0.23	0.53	0.46	0.33	0.26	0.31	0.45	0.16	0.24	0.25	0.24	0.35	0.65	0.41	0.38	0.56	0.59
403V 1.00	0.05	0.01	0.01	0.01	1.00	0.01	0.01	0.68	0.02	0.85	0.09	0.01	0.01	0.02	0.02	0.11	0.04	0.62	0.01	0.03
404V 1.00	0.01	0.00	0.00	0.00	0.07	0.00	0.00	1.00	0.00	0.71	0.02	0.00	0.00	0.00	0.00	0.00	0.01	0.31	0.00	0.00
405R 1.00	0.05	0.01	0.01	0.01	0.04	0.01	0.01	0.55	0.02	0.15	0.03	0.01	0.01	0.01	0.14	0.02	0.18	1.00	0.01	0.08
406T 1.00	1.00	0.02	0.01	0.01	0.01	0.28	0.00	0.01	0.02	0.01	0.01	0.01	0.04	0.01	0.01	0.08	0.69	0.03	0.00	0.00
407E 1.00	0.00	0.00	0.00	1.00	0.00	0.00	0.00	0.00	0.00	0.00	0.00	0.00	0.00	0.00	0.00	0.00	0.00	0.00	0.00	0.00
408I 1.00	0.01	0.00	0.00	0.00	0.23	0.00	0.00	0.70	0.00	1.00	0.03	0.00	0.00	0.01	0.00	0.00	0.01	0.16	0.00	0.01
409F 1.00	0.00	0.00	0.00	0.00	1.00	0.00	0.00	0.01	0.00	0.02	0.00	0.00	0.00	0.00	0.00	0.00	0.00	0.06	0.01	0.03
410L 1.00	1.00	0.11	0.24	0.20	0.08	0.60	0.08	0.10	0.27	0.24	0.08	0.26	0.28	0.16	0.20	0.66	0.36	0.20	0.03	0.08
411Q 1.00	0.00	0.00	0.00	0.00	0.00	0.00	0.00	0.00	0.00	0.00	0.00	0.00	0.00	1.00	0.00	0.00	0.00	0.00	0.00	0.00
412S 1.00	0.89	0.09	0.21	0.12	0.04	1.00	0.05	0.04	0.13	0.09	0.04	0.22	0.24	0.09	0.08	0.96	0.21	0.14	0.02	0.04
413S 1.00	0.17	0.02	0.04	0.03	0.01	0.21	0.01	0.01	0.03	0.02	0.01	0.05	1.00	0.25	0.02	0.74	0.05	0.03	0.00	0.01
414R 1.00	0.00	0.00	0.00	0.00	0.00	0.00	0.00	0.00	0.00	0.00	0.00	0.00	0.00	0.00	1.00	0.00	0.00	0.00	0.00	0.00
415R 1.00	0.02	0.00	0.01	0.01	0.00	0.01	0.00	0.00	0.01	0.00	0.00	0.01	1.00	0.01	0.08	0.09	0.11	0.01	0.00	0.00
416A 1.00	1.00	0.00	0.00	0.00	0.00	0.02	0.00	0.00	0.00	0.00	0.00	0.00	0.07	0.00	0.00	0.12	0.01	0.01	0.00	0.00
417A 1.00	1.00	0.00	0.00	0.00	0.00	0.01	0.00	0.00	0.00	0.00	0.00	0.00	0.01	0.00	0.00	0.01	0.06	0.01	0.00	0.00
418F 1.00	0.10	0.04	0.03	0.05	1.00	0.05	0.08	0.29	0.04	0.32	0.42	0.05	0.04	0.05	0.05	0.08	0.08	0.21	0.20	0.79
419M 1.00	0.66	0.10	0.04	0.09	0.16	0.05	0.05	0.62	0.10	0.73	0.27	0.07	0.12	0.08	0.07	0.17	0.41	1.00	0.04	0.08
420V 0.97	0.00	0.00	0.00	0.00	0.00	0.00	0.00	0.27	0.00	0.02	0.00	0.00	0.00	0.00	0.00	0.00	0.00	1.00	0.00	0.00
421D 0.97	1.00	0.02	0.19	0.04	0.01	0.32	0.01	0.01	0.03	0.02	0.01	0.06	0.06	0.02	0.02	0.12	0.04	0.03	0.00	0.01
422G 1.00	0.00	0.00	0.00	0.00	0.00	1.00	0.00	0.00	0.00	0.00	0.00	0.00	0.00	0.00	0.00	0.00	0.00	0.00	0.00	0.00
423A 1.00	0.78	0.23	0.29	0.36	0.72	0.41	0.54	0.47	0.39	0.72	0.25	0.42	0.30	0.36	0.40	0.87	1.00	0.66	0.19	0.98
424V 1.00	0.90	0.13	0.08	0.10	0.06	0.35	0.03	0.30	0.12	0.25	0.09	0.10	0.22	0.08	0.08	0.84	0.52	1.00	0.02	0.04
425H 1.00	0.01	0.00	0.07	0.02	0.00	0.05	0.59	0.00	0.02	0.00	0.00	1.00	0.01	0.01	0.01	0.04	0.02	0.00	0.00	0.01
pos	A	C	D	E	F	G	H	I	K	L	M	N	P	Q	R	S	T	V	W	Y
426W 1.00	0.00	0.00	0.00	0.00	0.00	0.00	0.00	0.00	0.00	0.00	0.00	0.00	0.00	0.00	0.00	0.00	0.00	0.00	1.00	0.00
427L 1.00	0.09	0.02	0.02	0.02	0.10	0.03	0.01	0.19	0.03	1.00	0.11	0.03	0.04	0.03	0.02	0.09	0.63	0.15	0.01	0.02
428T 1.00	0.03	0.11	0.01	0.01	0.00	0.01	0.00	0.01	0.01	0.01	0.00	0.02	0.01	0.01	0.01	1.00	0.22	0.01	0.00	0.00
429N 1.00	0.00	0.00	0.00	0.00	0.00	0.00	0.00	0.00	0.00	0.00	0.00	1.00	0.00	0.00	0.00	0.00	0.00	0.00	0.00	0.00
430F 1.00	0.00	0.00	0.00	0.00	1.00	0.00	0.00	0.00	0.00	0.00	0.00	0.00	0.00	0.00	0.00	0.00	0.00	0.00	0.00	0.00
431I 1.00	0.46	0.04	0.01	0.03	0.05	0.01	0.01	1.00	0.03	0.72	0.08	0.02	0.04	0.03	0.02	0.04	0.48	0.45	0.01	0.01
432I 1.00	0.00	0.00	0.00	0.00	0.00	0.00	0.00	0.16	0.00	0.01	0.00	0.00	0.00	0.00	0.00	0.00	0.00	1.00	0.00	0.00
433G 1.00	0.00	0.00	0.00	0.00	0.00	1.00	0.00	0.00	0.00	0.00	0.00	0.00	0.00	0.00	0.00	0.00	0.00	0.00	0.00	0.00
434F 1.00	0.01	0.00	0.00	0.00	0.11	0.00	0.00	0.03	0.00	1.00	0.56	0.00	0.00	0.00	0.00	0.00	0.00	0.02	0.00	0.00
435L 1.00	0.10	0.08	0.03	0.04	0.17	0.11	0.06	1.00	0.05	0.66	0.11	0.05	0.03	0.04	0.06	0.07	0.11	0.96	0.03	0.14
436F 1.00	0.00	0.00	0.00	0.00	1.00	0.00	0.00	0.00	0.00	0.00	0.00	0.00	0.00	0.00	0.00	0.00	0.00	0.00	0.00	0.00
437P 1.00	0.07	0.01	0.04	0.05	0.01	0.06	0.01	0.01	0.05	0.02	0.01	0.02	1.00	0.38	0.04	0.04	0.03	0.02	0.01	0.01
438S 1.00	0.05	0.02	0.01	0.02	1.00	0.02	0.02	0.09	0.01	0.24	0.04	0.01	0.02	0.01	0.01	0.28	0.04	0.08	0.16	0.89
439I 1.00	0.42	0.01	0.00	0.01	0.02	0.00	0.00	1.00	0.01	0.09	0.02	0.01	0.01	0.01	0.01	0.01	0.05	0.63	0.00	0.01
440Q 1.00	0.54	0.01	0.42	1.00	0.02	0.09	0.04	0.03	0.20	0.05	0.02	0.08	0.11	0.72	0.08	0.13	0.13	0.06	0.01	0.02
441E 1.00	0.53	0.18	0.22	0.30	0.70	0.34	0.54	0.40	0.32	0.66	0.22	0.32	0.21	0.31	0.36	0.42	0.41	0.51	0.19	1.00
442A 1.00	1.00	0.12	0.12	0.14	0.20	0.56	0.15	0.13	0.16	0.26	0.09	0.14	0.25	0.13	0.14	0.53	0.25	0.25	0.06	0.29
443I 0.97	0.02	0.26	0.00	0.00	0.05	0.00	0.00	0.25	0.01	1.00	0.22	0.00	0.01	0.01	0.01	0.01	0.01	0.06	0.01	0.01
444G 1.00	0.01	0.00	0.15	0.01	0.00	1.00	0.00	0.00	0.01	0.00	0.00	0.03	0.01	0.00	0.00	0.01	0.01	0.00	0.00	0.00
445A 1.00	1.00	0.08	0.09	0.09	0.04	0.35	0.03	0.10	0.11	0.15	0.05	0.12	0.46	0.08	0.07	0.64	0.64	0.23	0.02	0.03
446Y 1.00	0.00	0.00	0.00	0.00	0.00	0.00	0.00	0.00	0.00	0.00	0.00	0.00	0.00	0.00	0.00	0.00	0.00	0.00	0.00	1.00
447S 1.00	0.80	0.20	0.07	0.09	0.05	0.30	0.02	0.28	0.10	0.23	0.08	0.09	0.20	0.07	0.07	0.74	0.45	1.00	0.02	0.03
448F 1.00	0.00	0.00	0.00	0.00	1.00	0.00	0.00	0.00	0.00	0.00	0.00	0.00	0.00	0.00	0.00	0.00	0.00	0.00	0.00	0.00
449I 1.00	0.01	0.00	0.00	0.00	0.01	0.00	0.00	1.00	0.00	0.54	0.01	0.00	0.00	0.00	0.00	0.00	0.01	0.16	0.00	0.00
450I 1.00	0.00	0.00	0.00	0.00	0.01	0.00	0.00	1.00	0.00	0.21	0.01	0.00	0.00	0.00	0.00	0.00	0.00	0.50	0.00	0.00
pos	A	C	D	E	F	G	H	I	K	L	M	N	P	Q	R	S	T	V	W	Y
451F 1.00	0.00	0.00	0.00	0.00	1.00	0.00	0.00	0.00	0.00	0.00	0.00	0.00	0.00	0.00	0.00	0.00	0.00	0.00	0.00	0.00
452A 1.00	1.00	0.01	0.01	0.01	0.01	0.15	0.00	0.01	0.01	0.06	0.01	0.01	0.03	0.01	0.01	0.07	0.45	0.02	0.00	0.00
453G 1.00	0.73	0.08	0.08	0.09	0.09	0.48	0.03	0.68	0.10	0.32	0.08	0.09	0.18	0.07	0.08	0.46	0.40	1.00	0.02	0.07
454I 1.00	0.13	0.01	0.00	0.01	0.49	0.01	0.00	1.00	0.01	0.79	0.06	0.01	0.01	0.01	0.01	0.01	0.03	0.34	0.01	0.01
455C 1.00	0.08	0.48	0.01	0.02	0.11	0.03	0.01	0.19	0.02	1.00	0.12	0.01	0.03	0.02	0.02	0.03	0.04	0.13	0.02	0.03
456L 1.00	0.01	0.00	0.00	0.00	0.15	0.00	0.00	0.63	0.01	1.00	0.16	0.00	0.01	0.01	0.01	0.01	0.01	0.58	0.00	0.01
457L 1.00	0.27	0.09	0.11	0.14	0.42	0.25	0.25	0.58	0.15	1.00	0.17	0.16	0.11	0.15	0.17	0.26	0.38	0.53	0.09	0.47
458T 1.00	1.00	0.12	0.27	0.17	0.46	0.68	0.08	0.12	0.20	0.22	0.08	0.32	0.30	0.14	0.14	0.86	0.89	0.23	0.05	0.18
459A 1.00	0.38	0.08	0.07	0.10	0.71	0.12	0.17	0.39	0.11	1.00	0.23	0.11	0.10	0.11	0.12	0.18	0.34	0.37	0.14	0.51
460I 1.00	0.20	0.01	0.00	0.00	0.01	0.00	0.00	1.00	0.00	0.04	0.01	0.00	0.01	0.00	0.00	0.00	0.02	0.35	0.00	0.00
461Y 1.00	0.00	0.00	0.00	0.00	1.00	0.00	0.00	0.01	0.00	0.02	0.00	0.00	0.00	0.00	0.00	0.00	0.00	0.01	0.02	1.00
462I 1.00	0.19	0.04	0.02	0.04	0.17	0.02	0.02	0.81	0.05	1.00	0.21	0.03	0.05	0.04	0.04	0.07	0.48	0.66	0.02	0.03
463Y 1.00	0.00	0.00	0.00	0.00	1.00	0.00	0.00	0.01	0.00	0.02	0.00	0.00	0.00	0.00	0.00	0.04	0.00	0.01	0.02	0.77
464V 1.00	0.03	0.01	0.00	0.01	0.97	0.01	0.01	0.15	0.01	1.00	0.20	0.01	0.01	0.01	0.01	0.01	0.02	0.29	0.01	0.01
465V 1.00	0.25	0.05	0.03	0.14	0.08	0.08	0.08	0.86	0.62	0.43	0.10	0.10	0.10	0.21	0.51	0.10	0.22	1.00	0.02	0.07
466I 1.00	0.00	0.00	0.00	0.00	0.00	0.00	0.00	0.29	0.00	0.18	0.00	0.00	0.00	0.00	0.00	0.00	0.00	1.00	0.00	0.00
467P 1.00	0.00	0.00	0.00	0.00	0.00	0.00	0.00	0.00	0.00	0.00	0.00	0.00	1.00	0.00	0.00	0.00	0.00	0.00	0.00	0.00
468E 1.00	0.00	0.00	0.00	1.00	0.00	0.00	0.00	0.00	0.00	0.00	0.00	0.00	0.00	0.00	0.00	0.00	0.00	0.00	0.00	0.00
469T 1.00	0.00	0.00	0.00	0.00	0.00	0.00	0.00	0.00	0.00	0.00	0.00	0.00	0.00	0.00	0.00	0.00	1.00	0.00	0.00	0.00
470K 1.00	0.01	0.00	0.00	0.01	0.00	0.00	0.00	0.00	1.00	0.01	0.00	0.01	0.00	0.01	0.37	0.00	0.01	0.00	0.00	0.00
471G 1.00	0.10	0.00	0.02	0.01	0.00	1.00	0.00	0.00	0.01	0.00	0.00	0.17	0.01	0.00	0.00	0.10	0.01	0.00	0.00	0.00
472K 1.00	0.01	0.00	0.00	0.01	0.00	0.00	0.00	0.00	0.38	0.01	0.00	0.01	0.00	0.01	1.00	0.00	0.01	0.00	0.00	0.00
473T 1.00	0.01	0.00	0.00	0.00	0.00	0.00	0.00	0.00	0.00	0.00	0.00	0.00	0.00	0.00	0.00	0.08	1.00	0.00	0.00	0.00
474F 1.00	0.00	0.00	0.00	0.00	1.00	0.00	0.00	0.00	0.00	0.01	0.00	0.00	0.00	0.00	0.00	0.00	0.00	0.00	0.01	0.16
475V 1.00	0.58	0.08	0.51	1.00	0.07	0.11	0.06	0.48	0.29	0.33	0.10	0.13	0.19	0.29	0.12	0.21	0.36	0.90	0.02	0.04
pos	A	C	D	E	F	G	H	I	K	L	M	N	P	Q	R	S	T	V	W	Y
476E 1.00	0.01	0.00	0.23	1.00	0.00	0.00	0.00	0.00	0.01	0.00	0.00	0.00	0.01	0.16	0.00	0.01	0.00	0.00	0.00	0.00
477I 1.00	0.00	0.00	0.00	0.00	0.00	0.00	0.00	1.00	0.00	0.00	0.00	0.00	0.00	0.00	0.00	0.00	0.00	0.00	0.00	0.00
478N 0.97	0.28	0.04	0.09	0.07	0.02	0.07	0.03	0.10	0.09	0.06	0.03	0.29	0.11	0.07	0.06	0.80	1.00	0.11	0.01	0.03
479R 0.97	0.54	0.14	0.20	0.34	0.13	0.22	0.22	0.13	0.60	0.22	0.08	0.24	0.15	0.69	1.00	0.51	0.29	0.18	0.04	0.19
480I 0.97	1.00	0.08	0.13	0.18	0.12	0.49	0.09	0.40	0.22	0.21	0.07	0.13	0.19	0.14	0.20	0.42	0.27	0.31	0.03	0.15
481F 0.97	0.00	0.00	0.00	0.00	1.00	0.00	0.00	0.00	0.00	0.00	0.00	0.00	0.00	0.00	0.00	0.00	0.00	0.00	0.00	0.00
482A 0.91	0.79	0.06	0.61	1.00	0.09	0.38	0.16	0.22	0.92	0.33	0.12	0.49	0.28	0.58	0.57	0.76	0.62	0.31	0.03	0.10
483K 0.91	0.08	0.01	0.02	0.11	0.02	0.22	0.07	0.04	1.00	0.08	0.06	0.08	0.06	0.32	0.64	0.07	0.09	0.05	0.01	0.07
484R 0.91	0.26	0.02	0.15	0.34	0.04	0.15	0.12	0.09	0.97	0.17	0.29	0.21	0.14	0.52	1.00	0.41	0.41	0.12	0.02	0.06
485N 0.91	0.61	0.08	0.33	0.49	0.28	0.32	0.22	0.20	0.47	0.33	0.11	1.00	0.35	0.50	0.32	0.46	0.42	0.31	0.07	0.33
486R 0.91	0.11	0.01	0.05	0.14	0.02	0.15	0.16	0.04	1.00	0.08	0.03	0.10	0.06	0.28	0.51	0.42	0.10	0.05	0.01	0.03
487V 0.91	0.92	0.09	0.68	1.00	0.19	0.48	0.22	0.26	0.91	0.45	0.15	0.52	0.32	0.61	0.55	0.81	0.65	0.49	0.05	0.24
488K 0.91	0.76	0.06	0.62	1.00	0.08	0.39	0.15	0.20	0.92	0.33	0.11	0.49	0.28	0.59	0.52	0.74	0.57	0.30	0.03	0.10
489L 0.91	0.63	0.18	0.32	0.45	0.71	0.39	0.56	0.42	0.45	0.70	0.24	0.39	0.25	0.39	0.43	0.52	0.49	0.55	0.19	1.00
490P 0.91	0.55	0.17	0.23	0.33	0.67	0.34	0.57	0.39	0.39	0.64	0.22	0.33	0.48	0.41	0.51	0.47	0.41	0.54	0.18	1.00
491E 0.91	0.39	0.06	0.37	1.00	0.18	0.31	0.22	0.13	0.31	0.22	0.08	0.30	0.32	0.25	0.21	0.43	0.24	0.19	0.05	0.29
492E 0.91	0.25	0.01	0.37	1.00	0.02	0.17	0.05	0.05	0.34	0.09	0.03	0.15	0.16	0.25	0.14	0.21	0.16	0.17	0.01	0.02
493K 0.70	0.08	0.00	0.01	0.12	0.00	0.01	0.01	0.01	1.00	0.01	0.00	0.01	0.01	0.03	0.13	0.06	0.02	0.01	0.00	0.00
494E 0.70	0.36	0.02	0.55	1.00	0.03	0.20	0.07	0.10	0.45	0.13	0.05	0.22	0.20	0.33	0.21	0.30	0.24	0.12	0.01	0.03
495E 0.73	0.30	0.02	0.50	1.00	0.02	0.25	0.06	0.06	0.42	0.11	0.04	0.24	0.20	0.27	0.18	0.47	0.21	0.10	0.01	0.02
496T 0.73	0.89	0.09	0.59	1.00	0.11	0.37	0.15	0.37	0.88	0.47	0.14	0.48	0.29	0.58	0.51	0.74	0.74	0.66	0.03	0.11
497I 0.58	0.46	0.09	0.04	0.10	0.11	0.03	0.04	0.54	0.10	0.52	0.14	0.06	0.11	0.08	0.07	0.10	0.32	1.00	0.02	0.06
498D 0.55	0.35	0.03	0.65	1.00	0.03	0.28	0.07	0.08	0.55	0.13	0.05	0.36	0.14	0.28	0.23	0.36	0.49	0.12	0.01	0.03
499A 0.52	0.87	0.20	0.48	0.72	0.72	0.49	0.59	0.51	0.70	0.81	0.27	0.52	0.33	0.55	0.57	0.72	0.66	0.70	0.19	1.00
500G 0.52	0.80	0.07	0.63	1.00	0.14	0.43	0.19	0.23	0.95	0.38	0.13	0.54	0.30	0.61	0.56	0.77	0.61	0.34	0.04	0.16
pos	A	C	D	E	F	G	H	I	K	L	M	N	P	Q	R	S	T	V	W	Y
501P 0.39	0.08	0.01	0.02	0.04	0.01	0.04	0.01	0.01	0.23	0.02	0.07	0.03	1.00	0.03	0.06	0.15	0.06	0.02	0.00	0.01
502P 0.36	0.81	0.17	0.48	0.70	0.55	0.45	0.56	0.41	0.69	0.71	0.23	0.56	0.65	0.52	0.53	0.98	1.00	0.60	0.15	0.77
503T 0.48	0.18	0.03	0.25	0.15	0.02	0.07	0.03	0.05	0.31	0.06	0.03	0.13	0.08	0.10	0.09	0.95	1.00	0.15	0.01	0.02
504A 0.45	1.00	0.11	0.52	0.81	0.28	0.51	0.27	0.40	0.77	0.45	0.18	0.47	0.36	0.53	0.50	0.79	0.64	0.45	0.08	0.37
505S 0.36	0.56	0.04	0.50	1.00	0.04	0.29	0.11	0.14	0.79	0.23	0.08	0.37	0.30	0.64	0.61	0.96	0.43	0.21	0.02	0.04
506P 0.30	0.00	0.00	0.00	0.00	0.00	0.00	0.00	0.00	0.00	0.00	0.00	0.00	1.00	0.00	0.00	0.00	0.00	0.00	0.00	0.00
507A 0.30	0.73	0.10	0.14	0.34	0.07	0.08	0.05	0.51	0.24	0.35	0.11	0.13	0.15	0.16	0.14	0.23	0.57	1.00	0.02	0.04
508K 0.30	0.03	0.00	0.04	0.21	0.00	0.02	0.01	0.01	1.00	0.02	0.01	0.02	0.02	0.26	0.07	0.02	0.02	0.01	0.00	0.01
509E 0.30	0.19	0.01	0.43	1.00	0.02	0.08	0.04	0.03	0.26	0.06	0.02	0.10	0.09	0.20	0.09	0.13	0.11	0.15	0.01	0.02
510T 0.30	0.03	0.01	0.02	0.01	0.00	0.01	0.00	0.01	0.01	0.01	0.00	0.15	0.02	0.01	0.01	0.31	1.00	0.01	0.00	0.00
511S 0.27	0.59	0.02	0.07	0.06	0.01	0.05	0.02	0.03	0.07	0.04	0.02	0.37	0.06	0.05	0.04	1.00	0.81	0.05	0.01	0.01
512F 0.06	0.00	0.00	0.00	0.00	1.00	0.00	0.00	0.00	0.00	0.00	0.00	0.00	0.00	0.00	0.00	0.00	0.00	0.00	0.00	0.00
