pos		A	C	D	E	F	G	H	I	K	L	M	N	P	Q	R	S	T	V	W	Y
1M 0.16		0.00	0.00	0.00	0.00	0.00	0.00	0.00	0.00	0.00	0.00	1.00	0.00	0.00	0.00	0.00	0.00	0.00	0.00	0.00	0.00
2E 0.34		0.03	0.00	0.17	1.00	0.00	0.01	0.01	0.00	0.10	0.01	0.00	0.01	0.01	0.03	0.01	0.01	0.01	0.01	0.00	0.00
3P 0.41		0.21	0.02	0.08	0.07	0.01	0.32	0.03	0.01	0.20	0.03	0.01	0.09	1.00	0.05	0.08	0.13	0.06	0.04	0.01	0.02
4S 0.66		0.73	0.05	0.60	0.94	0.05	0.34	0.15	0.22	0.82	0.27	0.09	0.44	0.39	0.68	0.46	1.00	0.62	0.26	0.02	0.04
5S 0.88		0.39	0.03	0.47	1.00	0.03	0.25	0.06	0.10	0.59	0.15	0.05	0.25	0.14	0.39	0.48	0.42	0.59	0.15	0.01	0.02
6K 0.88		0.73	0.05	0.69	0.96	0.04	0.33	0.11	0.16	1.00	0.29	0.09	0.43	0.29	0.71	0.46	0.67	0.56	0.25	0.02	0.03
7K 0.88		0.07	0.00	0.00	0.09	0.00	0.01	0.09	0.01	1.00	0.02	0.01	0.02	0.01	0.04	0.72	0.02	0.02	0.01	0.00	0.01
8L 0.88		0.03	0.01	0.00	0.01	0.04	0.01	0.00	0.54	0.18	0.75	0.11	0.01	0.01	0.01	0.01	0.01	0.03	1.00	0.01	0.01
9T 0.88		0.04	0.00	0.06	0.20	0.00	0.02	0.01	0.01	0.04	0.01	0.00	0.02	0.02	0.20	0.02	0.05	1.00	0.01	0.00	0.01
10G 0.88	1.00	0.09	0.07	0.08	0.04	0.72	0.02	0.04	0.09	0.09	0.04	0.06	0.39	0.06	0.07	0.47	0.18	0.16	0.01	0.03
11R 0.88	0.39	0.03	0.21	0.32	0.03	0.14	0.05	0.08	0.37	0.12	0.04	0.19	0.18	0.20	0.37	0.54	1.00	0.26	0.01	0.03
12L 0.88	0.00	0.00	0.00	0.00	0.01	0.00	0.00	0.08	0.00	1.00	0.01	0.00	0.00	0.00	0.00	0.00	0.00	0.01	0.00	0.00
13M 0.88	0.30	0.02	0.00	0.01	0.02	0.00	0.00	0.49	0.01	0.24	0.15	0.01	0.02	0.01	0.01	0.01	0.25	1.00	0.00	0.01
14L 0.88	0.01	0.01	0.00	0.00	0.67	0.00	0.00	0.03	0.00	1.00	0.02	0.00	0.00	0.00	0.00	0.01	0.01	0.02	0.04	0.22
15A 0.88	1.00	0.01	0.01	0.01	0.00	0.02	0.00	0.02	0.01	0.02	0.01	0.01	0.02	0.01	0.01	0.12	0.30	0.19	0.00	0.00
16V 0.88	0.03	0.01	0.00	0.01	0.01	0.00	0.00	0.37	0.01	0.29	0.02	0.00	0.01	0.00	0.00	0.01	0.41	1.00	0.00	0.01
17G 0.88	0.65	0.19	0.23	0.31	0.87	0.41	0.54	0.44	0.33	0.84	0.24	0.34	0.23	0.32	0.37	0.56	0.55	0.53	0.19	1.00
18G 0.88	0.77	0.13	0.34	0.46	0.30	0.40	0.23	0.76	0.47	0.55	0.17	0.38	0.27	0.34	0.33	0.95	1.00	0.85	0.08	0.37
19A 0.88	1.00	0.00	0.00	0.00	0.00	0.00	0.00	0.00	0.00	0.00	0.00	0.00	0.00	0.00	0.00	0.00	0.00	0.00	0.00	0.00
20V 0.88	0.58	0.05	0.01	0.04	0.11	0.01	0.01	0.25	0.04	0.18	0.05	0.02	0.06	0.03	0.02	0.06	0.46	1.00	0.01	0.01
21L 0.88	0.04	0.01	0.01	0.01	0.37	0.07	0.01	0.49	0.02	1.00	0.14	0.01	0.02	0.02	0.02	0.01	0.03	0.17	0.01	0.02
22G 0.88	0.04	0.00	0.01	0.01	0.00	1.00	0.00	0.00	0.01	0.00	0.00	0.01	0.01	0.00	0.00	0.25	0.01	0.01	0.00	0.00
23S 0.97	0.02	0.00	0.01	0.00	0.06	0.01	0.00	0.00	0.00	0.01	0.00	0.01	0.01	0.00	0.00	1.00	0.02	0.01	0.00	0.02
24L 0.97	0.01	0.00	0.00	0.00	1.00	0.00	0.00	0.04	0.00	0.39	0.02	0.00	0.00	0.00	0.00	0.00	0.00	0.08	0.01	0.01
25Q 0.97	0.00	0.00	0.00	0.00	0.00	0.00	0.00	0.00	0.00	0.00	0.00	0.00	0.00	1.00	0.00	0.00	0.00	0.00	0.00	0.00
26F 0.97	0.00	0.00	0.00	0.00	1.00	0.00	0.00	0.01	0.00	0.02	0.00	0.00	0.00	0.00	0.00	0.00	0.00	0.01	0.02	0.81
27G 0.97	0.09	0.00	0.00	0.00	0.00	1.00	0.00	0.00	0.00	0.00	0.00	0.00	0.01	0.00	0.00	0.01	0.00	0.00	0.00	0.00
28Y 0.97	0.00	0.00	0.00	0.00	0.00	0.00	0.00	0.00	0.00	0.00	0.00	0.00	0.00	0.00	0.00	0.00	0.00	0.00	0.00	1.00
29N 0.97	0.00	0.00	0.21	0.01	0.00	0.02	0.01	0.00	0.01	0.00	0.00	1.00	0.00	0.00	0.00	0.06	0.01	0.00	0.00	0.00
30T 0.97	0.05	0.01	0.01	0.01	0.03	0.01	0.00	1.00	0.01	0.40	0.03	0.01	0.01	0.01	0.01	0.01	0.61	0.96	0.00	0.01
31G 0.97	0.49	0.01	0.01	0.01	0.00	1.00	0.00	0.00	0.01	0.01	0.00	0.01	0.02	0.00	0.00	0.26	0.01	0.01	0.00	0.00
32V 0.97	0.26	0.01	0.00	0.01	0.00	0.00	0.00	0.04	0.01	0.03	0.01	0.00	0.01	0.00	0.00	0.01	0.06	1.00	0.00	0.00
33I 0.97	0.01	0.09	0.00	0.00	0.00	0.00	0.00	1.00	0.00	0.03	0.01	0.00	0.00	0.00	0.00	0.00	0.01	0.39	0.00	0.00
34N 0.97	0.00	0.00	0.00	0.00	0.00	0.00	0.00	0.00	0.00	0.00	0.00	1.00	0.00	0.00	0.00	0.00	0.00	0.00	0.00	0.00
35A 0.97	1.00	0.01	0.01	0.01	0.00	0.03	0.00	0.01	0.01	0.01	0.00	0.02	0.02	0.01	0.06	0.55	0.31	0.02	0.00	0.00
36P 0.97	0.00	0.00	0.00	0.00	0.00	0.00	0.00	0.00	0.00	0.00	0.00	0.00	1.00	0.00	0.00	0.00	0.00	0.00	0.00	0.00
37Q 0.97	0.35	0.01	0.32	1.00	0.02	0.09	0.27	0.03	0.21	0.06	0.02	0.11	0.09	0.86	0.10	0.48	0.11	0.06	0.01	0.02
38K 0.97	0.29	0.02	0.20	0.83	0.02	0.11	0.04	0.05	1.00	0.18	0.03	0.14	0.08	0.32	0.18	0.20	0.32	0.08	0.01	0.02
39V 0.97	0.01	0.00	0.00	0.00	0.22	0.00	0.00	0.56	0.00	0.35	0.02	0.00	0.00	0.00	0.00	0.00	0.01	1.00	0.00	0.01
40I 0.97	0.02	0.00	0.00	0.00	0.24	0.00	0.00	1.00	0.01	0.27	0.49	0.00	0.01	0.01	0.01	0.00	0.01	0.06	0.01	0.01
41E 0.97	0.27	0.02	0.27	0.75	0.03	0.14	0.08	0.22	1.00	0.13	0.05	0.18	0.13	0.46	0.42	0.23	0.27	0.11	0.01	0.04
42E 0.97	0.54	0.02	0.74	1.00	0.03	0.18	0.06	0.08	0.44	0.14	0.05	0.23	0.15	0.67	0.23	0.69	0.34	0.13	0.01	0.02
43F 0.97	0.11	0.02	0.11	0.06	1.00	0.11	0.33	0.04	0.07	0.08	0.03	0.13	0.05	0.05	0.06	0.29	0.10	0.06	0.02	0.08
44Y 0.97	0.01	0.00	0.00	0.00	0.06	0.00	0.00	0.11	0.00	0.21	0.02	0.00	0.00	0.00	0.00	0.00	0.00	0.02	0.01	1.00
45N 0.97	0.01	0.00	0.14	0.01	0.00	0.03	0.01	0.00	0.01	0.00	0.00	1.00	0.01	0.01	0.10	0.03	0.06	0.00	0.00	0.01
46Q 0.97	0.51	0.05	0.60	1.00	0.10	0.24	0.23	0.14	0.63	0.23	0.08	0.29	0.18	0.41	0.45	0.42	0.34	0.20	0.03	0.30
47T 0.97	0.08	0.01	0.00	0.00	0.00	0.00	0.00	0.08	0.05	0.02	0.01	0.00	0.01	0.00	0.00	0.01	1.00	0.10	0.00	0.00
48W 0.97	0.38	0.09	0.11	0.14	0.37	0.17	0.41	0.21	0.15	0.67	0.12	0.16	0.17	0.16	0.18	0.21	0.21	0.27	0.47	1.00
49V 0.97	0.49	0.17	0.21	0.29	0.69	0.32	0.51	0.39	0.28	0.64	0.21	0.29	0.19	0.28	0.33	0.39	0.39	0.48	0.17	1.00
50H 0.97	0.34	0.05	1.00	0.72	0.06	0.66	0.23	0.08	0.43	0.13	0.05	0.91	0.18	0.32	0.24	0.59	0.29	0.11	0.02	0.14
51R 0.97	0.02	0.00	0.01	0.07	0.00	0.01	0.01	0.01	0.20	0.01	0.00	0.12	0.01	0.03	1.00	0.08	0.07	0.01	0.00	0.00
52Y 0.97	0.53	0.18	0.22	0.31	0.70	0.34	0.54	0.40	0.32	0.66	0.22	0.32	0.21	0.31	0.36	0.42	0.41	0.51	0.18	1.00
53G 0.97	0.51	0.02	0.24	0.72	0.02	1.00	0.05	0.07	0.41	0.11	0.04	0.32	0.18	0.22	0.19	0.42	0.28	0.11	0.01	0.01
54E 0.97	0.43	0.03	0.51	1.00	0.03	0.19	0.06	0.09	0.43	0.14	0.05	0.27	0.19	0.29	0.23	0.40	0.57	0.13	0.01	0.02
55S 0.97	0.64	0.18	0.32	0.45	0.71	0.39	0.56	0.42	0.45	0.70	0.24	0.39	0.25	0.40	0.44	0.53	0.49	0.55	0.19	1.00
56I 0.97	0.63	0.17	0.18	0.32	0.51	0.24	0.37	0.88	0.28	0.76	0.38	0.24	0.32	0.25	0.28	0.38	0.49	1.00	0.15	0.66
57L 0.94	0.72	0.05	0.65	1.00	0.05	0.36	0.12	0.18	0.88	0.31	0.10	0.49	0.29	0.56	0.50	0.77	0.55	0.27	0.02	0.04
58P 0.97	0.40	0.02	0.51	1.00	0.03	0.22	0.07	0.08	0.44	0.13	0.05	0.24	0.26	0.36	0.22	0.37	0.26	0.13	0.01	0.03
59T 0.97	0.97	0.21	0.59	0.90	0.73	0.57	0.61	0.50	0.87	0.82	0.28	0.61	0.37	0.65	0.67	0.85	0.75	0.67	0.19	1.00
60T 0.97	0.53	0.15	0.20	0.23	0.48	0.26	0.36	0.40	0.26	0.62	0.20	0.32	0.23	0.25	0.27	0.78	1.00	0.53	0.13	0.65
61L 0.97	0.00	0.00	0.00	0.00	0.01	0.00	0.00	0.07	0.00	1.00	0.10	0.00	0.00	0.00	0.00	0.00	0.00	0.10	0.00	0.00
62T 0.97	0.04	0.01	0.01	0.01	0.02	0.01	0.00	0.04	0.01	0.22	0.02	0.02	0.02	0.01	0.01	0.06	1.00	0.05	0.00	0.01
63T 0.97	0.25	0.05	0.10	0.08	0.05	0.08	0.04	0.10	0.10	0.44	0.20	0.18	0.11	0.08	0.07	0.74	1.00	0.14	0.02	0.05
64L 0.97	0.00	0.00	0.00	0.00	0.08	0.00	0.00	0.01	0.00	1.00	0.01	0.00	0.00	0.00	0.00	0.00	0.00	0.01	0.01	0.08
65W 0.97	0.00	0.00	0.00	0.00	0.00	0.00	0.00	0.00	0.00	0.00	0.00	0.00	0.00	0.00	0.00	0.00	0.00	0.00	1.00	0.00
66S 0.97	0.16	0.00	0.00	0.00	0.00	0.02	0.00	0.00	0.00	0.00	0.00	0.00	0.01	0.00	0.00	1.00	0.01	0.01	0.00	0.00
67L 0.97	0.03	0.17	0.00	0.01	0.02	0.00	0.00	0.15	0.01	1.00	0.03	0.00	0.01	0.01	0.00	0.01	0.02	0.35	0.00	0.00
68S 0.97	0.03	0.08	0.01	0.01	0.00	0.01	0.00	0.01	0.01	0.01	0.00	0.02	0.01	0.01	0.01	1.00	0.69	0.01	0.00	0.00
69V 0.97	0.00	0.00	0.00	0.00	0.00	0.00	0.00	0.00	0.00	0.00	0.00	0.00	0.00	0.00	0.00	0.00	0.00	1.00	0.00	0.00
70A 0.97	0.72	0.01	0.01	0.01	0.00	0.05	0.00	0.00	0.01	0.01	0.00	0.01	0.02	0.01	0.01	1.00	0.02	0.01	0.00	0.00
71I 0.97	0.15	0.03	0.02	0.03	0.11	0.04	0.01	1.00	0.04	0.59	0.84	0.03	0.04	0.03	0.03	0.34	0.13	0.34	0.02	0.03
72F 0.97	0.00	0.00	0.00	0.00	1.00	0.00	0.00	0.00	0.00	0.00	0.00	0.00	0.00	0.00	0.00	0.00	0.00	0.00	0.00	0.00
73S 0.97	0.58	0.01	0.01	0.01	0.00	0.07	0.00	0.01	0.01	0.01	0.01	0.01	0.97	0.01	0.01	1.00	0.03	0.02	0.00	0.00
74V 0.97	0.06	0.01	0.01	0.01	0.36	0.01	0.01	0.23	0.01	0.47	0.07	0.01	0.02	0.01	0.01	0.10	0.04	1.00	0.01	0.03
75G 0.97	0.00	0.00	0.00	0.00	0.00	1.00	0.00	0.00	0.00	0.00	0.00	0.00	0.00	0.00	0.00	0.00	0.00	0.00	0.00	0.00
76G 0.97	0.00	0.00	0.00	0.00	0.00	1.00	0.00	0.00	0.00	0.00	0.00	0.00	0.00	0.00	0.00	0.00	0.00	0.00	0.00	0.00
77M 0.97	0.01	0.00	0.00	0.00	0.49	0.00	0.00	0.07	0.00	0.41	1.00	0.00	0.01	0.01	0.00	0.00	0.01	0.04	0.01	0.01
78I 0.97	0.14	0.01	0.00	0.01	0.01	0.00	0.00	1.00	0.01	0.34	0.01	0.00	0.01	0.00	0.00	0.01	0.09	0.38	0.00	0.00
79G 0.97	0.29	0.01	0.01	0.01	0.00	1.00	0.00	0.00	0.01	0.01	0.00	0.00	0.01	0.00	0.00	0.31	0.01	0.01	0.00	0.00
80S 0.97	0.00	0.00	0.00	0.00	0.00	0.00	0.00	0.00	0.00	0.00	0.00	0.00	0.00	0.00	0.00	1.00	0.00	0.00	0.00	0.00
81F 0.97	0.01	0.00	0.00	0.00	1.00	0.00	0.00	0.05	0.00	0.78	0.03	0.00	0.00	0.00	0.00	0.00	0.01	0.03	0.01	0.04
82S 0.97	0.16	0.04	0.03	0.05	0.27	0.05	0.07	0.37	0.06	1.00	0.25	0.05	0.06	0.06	0.06	0.17	0.14	0.35	0.04	0.13
83V 0.97	0.02	0.01	0.01	0.01	0.03	0.14	0.00	0.53	0.01	0.16	0.03	0.01	0.00	0.00	0.01	0.01	0.02	1.00	0.00	0.01
84G 0.97	0.02	0.00	0.01	0.00	0.00	1.00	0.00	0.00	0.00	0.00	0.00	0.01	0.01	0.00	0.00	0.05	0.00	0.00	0.00	0.00
85L 0.97	0.11	0.03	0.03	0.04	0.23	0.05	0.07	0.35	0.05	1.00	0.21	0.05	0.07	0.06	0.06	0.06	0.07	0.22	0.05	0.12
86F 0.97	0.02	0.00	0.00	0.00	0.46	0.00	0.00	0.31	0.01	1.00	0.12	0.00	0.01	0.01	0.01	0.00	0.01	0.05	0.01	0.01
87V 0.97	1.00	0.10	0.10	0.10	0.09	0.62	0.04	0.16	0.11	0.17	0.06	0.10	0.24	0.08	0.09	0.57	0.23	0.52	0.02	0.08
88N 0.97	0.01	0.00	0.47	0.02	0.00	0.03	0.01	0.00	0.01	0.00	0.00	1.00	0.01	0.19	0.01	0.03	0.01	0.00	0.00	0.01
89R 0.97	0.13	0.01	0.06	0.17	0.03	0.09	0.09	0.05	1.00	0.10	0.04	0.24	0.09	0.23	0.95	0.24	0.22	0.07	0.15	0.05
90F 0.97	0.04	0.12	0.01	0.01	0.90	0.01	0.01	0.13	0.01	1.00	0.08	0.01	0.01	0.01	0.01	0.02	0.02	0.08	0.13	0.27
91G 0.97	0.00	0.00	0.00	0.00	0.00	1.00	0.00	0.00	0.00	0.00	0.00	0.00	0.00	0.00	0.00	0.00	0.00	0.00	0.00	0.00
92R 0.97	0.00	0.00	0.00	0.00	0.00	0.00	0.00	0.00	0.06	0.00	0.00	0.00	0.00	0.01	1.00	0.00	0.00	0.00	0.00	0.00
93R 0.97	0.10	0.01	0.02	0.13	0.02	0.08	0.08	0.17	1.00	0.10	0.03	0.09	0.07	0.21	0.71	0.08	0.10	0.10	0.01	0.04
94N 0.97	0.15	0.02	0.27	0.21	0.03	0.77	0.14	0.05	1.00	0.11	0.04	0.79	0.11	0.27	0.79	0.22	0.15	0.06	0.02	0.07
95S 0.97	1.00	0.01	0.01	0.01	0.00	0.03	0.00	0.01	0.01	0.01	0.00	0.02	0.02	0.01	0.01	0.64	0.52	0.02	0.00	0.00
96M 0.97	0.01	0.00	0.00	0.00	0.02	0.00	0.00	0.03	0.00	0.89	1.00	0.00	0.00	0.00	0.00	0.00	0.00	0.02	0.00	0.00
97L 0.97	0.00	0.00	0.00	0.00	0.00	0.00	0.00	0.00	0.00	1.00	0.00	0.00	0.00	0.00	0.00	0.00	0.00	0.00	0.00	0.00
98M 0.97	0.23	0.03	0.01	0.03	0.42	0.02	0.01	1.00	0.04	0.99	0.27	0.02	0.04	0.03	0.03	0.03	0.09	0.86	0.02	0.04
99M 0.97	1.00	0.14	0.12	0.16	0.09	0.34	0.06	0.40	0.17	0.34	0.12	0.23	0.25	0.12	0.12	0.56	0.62	0.91	0.03	0.08
100N 1.00	0.00	0.00	0.00	0.00	0.00	0.00	0.00	0.00	0.00	0.00	0.00	1.00	0.00	0.00	0.00	0.00	0.00	0.00	0.00	0.00
101L 1.00	0.09	0.01	0.00	0.01	0.02	0.00	0.00	1.00	0.01	0.50	0.02	0.00	0.01	0.00	0.01	0.14	0.03	0.58	0.00	0.01
102L 1.00	0.02	0.00	0.00	0.00	0.57	0.00	0.00	0.11	0.01	1.00	0.05	0.00	0.01	0.01	0.01	0.00	0.01	0.04	0.01	0.01
103A 1.00	1.00	0.01	0.01	0.01	0.00	0.04	0.00	0.00	0.01	0.01	0.00	0.01	0.02	0.00	0.00	0.85	0.02	0.01	0.00	0.00
104F 1.00	0.05	0.00	0.00	0.00	0.17	0.00	0.00	1.00	0.00	0.31	0.01	0.00	0.00	0.00	0.00	0.00	0.01	0.40	0.00	0.00
105V 1.00	0.42	0.03	0.01	0.02	0.02	0.00	0.01	0.46	0.02	0.58	0.04	0.01	0.03	0.02	0.01	0.02	0.47	1.00	0.00	0.01
106S 1.00	1.00	0.09	0.07	0.08	0.03	0.94	0.02	0.04	0.09	0.08	0.04	0.06	0.53	0.06	0.06	0.52	0.16	0.14	0.01	0.03
107A 1.00	1.00	0.01	0.03	0.01	0.00	0.58	0.01	0.00	0.02	0.01	0.00	0.09	0.03	0.01	0.01	0.06	0.02	0.02	0.00	0.00
108V 1.00	0.51	0.44	0.02	0.05	0.04	0.00	0.02	0.93	0.05	0.71	0.08	0.03	0.07	0.04	0.03	0.10	0.30	1.00	0.01	0.02
109L 1.00	0.00	0.00	0.00	0.00	0.09	0.00	0.00	0.02	0.00	1.00	0.01	0.00	0.00	0.00	0.00	0.00	0.00	0.01	0.00	0.01
110M 1.00	0.00	0.00	0.00	0.00	0.00	0.00	0.00	0.00	0.00	0.00	1.00	0.00	0.00	0.00	0.00	0.00	0.00	0.00	0.00	0.00
111G 1.00	0.06	0.00	0.00	0.00	0.00	1.00	0.00	0.00	0.00	0.00	0.00	0.00	0.01	0.00	0.00	0.01	0.00	0.00	0.00	0.00
112F 1.00	0.32	0.19	0.03	0.06	0.35	0.03	0.05	0.56	0.07	1.00	0.21	0.05	0.08	0.07	0.05	0.07	0.24	0.82	0.03	0.09
113S 1.00	0.53	0.21	0.02	0.02	0.01	0.12	0.00	0.01	0.02	0.02	0.01	0.02	0.05	0.02	0.02	1.00	0.05	0.04	0.00	0.01
114K 1.00	0.01	0.00	0.05	0.06	0.00	0.01	0.01	0.00	1.00	0.01	0.00	0.12	0.01	0.06	0.09	0.01	0.01	0.01	0.00	0.00
115L 1.00	0.32	0.02	0.01	0.01	0.20	0.01	0.01	0.91	0.02	0.58	0.21	0.01	0.02	0.01	0.01	0.02	0.14	1.00	0.01	0.02
116G 1.00	1.00	0.01	0.00	0.00	0.00	0.31	0.00	0.00	0.01	0.01	0.00	0.00	0.01	0.00	0.00	0.03	0.01	0.04	0.00	0.00
117K 1.00	0.63	0.04	0.43	0.84	0.04	0.27	0.09	0.13	1.00	0.25	0.08	0.35	0.38	0.48	0.56	0.51	0.43	0.20	0.01	0.03
118S 1.00	0.34	0.00	0.00	0.00	0.00	0.02	0.00	0.00	0.00	0.00	0.00	0.00	0.01	0.00	0.00	1.00	0.01	0.01	0.00	0.00
119F 1.00	0.18	0.06	0.07	0.10	1.00	0.12	0.53	0.14	0.10	0.24	0.08	0.11	0.07	0.10	0.12	0.14	0.14	0.60	0.06	0.61
120E 1.00	0.19	0.01	0.14	1.00	0.01	0.04	0.02	0.15	0.07	0.05	0.02	0.03	0.05	0.08	0.02	0.05	0.06	0.10	0.00	0.01
121M 1.00	0.01	0.00	0.00	0.00	0.02	0.00	0.00	0.21	0.00	1.00	0.88	0.00	0.00	0.00	0.00	0.00	0.01	0.02	0.00	0.00
122L 1.00	0.01	0.00	0.00	0.00	0.02	0.00	0.00	1.00	0.00	0.78	0.03	0.00	0.00	0.00	0.00	0.00	0.01	0.04	0.00	0.00
123I 1.00	0.00	0.00	0.00	0.00	0.00	0.00	0.00	1.00	0.00	0.01	0.00	0.00	0.00	0.00	0.00	0.00	0.00	0.11	0.00	0.00
124L 1.00	0.34	0.02	0.01	0.02	0.18	0.02	0.02	0.58	0.03	1.00	0.09	0.02	0.03	0.02	0.02	0.08	0.07	0.45	0.01	0.04
125G 1.00	0.17	0.01	0.01	0.01	0.00	1.00	0.00	0.00	0.01	0.01	0.00	0.01	0.02	0.01	0.01	0.57	0.01	0.01	0.00	0.00
126R 1.00	0.00	0.00	0.00	0.00	0.00	0.00	0.00	0.00	0.00	0.00	0.00	0.00	0.00	0.00	1.00	0.00	0.00	0.00	0.00	0.00
127F 1.00	0.54	0.10	0.11	0.14	0.60	0.33	0.24	0.27	0.15	1.00	0.14	0.15	0.15	0.15	0.17	0.44	0.22	0.54	0.09	0.44
128I 1.00	0.01	0.00	0.00	0.00	0.08	0.00	0.00	0.85	0.01	1.00	0.03	0.00	0.00	0.00	0.00	0.00	0.01	0.57	0.00	0.01
129I 1.00	0.05	0.01	0.01	0.01	0.02	0.01	0.00	1.00	0.01	0.26	0.03	0.01	0.01	0.01	0.01	0.26	0.11	0.87	0.00	0.01
130G 1.00	0.00	0.00	0.00	0.00	0.00	1.00	0.00	0.00	0.00	0.00	0.00	0.00	0.00	0.00	0.00	0.00	0.00	0.00	0.00	0.00
131V 1.00	0.26	0.01	0.01	0.01	0.03	0.01	0.00	1.00	0.01	0.91	0.04	0.01	0.01	0.01	0.01	0.01	0.05	0.52	0.00	0.01
132Y 1.00	0.05	0.06	0.01	0.01	1.00	0.01	0.00	0.09	0.00	0.23	0.05	0.00	0.02	0.00	0.00	0.03	0.03	0.09	0.21	0.88
133C 1.00	0.98	1.00	0.01	0.01	0.01	0.07	0.00	0.01	0.01	0.01	0.01	0.01	0.03	0.01	0.01	0.38	0.03	0.02	0.00	0.00
134G 1.00	0.00	0.00	0.00	0.00	0.00	1.00	0.00	0.00	0.00	0.00	0.00	0.00	0.00	0.00	0.00	0.00	0.00	0.00	0.00	0.00
135L 1.00	0.01	0.00	0.00	0.00	0.01	0.00	0.00	0.32	0.00	1.00	0.01	0.00	0.00	0.00	0.00	0.00	0.01	0.21	0.00	0.00
136T 1.00	0.34	0.11	0.09	0.07	0.03	0.10	0.03	0.16	0.10	0.11	0.05	0.16	0.13	0.08	0.06	0.79	1.00	0.24	0.02	0.03
137T 1.00	0.07	0.01	0.03	0.02	0.01	0.02	0.01	0.02	0.03	0.02	0.01	0.06	0.03	0.02	0.02	1.00	0.70	0.03	0.01	0.17
138G 1.00	0.02	0.00	0.07	0.02	0.00	1.00	0.01	0.00	0.02	0.00	0.00	0.51	0.01	0.01	0.01	0.23	0.02	0.00	0.00	0.01
139F 1.00	0.37	0.05	0.02	0.04	0.55	0.01	0.02	0.35	0.04	0.90	0.11	0.03	0.06	0.04	0.03	0.05	0.24	1.00	0.01	0.03
140V 1.00	0.00	0.00	0.00	0.00	0.00	0.00	0.00	0.09	0.00	0.16	0.00	0.00	0.00	0.00	0.00	0.00	0.00	1.00	0.00	0.00
141P 1.00	0.00	0.00	0.00	0.00	0.00	0.00	0.00	0.00	0.00	0.00	0.00	0.00	1.00	0.00	0.00	0.00	0.00	0.00	0.00	0.00
142M 1.00	0.00	0.00	0.00	0.00	0.00	0.00	0.00	0.00	0.00	0.00	1.00	0.00	0.00	0.00	0.00	0.00	0.00	0.00	0.00	0.00
143Y 1.00	0.00	0.00	0.00	0.00	0.00	0.00	0.00	0.00	0.00	0.00	0.00	0.00	0.00	0.00	0.00	0.00	0.00	0.00	0.00	1.00
144V 1.00	0.01	0.00	0.00	0.00	0.02	0.01	0.00	1.00	0.01	0.89	0.02	0.00	0.00	0.00	0.00	0.01	0.01	0.65	0.00	0.01
145G 1.00	0.02	0.00	0.01	0.00	0.00	1.00	0.00	0.00	0.00	0.00	0.00	0.01	0.01	0.00	0.00	0.10	0.01	0.00	0.00	0.00
146E 1.00	0.00	0.00	0.00	1.00	0.00	0.00	0.00	0.00	0.00	0.00	0.00	0.00	0.00	0.00	0.00	0.00	0.00	0.00	0.00	0.00
147V 1.00	0.01	0.00	0.00	0.00	0.01	0.00	0.00	1.00	0.00	0.91	0.02	0.00	0.00	0.00	0.00	0.00	0.01	0.59	0.00	0.01
148S 1.00	1.00	0.01	0.00	0.00	0.00	0.03	0.00	0.00	0.01	0.01	0.00	0.00	0.01	0.00	0.00	0.60	0.01	0.01	0.00	0.00
149P 1.00	0.00	0.00	0.00	0.00	0.00	0.00	0.00	0.00	0.00	0.00	0.00	0.00	1.00	0.00	0.00	0.00	0.00	0.00	0.00	0.00
150T 1.00	0.07	0.01	0.03	0.08	0.01	0.04	0.04	0.02	0.79	0.05	0.02	0.06	0.04	0.17	0.24	0.10	1.00	0.03	0.01	0.02
151A 1.00	0.51	0.06	0.35	0.15	0.04	0.26	0.16	0.07	0.18	0.08	0.04	0.71	0.15	0.13	0.11	0.82	1.00	0.12	0.02	0.07
152L 1.00	0.00	0.00	0.00	0.00	0.02	0.00	0.00	0.02	0.00	1.00	0.01	0.00	0.00	0.00	0.00	0.00	0.00	0.01	0.06	0.01
153R 1.00	0.00	0.00	0.00	0.00	0.00	0.00	0.00	0.00	0.00	0.00	0.00	0.00	0.00	0.00	1.00	0.00	0.00	0.00	0.00	0.00
154G 1.00	0.00	0.00	0.00	0.00	0.00	1.00	0.00	0.00	0.00	0.00	0.00	0.00	0.00	0.00	0.00	0.00	0.00	0.00	0.00	0.00
155A 1.00	1.00	0.00	0.00	0.00	0.00	0.02	0.00	0.01	0.01	0.01	0.08	0.00	0.01	0.00	0.00	0.02	0.01	0.01	0.00	0.00
156L 1.00	0.01	0.00	0.00	0.00	0.34	0.00	0.00	0.12	0.00	1.00	0.03	0.00	0.00	0.01	0.00	0.00	0.01	0.15	0.00	0.00
157G 1.00	0.00	0.00	0.00	0.00	0.00	1.00	0.00	0.00	0.00	0.00	0.00	0.00	0.00	0.00	0.00	0.00	0.00	0.00	0.00	0.00
158T 1.00	0.11	0.01	0.00	0.01	0.01	0.01	0.00	0.04	0.01	0.03	0.01	0.01	0.01	0.01	0.01	0.02	1.00	0.48	0.00	0.00
159L 1.00	0.03	0.01	0.00	0.08	0.15	0.01	0.01	0.12	0.01	1.00	0.18	0.01	0.01	0.01	0.01	0.01	0.02	0.39	0.01	0.01
160H 1.00	0.24	0.05	0.41	0.15	0.04	0.29	0.39	0.06	0.18	0.07	0.03	0.92	0.38	0.13	0.10	0.84	1.00	0.10	0.02	0.07
161Q 1.00	0.01	0.00	0.02	0.17	0.00	0.00	0.00	0.00	0.01	0.00	0.00	0.00	0.00	1.00	0.00	0.00	0.00	0.00	0.00	0.00
162L 1.00	0.00	0.00	0.00	0.00	0.01	0.00	0.00	0.02	0.00	1.00	0.01	0.00	0.00	0.00	0.00	0.00	0.00	0.15	0.00	0.00
163G 1.00	1.00	0.10	0.08	0.09	0.06	0.54	0.02	0.05	0.10	0.10	0.05	0.07	0.24	0.07	0.07	0.49	0.17	0.16	0.02	0.04
164I 1.00	0.00	0.00	0.00	0.00	0.00	0.00	0.00	1.00	0.00	0.11	0.00	0.00	0.00	0.00	0.00	0.00	0.00	0.19	0.00	0.00
165V 1.00	0.03	0.01	0.00	0.01	0.01	0.00	0.00	0.27	0.01	0.05	0.01	0.00	0.01	0.00	0.00	0.01	0.42	1.00	0.00	0.00
166V 1.00	0.03	0.01	0.00	0.01	0.02	0.00	0.00	0.81	0.01	0.28	0.02	0.00	0.01	0.00	0.00	0.01	0.47	1.00	0.00	0.01
167G 1.00	0.00	0.00	0.00	0.00	0.00	1.00	0.00	0.00	0.00	0.00	0.00	0.00	0.00	0.00	0.00	0.00	0.00	0.00	0.00	0.00
168I 1.00	0.00	0.00	0.00	0.00	0.00	0.00	0.00	1.00	0.00	0.01	0.00	0.00	0.00	0.00	0.00	0.00	0.00	0.17	0.00	0.00
169L 1.00	0.00	0.00	0.00	0.00	0.09	0.00	0.00	0.02	0.00	1.00	0.01	0.00	0.00	0.00	0.00	0.00	0.00	0.01	0.00	0.01
170I 1.00	0.00	0.00	0.00	0.00	0.01	0.00	0.00	0.59	0.00	0.23	0.01	0.00	0.00	0.00	0.00	0.00	0.00	1.00	0.00	0.00
171A 1.00	1.00	0.00	0.00	0.00	0.00	0.02	0.00	0.00	0.00	0.00	0.00	0.00	0.01	0.00	0.00	0.25	0.01	0.01	0.00	0.00
172Q 1.00	0.00	0.00	0.00	0.00	0.00	0.00	0.00	0.00	0.00	0.00	0.00	0.00	0.00	1.00	0.00	0.00	0.00	0.00	0.00	0.00
173V 1.00	0.00	0.00	0.00	0.00	0.00	0.00	0.00	1.00	0.00	0.11	0.00	0.00	0.00	0.00	0.00	0.00	0.00	0.38	0.00	0.00
174F 1.00	0.14	0.01	0.00	0.01	1.00	0.00	0.00	0.17	0.01	0.46	0.05	0.01	0.01	0.01	0.01	0.01	0.02	0.22	0.01	0.01
175G 1.00	0.03	0.00	0.01	0.00	0.00	1.00	0.00	0.00	0.00	0.00	0.00	0.01	0.01	0.00	0.00	0.15	0.01	0.00	0.00	0.00
176L 1.00	0.00	0.00	0.00	0.00	0.00	0.00	0.00	0.00	0.00	1.00	0.00	0.00	0.00	0.00	0.00	0.00	0.00	0.00	0.00	0.00
177D 1.00	0.33	0.02	0.63	1.00	0.02	0.17	0.06	0.08	0.51	0.13	0.05	0.21	0.13	0.46	0.60	0.40	0.24	0.12	0.01	0.02
178S 1.00	0.55	0.18	0.23	0.31	0.72	0.35	0.54	0.41	0.33	0.67	0.23	0.33	0.22	0.32	0.37	0.45	0.42	0.52	0.18	1.00
179I 1.00	0.01	0.00	0.00	0.00	0.01	0.00	0.00	1.00	0.00	0.44	0.14	0.00	0.00	0.00	0.00	0.00	0.01	0.11	0.00	0.00
180M 1.00	0.01	0.00	0.00	0.00	0.02	0.00	0.00	0.03	0.00	1.00	0.15	0.00	0.00	0.00	0.07	0.00	0.00	0.02	0.00	0.00
181G 1.00	0.34	0.01	0.01	0.01	0.00	1.00	0.00	0.00	0.01	0.01	0.00	0.01	0.01	0.09	0.00	0.03	0.01	0.01	0.00	0.00
182N 1.00	0.06	0.01	0.05	0.02	0.01	0.03	0.01	0.02	0.03	0.02	0.01	1.00	0.03	0.14	0.02	0.51	0.71	0.03	0.00	0.01
183K 1.00	0.57	0.03	0.45	1.00	0.05	0.21	0.12	0.11	0.60	0.18	0.06	0.27	0.23	0.41	0.29	0.40	0.32	0.22	0.01	0.08
184D 1.00	0.58	0.03	0.67	1.00	0.03	0.30	0.07	0.11	0.55	0.18	0.06	0.30	0.17	0.36	0.31	0.51	0.48	0.19	0.01	0.03
185L 0.97	0.57	0.17	0.37	0.32	0.67	0.48	0.51	0.47	0.43	1.00	0.28	0.50	0.24	0.34	0.43	0.49	0.41	0.51	0.17	0.87
186W 1.00	0.00	0.00	0.00	0.00	0.00	0.00	0.00	0.00	0.00	0.00	0.00	0.00	0.00	0.00	0.00	0.00	0.00	0.00	1.00	0.00
187P 1.00	0.04	0.01	0.04	0.03	0.01	0.07	0.18	0.01	0.04	0.02	0.00	0.04	1.00	0.02	0.03	0.04	0.02	0.01	0.01	0.01
188L 1.00	0.01	0.00	0.00	0.00	0.02	0.08	0.00	1.00	0.01	0.70	0.02	0.00	0.00	0.00	0.00	0.01	0.01	0.53	0.00	0.01
189L 1.00	0.00	0.00	0.00	0.00	0.00	0.00	0.00	0.00	0.00	1.00	0.00	0.00	0.00	0.00	0.00	0.00	0.00	0.00	0.00	0.00
190L 1.00	0.00	0.00	0.00	0.00	0.00	0.00	0.00	0.00	0.00	1.00	0.00	0.00	0.00	0.00	0.00	0.00	0.00	0.00	0.00	0.00
191S 1.00	0.26	0.00	0.00	0.00	0.00	1.00	0.00	0.00	0.00	0.00	0.00	0.00	0.01	0.00	0.00	0.06	0.01	0.01	0.00	0.00
192I 1.00	0.01	0.00	0.00	0.00	0.31	0.00	0.00	0.15	0.00	1.00	0.03	0.00	0.00	0.00	0.00	0.00	0.01	0.03	0.00	0.01
193I 1.00	0.02	0.00	0.01	0.00	0.00	0.00	0.00	0.08	0.01	0.00	0.00	0.01	0.01	0.00	0.00	0.29	1.00	0.01	0.00	0.00
194F 1.00	0.21	0.04	0.03	0.04	0.12	0.13	0.04	1.00	0.05	0.46	0.09	0.04	0.05	0.03	0.05	0.11	0.10	0.96	0.02	0.10
195I 1.00	0.01	0.00	0.00	0.00	0.02	0.10	0.00	0.59	0.01	0.44	0.02	0.00	0.00	0.00	0.00	0.01	0.01	1.00	0.00	0.01
196P 1.00	0.08	0.00	0.00	0.00	0.00	0.02	0.00	0.00	0.01	0.00	0.00	0.00	1.00	0.00	0.05	0.02	0.01	0.01	0.00	0.00
197A 1.00	1.00	0.00	0.00	0.00	0.00	0.01	0.00	0.00	0.00	0.00	0.00	0.00	0.01	0.00	0.00	0.01	0.03	0.01	0.00	0.00
198L 1.00	0.17	0.01	0.01	0.01	0.07	0.08	0.00	1.00	0.02	0.68	0.07	0.01	0.01	0.01	0.02	0.02	0.04	0.86	0.01	0.03
199L 1.00	0.08	0.00	0.00	0.00	0.01	0.00	0.00	0.12	0.00	1.00	0.02	0.00	0.00	0.00	0.00	0.00	0.00	0.02	0.00	0.00
200Q 1.00	0.10	0.00	0.01	0.01	0.00	0.02	0.00	0.00	0.01	0.01	0.00	0.01	0.01	1.00	0.01	0.02	0.01	0.01	0.00	0.00
201C 1.00	0.09	0.10	0.01	0.02	0.19	0.03	0.03	0.31	0.03	1.00	0.21	0.02	0.03	0.04	0.03	0.08	0.05	0.19	0.03	0.06
202I 1.00	0.36	0.04	0.01	0.03	0.14	0.01	0.02	0.43	0.03	1.00	0.13	0.02	0.10	0.03	0.03	0.03	0.12	0.56	0.01	0.03
203V 0.97	0.63	0.08	0.05	0.08	0.23	0.05	0.09	0.43	0.09	1.00	0.12	0.07	0.09	0.08	0.08	0.16	0.35	0.71	0.04	0.16
204L 0.97	0.00	0.00	0.00	0.00	0.00	0.00	0.00	0.00	0.00	1.00	0.00	0.00	0.00	0.00	0.00	0.00	0.00	0.00	0.00	0.00
205P 1.00	0.08	0.02	0.01	0.02	0.30	0.02	0.01	0.30	0.03	1.00	0.20	0.02	0.52	0.03	0.02	0.03	0.04	0.18	0.04	0.11
206F 1.00	0.00	0.03	0.00	0.00	1.00	0.00	0.00	0.01	0.00	0.11	0.01	0.00	0.00	0.00	0.00	0.00	0.00	0.01	0.01	0.03
207C 1.00	0.73	0.82	0.06	0.07	1.00	0.34	0.02	0.16	0.07	0.31	0.08	0.05	0.17	0.05	0.05	0.33	0.17	0.27	0.11	0.41
208P 1.00	0.00	0.00	0.00	0.00	0.00	0.00	0.00	0.00	0.00	0.00	0.00	0.00	1.00	0.00	0.00	0.00	0.00	0.00	0.00	0.00
209E 1.00	0.00	0.00	0.00	1.00	0.00	0.00	0.00	0.00	0.00	0.00	0.00	0.00	0.00	0.00	0.00	0.00	0.00	0.00	0.00	0.00
210S 1.00	0.00	0.00	0.00	0.00	0.00	0.00	0.00	0.00	0.00	0.00	0.00	0.00	0.00	0.00	0.00	1.00	0.00	0.00	0.00	0.00
211P 1.00	0.00	0.00	0.00	0.00	0.00	0.00	0.00	0.00	0.00	0.00	0.00	0.00	1.00	0.00	0.00	0.00	0.00	0.00	0.00	0.00
212R 1.00	0.00	0.00	0.00	0.00	0.00	0.00	0.00	0.00	0.00	0.00	0.00	0.00	0.00	0.00	1.00	0.00	0.00	0.00	0.00	0.00
213F 1.00	0.00	0.00	0.00	0.00	0.47	0.00	0.00	0.01	0.00	0.01	0.00	0.00	0.00	0.00	0.00	0.00	0.00	0.01	0.01	1.00
214L 1.00	0.03	0.00	0.01	0.01	0.01	0.01	0.00	0.02	0.01	1.00	0.01	0.01	0.01	0.01	0.01	0.13	0.11	0.02	0.00	0.00
215L 1.00	0.01	0.00	0.00	0.00	0.13	0.00	0.00	0.04	0.00	1.00	0.02	0.00	0.00	0.00	0.00	0.01	0.01	0.02	0.03	0.50
216I 1.00	0.00	0.00	0.00	0.00	0.01	0.00	0.00	1.00	0.00	0.07	0.01	0.00	0.00	0.00	0.00	0.00	0.00	0.02	0.00	0.00
217N 1.00	0.54	0.04	0.50	0.82	0.05	0.36	0.13	0.21	1.00	0.24	0.08	0.66	0.22	0.69	0.58	0.53	0.42	0.21	0.02	0.06
218R 1.00	0.09	0.01	0.02	0.12	0.02	0.06	0.08	0.04	1.00	0.27	0.03	0.08	0.07	0.29	0.80	0.07	0.09	0.05	0.01	0.04
219N 0.97	0.45	0.04	0.69	0.89	0.04	0.52	0.11	0.10	1.00	0.17	0.10	0.68	0.19	0.38	0.31	0.49	0.34	0.16	0.01	0.05
220E 1.00	0.18	0.01	0.60	1.00	0.01	0.09	0.04	0.03	0.27	0.16	0.02	0.14	0.14	0.19	0.09	0.14	0.11	0.05	0.01	0.02
221E 1.00	0.07	0.00	0.03	1.00	0.00	0.01	0.00	0.01	0.03	0.01	0.00	0.01	0.01	0.02	0.08	0.01	0.01	0.06	0.00	0.00
222N 1.00	0.77	0.06	0.63	1.00	0.06	0.40	0.13	0.19	0.91	0.30	0.11	0.50	0.27	0.58	0.51	0.73	0.57	0.29	0.02	0.05
223R 1.00	0.77	0.05	0.61	1.00	0.05	0.37	0.12	0.18	0.97	0.30	0.10	0.50	0.29	0.59	0.56	0.72	0.58	0.28	0.02	0.04
224A 1.00	1.00	0.00	0.00	0.01	0.00	0.02	0.00	0.00	0.01	0.00	0.00	0.00	0.01	0.07	0.00	0.02	0.01	0.01	0.00	0.00
225K 1.00	0.01	0.00	0.00	0.12	0.00	0.01	0.01	0.01	1.00	0.01	0.00	0.01	0.01	0.08	0.43	0.01	0.13	0.01	0.00	0.01
226S 1.00	0.31	0.01	0.14	0.48	0.01	0.08	0.03	0.04	1.00	0.07	0.02	0.19	0.06	0.63	0.31	0.37	0.21	0.06	0.00	0.01
227V 0.97	1.00	0.08	0.03	0.06	0.05	0.08	0.02	0.75	0.07	0.27	0.08	0.04	0.10	0.05	0.04	0.63	0.29	0.96	0.01	0.02
228L 1.00	0.00	0.00	0.00	0.00	0.00	0.00	0.00	0.00	0.00	1.00	0.00	0.00	0.00	0.00	0.00	0.00	0.00	0.00	0.00	0.00
229K 1.00	0.03	0.00	0.00	0.04	0.01	0.02	0.02	0.01	1.00	0.03	0.01	0.02	0.02	0.92	0.52	0.02	0.03	0.01	0.00	0.01
230K 1.00	0.02	0.00	0.01	0.02	0.00	0.01	0.01	0.01	0.22	0.01	0.00	0.02	0.01	0.03	1.00	0.10	0.18	0.01	0.00	0.01
231L 1.00	0.00	0.00	0.00	0.00	0.01	0.00	0.00	0.04	0.00	1.00	0.01	0.00	0.00	0.00	0.00	0.00	0.00	0.01	0.00	0.00
232R 1.00	0.16	0.02	0.05	0.15	0.03	0.10	0.09	0.06	0.66	0.12	0.04	0.13	0.10	0.23	1.00	0.20	0.33	0.08	0.15	0.05
233G 1.00	0.00	0.00	0.00	0.00	0.00	1.00	0.00	0.00	0.00	0.00	0.00	0.00	0.00	0.00	0.00	0.00	0.00	0.00	0.00	0.00
234T 1.00	0.54	0.17	0.37	0.29	0.57	0.40	0.50	0.35	0.33	0.55	0.19	0.55	0.24	0.30	0.33	0.80	1.00	0.45	0.29	0.83
235A 1.00	0.79	0.08	0.70	1.00	0.07	0.36	0.16	0.19	0.90	0.30	0.10	0.47	0.27	0.63	0.50	0.70	0.60	0.28	0.02	0.09
236D 1.00	0.01	0.00	1.00	0.01	0.00	0.02	0.01	0.00	0.01	0.00	0.00	0.08	0.00	0.01	0.00	0.15	0.01	0.00	0.00	0.00
237V 1.00	0.02	0.00	0.00	0.00	0.00	0.00	0.00	0.14	0.00	0.03	0.10	0.00	0.05	0.00	0.00	0.00	0.02	1.00	0.00	0.00
238T 1.00	0.73	0.05	0.82	1.00	0.06	0.33	0.15	0.20	0.79	0.27	0.14	0.43	0.24	0.50	0.45	0.95	0.71	0.28	0.02	0.06
239H 1.00	0.86	0.05	0.61	0.94	0.05	0.37	0.14	0.17	1.00	0.30	0.12	0.45	0.25	0.73	0.57	0.70	0.52	0.26	0.02	0.04
240D 1.00	0.14	0.00	0.72	1.00	0.01	0.02	0.01	0.01	0.06	0.01	0.01	0.03	0.04	0.08	0.02	0.03	0.03	0.09	0.00	0.01
241L 1.00	0.01	0.00	0.00	0.00	0.02	0.00	0.00	1.00	0.00	0.70	0.29	0.00	0.00	0.00	0.00	0.00	0.01	0.19	0.00	0.00
242Q 1.00	0.62	0.02	0.32	1.00	0.02	0.17	0.06	0.08	0.40	0.13	0.05	0.38	0.13	0.64	0.22	0.38	0.33	0.12	0.01	0.02
243E 1.00	0.01	0.00	0.10	1.00	0.00	0.00	0.00	0.00	0.01	0.00	0.00	0.00	0.00	0.01	0.00	0.00	0.00	0.00	0.00	0.00
244M 1.00	0.01	0.00	0.00	0.00	0.02	0.00	0.00	0.47	0.00	0.29	1.00	0.00	0.00	0.00	0.00	0.00	0.00	0.02	0.00	0.00
245K 1.00	0.03	0.00	0.01	0.11	0.01	0.02	0.02	0.01	1.00	0.13	0.01	0.03	0.02	0.13	0.92	0.02	0.03	0.01	0.00	0.01
246E 1.00	0.65	0.04	0.78	1.00	0.04	0.28	0.09	0.14	1.00	0.27	0.08	0.37	0.20	0.50	0.46	0.54	0.48	0.21	0.01	0.03
247E 1.00	0.00	0.00	0.00	1.00	0.00	0.00	0.00	0.00	0.00	0.00	0.00	0.00	0.00	0.00	0.00	0.00	0.00	0.00	0.00	0.00
248S 1.00	0.70	0.04	0.84	0.95	0.04	0.32	0.10	0.15	1.00	0.24	0.09	0.41	0.23	0.49	0.51	0.91	0.47	0.23	0.01	0.03
249R 1.00	0.63	0.04	0.36	1.00	0.06	0.23	0.10	0.18	0.60	0.22	0.12	0.29	0.17	0.41	0.75	0.43	0.36	0.27	0.02	0.06
250Q 1.00	0.61	0.04	0.41	0.78	0.04	0.27	0.13	0.14	1.00	0.24	0.08	0.35	0.21	0.51	0.71	0.49	0.42	0.20	0.02	0.05
251M 1.00	0.34	0.05	0.13	0.27	0.18	0.10	0.03	0.41	0.11	1.00	0.24	0.05	0.10	0.11	0.07	0.13	0.16	0.42	0.03	0.04
252M 1.00	0.65	0.04	0.48	0.89	0.04	0.30	0.10	0.15	1.00	0.24	0.14	0.39	0.22	0.52	0.63	0.89	0.45	0.22	0.02	0.04
253R 1.00	1.00	0.06	0.50	0.76	0.06	0.33	0.12	0.17	0.82	0.26	0.10	0.49	0.26	0.70	0.65	0.90	0.88	0.26	0.02	0.06
254E 1.00	0.43	0.02	0.12	1.00	0.01	0.07	0.01	0.04	0.06	0.04	0.01	0.03	0.06	0.07	0.02	0.08	0.06	0.11	0.00	0.01
255K 1.00	0.11	0.01	0.03	0.15	0.02	0.34	0.10	0.05	1.00	0.11	0.04	0.11	0.08	0.32	0.70	0.09	0.12	0.06	0.02	0.05
256K 1.00	0.63	0.18	0.26	0.45	0.71	0.40	0.61	0.43	0.96	0.74	0.25	0.41	0.29	0.54	0.88	0.51	0.51	0.55	0.19	1.00
257V 1.00	0.07	0.00	0.00	0.00	0.01	0.00	0.00	0.47	0.00	0.41	0.06	0.00	0.00	0.00	0.00	0.00	0.01	1.00	0.00	0.00
258T 1.00	0.01	0.00	0.01	0.00	0.00	0.00	0.00	0.00	0.00	0.00	0.00	0.01	0.01	0.00	0.00	1.00	0.46	0.01	0.00	0.00
259I 1.00	0.00	0.00	0.00	0.00	0.00	0.00	0.00	0.30	0.00	0.17	0.00	0.00	0.00	0.00	0.00	0.00	0.00	1.00	0.00	0.00
260L 1.00	0.03	0.01	0.01	0.01	0.07	0.05	0.02	0.28	0.02	1.00	0.11	0.01	0.01	0.02	0.08	0.01	0.02	0.08	0.08	0.03
261E 1.00	0.32	0.01	0.14	1.00	0.01	0.08	0.22	0.04	0.66	0.07	0.02	0.22	0.06	0.90	0.12	0.16	0.21	0.06	0.00	0.01
262L 1.00	0.00	0.00	0.00	0.00	0.01	0.00	0.00	0.01	0.00	1.00	0.04	0.00	0.00	0.00	0.00	0.00	0.00	0.01	0.00	0.00
263F 1.00	0.01	0.10	0.00	0.00	1.00	0.00	0.00	0.06	0.00	0.33	0.12	0.00	0.01	0.01	0.00	0.00	0.01	0.04	0.01	0.01
264R 1.00	0.61	0.05	0.29	0.48	0.04	0.40	0.11	0.11	0.84	0.19	0.07	0.29	0.20	0.37	1.00	0.56	0.68	0.18	0.02	0.05
265S 1.00	0.81	0.20	0.46	0.67	0.72	0.48	0.58	0.46	0.66	0.77	0.28	0.51	0.31	0.52	0.55	0.72	0.62	0.61	0.19	1.00
266P 1.00	0.59	0.07	0.38	0.67	0.16	0.31	0.23	0.19	1.00	0.36	0.12	0.38	0.31	0.54	0.84	0.56	0.45	0.28	0.05	0.22
267A 1.00	0.24	0.01	0.06	0.08	0.01	0.04	0.01	0.02	0.15	0.03	0.07	0.35	0.11	0.05	0.04	1.00	0.37	0.04	0.00	0.01
268Y 1.00	0.08	0.03	0.03	0.04	0.11	0.05	0.27	0.07	0.04	0.71	0.04	0.05	0.03	0.04	0.05	0.06	0.06	0.08	0.14	1.00
269R 1.00	0.01	0.00	0.00	0.01	0.03	0.01	0.01	0.01	0.05	0.01	0.00	0.01	0.01	0.09	1.00	0.01	0.01	0.03	0.00	0.00
270Q 0.97	0.62	0.18	0.59	0.67	0.21	0.96	0.26	0.28	1.00	0.64	0.16	0.46	0.58	0.95	0.86	0.48	0.42	0.32	0.40	0.21
271P 0.97	0.35	0.03	0.06	0.10	0.01	0.15	0.01	0.02	0.07	0.04	0.02	0.04	1.00	0.59	0.05	0.15	0.07	0.06	0.01	0.01
272I 0.97	0.01	0.00	0.00	0.00	0.02	0.00	0.00	1.00	0.00	0.92	0.02	0.00	0.00	0.00	0.00	0.00	0.01	0.43	0.00	0.01
273L 1.00	0.01	0.00	0.00	0.00	0.01	0.00	0.00	1.00	0.00	0.79	0.01	0.00	0.00	0.00	0.00	0.00	0.01	0.22	0.00	0.00
274I 1.00	0.08	0.02	0.01	0.01	0.04	0.02	0.00	1.00	0.02	0.23	0.04	0.01	0.02	0.01	0.01	0.32	0.07	0.78	0.01	0.02
275A 1.00	1.00	0.09	0.08	0.09	0.05	0.13	0.03	0.63	0.11	0.24	0.12	0.13	0.16	0.09	0.07	0.94	0.83	0.61	0.02	0.04
276V 1.00	0.00	0.00	0.00	0.00	0.01	0.00	0.00	1.00	0.00	0.35	0.01	0.00	0.00	0.00	0.00	0.00	0.01	0.48	0.00	0.00
277V 1.00	0.03	0.01	0.00	0.00	0.01	0.00	0.00	0.11	0.00	0.04	0.36	0.00	0.01	0.00	0.00	0.00	0.07	1.00	0.00	0.00
278L 1.00	0.01	0.00	0.00	0.00	0.02	0.00	0.00	0.04	0.00	1.00	0.02	0.00	0.07	0.00	0.00	0.00	0.01	0.07	0.00	0.00
279Q 1.00	0.11	0.02	0.02	0.06	0.19	0.04	0.13	0.33	0.16	1.00	0.39	0.05	0.05	0.32	0.14	0.05	0.07	0.20	0.03	0.06
280L 1.00	0.18	0.02	0.01	0.02	0.16	0.06	0.02	0.37	0.03	1.00	0.22	0.02	0.03	0.03	0.03	0.03	0.04	0.25	0.02	0.04
281S 1.00	1.00	0.09	0.08	0.08	0.03	0.69	0.02	0.04	0.09	0.08	0.04	0.08	0.22	0.06	0.06	0.73	0.17	0.14	0.05	0.03
282Q 1.00	0.00	0.00	0.00	0.00	0.00	0.00	0.00	0.00	0.00	0.00	0.00	0.00	0.00	1.00	0.00	0.00	0.00	0.00	0.00	0.00
283Q 1.00	0.00	0.00	0.00	0.00	0.00	0.00	0.00	0.00	0.00	0.00	0.00	0.00	0.00	1.00	0.00	0.00	0.00	0.00	0.00	0.00
284L 1.00	0.01	0.00	0.00	0.00	0.28	0.00	0.00	0.03	0.00	1.00	0.02	0.00	0.00	0.00	0.00	0.00	0.00	0.02	0.00	0.01
285S 1.00	0.00	0.00	0.00	0.00	0.00	0.00	0.00	0.00	0.00	0.00	0.00	0.00	0.00	0.00	0.00	1.00	0.00	0.00	0.00	0.00
286G 1.00	0.00	0.00	0.00	0.00	0.00	1.00	0.00	0.00	0.00	0.00	0.00	0.00	0.00	0.00	0.00	0.00	0.00	0.00	0.00	0.00
287I 1.00	0.00	0.00	0.00	0.00	0.00	0.00	0.00	1.00	0.00	0.02	0.00	0.00	0.00	0.00	0.00	0.00	0.00	0.41	0.00	0.00
288N 1.00	0.00	0.00	0.00	0.00	0.00	0.00	0.00	0.00	0.00	0.00	0.00	1.00	0.00	0.00	0.00	0.00	0.00	0.00	0.00	0.00
289A 1.00	1.00	0.00	0.00	0.00	0.00	0.19	0.00	0.00	0.00	0.00	0.00	0.00	0.01	0.00	0.00	0.02	0.01	0.01	0.00	0.00
290V 1.00	0.01	0.00	0.00	0.00	0.01	0.00	0.00	1.00	0.00	0.03	0.01	0.00	0.00	0.00	0.00	0.00	0.01	0.98	0.00	0.00
291F 1.00	0.05	0.02	0.06	0.03	1.00	0.06	0.05	0.03	0.04	0.06	0.02	0.27	0.02	0.03	0.03	0.06	0.04	0.04	0.01	0.50
292Y 1.00	0.00	0.00	0.00	0.00	0.00	0.00	0.00	0.00	0.00	0.00	0.00	0.00	0.00	0.00	0.00	0.00	0.00	0.00	0.00	1.00
293Y 1.00	0.00	0.00	0.00	0.00	0.00	0.00	0.00	0.00	0.00	0.00	0.00	0.00	0.00	0.00	0.00	0.00	0.00	0.00	0.00	1.00
294S 1.00	0.61	0.01	0.12	0.02	0.00	0.05	0.00	0.00	0.01	0.01	0.00	0.02	0.02	0.01	0.01	1.00	0.03	0.01	0.00	0.00
295T 0.97	0.20	0.04	0.53	0.19	0.03	0.20	0.06	0.05	0.12	0.05	0.02	0.31	0.11	0.10	0.07	0.50	1.00	0.08	0.02	0.04
296S 1.00	0.34	0.05	0.25	0.26	0.04	0.43	0.06	0.09	0.27	0.11	0.05	0.33	0.15	0.46	0.16	1.00	0.84	0.18	0.02	0.05
297I 1.00	0.00	0.00	0.00	0.00	0.00	0.00	0.00	1.00	0.00	0.00	0.00	0.00	0.00	0.00	0.00	0.00	0.00	0.00	0.00	0.00
298F 1.00	0.00	0.00	0.00	0.00	1.00	0.00	0.00	0.01	0.00	0.02	0.00	0.00	0.00	0.00	0.00	0.00	0.00	0.01	0.02	0.67
299E 1.00	0.43	0.03	0.44	0.88	0.05	0.22	0.14	0.12	1.00	0.22	0.07	0.29	0.21	0.51	0.71	0.37	0.34	0.18	0.02	0.07
300K 1.00	0.26	0.02	0.51	0.31	0.02	0.13	0.05	0.07	0.41	0.14	0.04	0.18	0.10	0.19	0.30	1.00	0.59	0.10	0.01	0.02
301A 1.00	1.00	0.00	0.00	0.00	0.00	0.02	0.00	0.00	0.00	0.00	0.00	0.00	0.08	0.00	0.00	0.06	0.01	0.01	0.00	0.00
302G 1.00	0.05	0.01	0.01	0.01	0.01	1.00	0.00	0.01	0.01	0.09	0.01	0.01	0.02	0.01	0.01	0.03	0.01	0.01	0.00	0.00
303V 1.00	0.01	0.00	0.07	0.00	0.01	0.00	0.00	0.35	0.00	0.05	0.01	0.00	0.00	0.00	0.00	0.00	0.01	1.00	0.00	0.00
304Q 1.00	0.50	0.04	0.48	1.00	0.03	0.39	0.08	0.12	0.75	0.20	0.07	0.37	0.18	0.70	0.38	0.69	0.51	0.19	0.01	0.03
305Q 1.00	0.10	0.00	0.40	0.87	0.01	0.05	0.31	0.02	0.26	0.03	0.01	0.06	0.05	1.00	0.05	0.22	0.06	0.03	0.00	0.01
306P 1.00	0.10	0.02	0.21	0.05	0.01	0.04	0.02	0.03	0.05	0.03	0.01	0.15	1.00	0.04	0.03	0.48	0.47	0.18	0.01	0.01
307V 1.00	0.43	0.09	0.02	0.07	0.05	0.01	0.02	0.50	0.07	0.33	0.10	0.03	0.09	0.05	0.04	0.07	0.30	1.00	0.01	0.02
308Y 1.00	0.00	0.00	0.00	0.00	0.06	0.00	0.00	0.00	0.00	0.01	0.00	0.00	0.00	0.00	0.00	0.00	0.00	0.00	0.01	1.00
309A 1.00	1.00	0.03	0.02	0.03	0.05	0.07	0.01	0.11	0.03	0.09	0.03	0.02	0.05	0.02	0.02	0.08	0.08	0.66	0.01	0.12
310T 1.00	0.00	0.00	0.00	0.00	0.00	0.00	0.00	0.00	0.00	0.00	0.00	0.00	0.00	0.00	0.00	0.00	1.00	0.00	0.00	0.00
311I 1.00	0.36	0.01	0.00	0.01	0.02	0.00	0.00	1.00	0.01	0.16	0.02	0.00	0.01	0.01	0.01	0.01	0.04	0.38	0.00	0.01
312G 1.00	0.10	0.00	0.00	0.00	0.00	1.00	0.00	0.00	0.00	0.00	0.00	0.00	0.01	0.00	0.00	0.04	0.01	0.00	0.00	0.00
313S 1.00	1.00	0.02	0.03	0.03	0.01	0.05	0.01	0.05	0.03	0.04	0.02	0.05	0.05	0.02	0.02	0.66	0.93	0.58	0.01	0.01
314G 1.00	0.00	0.00	0.00	0.00	0.00	1.00	0.00	0.00	0.00	0.00	0.00	0.00	0.00	0.00	0.00	0.00	0.00	0.00	0.00	0.00
315I 1.00	0.68	0.02	0.01	0.02	0.02	0.00	0.00	0.19	0.02	0.10	0.03	0.01	0.03	0.01	0.01	0.02	0.09	1.00	0.00	0.00
316V 1.00	0.00	0.00	0.00	0.00	0.00	0.00	0.00	0.16	0.00	0.01	0.00	0.00	0.00	0.00	0.00	0.00	0.00	1.00	0.00	0.00
317N 1.00	0.00	0.00	0.00	0.00	0.00	0.00	0.00	0.00	0.00	0.00	0.00	1.00	0.00	0.00	0.00	0.00	0.00	0.00	0.00	0.00
318T 1.00	0.15	0.03	0.01	0.03	0.05	0.01	0.01	0.60	0.03	0.37	0.22	0.02	0.03	0.02	0.02	0.03	0.79	1.00	0.01	0.02
319A 1.00	0.13	0.00	0.00	0.00	0.14	0.00	0.00	0.70	0.01	0.38	0.02	0.00	0.00	0.00	0.00	0.01	0.02	1.00	0.00	0.01
320F 1.00	0.02	0.01	0.00	0.00	1.00	0.00	0.00	0.17	0.01	0.25	0.57	0.00	0.01	0.01	0.01	0.01	0.01	0.05	0.01	0.04
321T 1.00	0.00	0.00	0.00	0.00	0.00	0.00	0.00	0.00	0.00	0.00	0.00	0.00	0.00	0.00	0.00	0.00	1.00	0.00	0.00	0.00
322V 1.00	0.31	0.01	0.00	0.01	0.13	0.01	0.00	0.55	0.01	0.54	0.10	0.01	0.01	0.01	0.01	0.01	0.03	1.00	0.00	0.01
323V 1.00	0.07	0.29	0.00	0.01	0.01	0.00	0.00	0.17	0.01	0.14	0.02	0.01	0.01	0.01	0.01	0.01	0.15	1.00	0.00	0.00
324S 1.00	0.22	0.00	0.00	0.00	0.00	0.01	0.00	0.00	0.00	0.00	0.00	0.01	0.01	0.00	0.00	1.00	0.21	0.01	0.00	0.00
325L 1.00	0.22	0.01	0.00	0.01	0.01	0.00	0.00	0.25	0.01	0.43	0.01	0.00	0.01	0.00	0.00	0.01	0.02	1.00	0.00	0.00
326F 1.00	0.01	0.00	0.00	0.00	1.00	0.00	0.00	0.05	0.00	0.34	0.03	0.00	0.00	0.00	0.00	0.00	0.01	0.20	0.01	0.02
327V 1.00	0.01	0.00	0.00	0.00	0.02	0.00	0.00	0.16	0.00	1.00	0.02	0.00	0.00	0.00	0.00	0.00	0.01	0.58	0.00	0.00
328V 1.00	0.00	0.00	0.00	0.00	0.00	0.00	0.00	0.07	0.00	0.01	0.00	0.00	0.00	0.00	0.00	0.00	0.00	1.00	0.00	0.00
329E 1.00	0.00	0.00	0.00	1.00	0.00	0.00	0.00	0.00	0.00	0.00	0.00	0.00	0.00	0.00	0.00	0.00	0.00	0.00	0.00	0.00
330R 0.97	0.07	0.01	0.01	0.10	0.02	0.05	0.07	0.03	0.71	0.27	0.03	0.07	0.06	0.17	1.00	0.06	0.08	0.04	0.01	0.07
331A 1.00	0.60	0.06	0.04	0.06	0.22	0.16	0.06	0.34	0.07	1.00	0.24	0.06	0.10	0.07	0.07	0.21	0.14	0.28	0.06	0.11
332G 1.00	0.02	0.01	0.01	0.01	0.01	1.00	0.00	0.00	0.01	0.01	0.00	0.01	0.01	0.01	0.01	0.01	0.01	0.01	0.07	0.01
333R 1.00	0.09	0.00	0.00	0.01	0.00	0.01	0.00	0.00	0.02	0.01	0.00	0.01	0.01	0.01	1.00	0.01	0.01	0.01	0.00	0.00
334R 1.00	0.00	0.00	0.00	0.00	0.00	0.00	0.00	0.00	0.00	0.00	0.00	0.00	0.00	0.00	1.00	0.00	0.00	0.00	0.00	0.00
335T 1.00	0.55	0.18	0.22	0.29	0.75	0.34	0.58	0.43	0.31	0.72	0.22	0.34	0.21	0.31	0.36	0.52	0.72	0.51	0.19	1.00
336L 1.00	0.00	0.00	0.00	0.00	0.00	0.00	0.00	0.00	0.00	1.00	0.00	0.00	0.00	0.00	0.00	0.00	0.00	0.00	0.00	0.00
337H 1.00	0.07	0.02	0.01	0.02	0.19	0.02	0.03	0.33	0.03	1.00	0.22	0.02	0.03	0.04	0.03	0.03	0.05	0.19	0.02	0.04
338L 1.00	0.00	0.00	0.00	0.00	0.01	0.00	0.00	0.02	0.00	1.00	0.16	0.00	0.00	0.00	0.00	0.00	0.00	0.01	0.00	0.00
339I 1.00	0.49	0.04	0.01	0.03	0.03	0.00	0.01	1.00	0.03	0.78	0.05	0.02	0.04	0.02	0.02	0.12	0.21	0.64	0.01	0.01
340G 1.00	0.00	0.00	0.00	0.00	0.00	1.00	0.00	0.00	0.00	0.00	0.00	0.00	0.00	0.00	0.00	0.00	0.00	0.00	0.00	0.00
341L 1.00	0.02	0.01	0.00	0.01	0.64	0.00	0.00	0.08	0.01	1.00	0.30	0.00	0.01	0.01	0.01	0.01	0.01	0.05	0.04	0.34
342A 1.00	1.00	0.09	0.07	0.09	0.04	0.60	0.02	0.07	0.10	0.10	0.06	0.07	0.22	0.07	0.07	0.60	0.19	0.15	0.01	0.04
343G 1.00	1.00	0.14	0.13	0.15	0.18	0.68	0.12	0.33	0.17	0.29	0.10	0.16	0.28	0.13	0.14	0.67	0.48	0.43	0.05	0.22
344M 1.00	0.08	0.30	0.01	0.02	0.16	0.02	0.01	0.30	0.02	1.00	0.80	0.02	0.03	0.03	0.02	0.02	0.04	0.18	0.02	0.02
345A 1.00	0.58	0.19	0.20	0.27	0.75	0.35	0.51	0.55	0.29	1.00	0.29	0.30	0.21	0.29	0.34	0.41	0.39	0.61	0.18	0.95
346G 1.00	0.56	0.18	0.24	0.33	0.71	0.36	0.55	0.42	0.34	0.67	0.23	0.34	0.23	0.33	0.38	0.46	0.44	0.53	0.19	1.00
347C 1.00	0.51	1.00	0.01	0.01	0.00	0.03	0.00	0.00	0.01	0.01	0.00	0.01	0.01	0.01	0.00	0.11	0.14	0.01	0.00	0.00
348A 1.00	1.00	0.93	0.02	0.02	0.01	0.08	0.00	0.01	0.02	0.02	0.01	0.02	0.04	0.01	0.01	0.59	0.18	0.03	0.00	0.01
349I 1.00	0.23	0.34	0.01	0.02	0.02	0.00	0.01	1.00	0.02	0.44	0.04	0.01	0.03	0.02	0.01	0.02	0.25	0.82	0.00	0.01
350L 1.00	0.13	0.01	0.01	0.01	0.38	0.01	0.01	0.20	0.02	1.00	0.09	0.01	0.02	0.02	0.01	0.01	0.04	0.77	0.01	0.02
351M 0.94	0.01	0.00	0.00	0.00	0.02	0.00	0.00	0.03	0.00	0.64	1.00	0.00	0.00	0.00	0.00	0.00	0.00	0.02	0.00	0.00
352T 1.00	0.01	0.00	0.00	0.00	0.00	0.00	0.00	0.00	0.00	0.00	0.00	0.01	0.00	0.00	0.00	0.20	1.00	0.00	0.00	0.00
353I 1.00	0.20	0.00	0.00	0.00	0.02	0.08	0.00	0.59	0.01	0.17	0.02	0.00	0.00	0.00	0.01	0.01	0.02	1.00	0.00	0.01
354A 1.00	1.00	0.01	0.01	0.01	0.00	0.38	0.00	0.00	0.01	0.01	0.00	0.01	0.02	0.01	0.01	0.40	0.02	0.15	0.00	0.00
355L 1.00	0.00	0.00	0.00	0.00	0.00	0.00	0.00	0.00	0.00	1.00	0.00	0.00	0.00	0.00	0.00	0.00	0.00	0.00	0.00	0.00
356A 1.00	0.72	0.07	0.02	0.06	0.05	0.01	0.01	0.39	0.06	0.76	0.09	0.03	0.08	0.04	0.03	0.06	0.29	1.00	0.01	0.01
357L 1.00	0.00	0.00	0.00	0.00	0.09	0.00	0.00	0.02	0.00	1.00	0.04	0.00	0.00	0.00	0.00	0.00	0.00	0.01	0.00	0.00
358L 1.00	0.17	0.02	0.05	0.23	0.06	0.11	0.13	0.12	1.00	0.38	0.09	0.14	0.12	0.39	0.81	0.13	0.16	0.12	0.03	0.07
359E 0.97	0.02	0.00	1.00	0.40	0.00	0.05	0.02	0.00	0.02	0.00	0.00	0.48	0.01	0.02	0.01	0.29	0.02	0.00	0.00	0.01
360Q 1.00	0.75	0.05	0.62	1.00	0.05	0.38	0.13	0.19	0.96	0.30	0.11	0.51	0.27	0.60	0.57	0.73	0.60	0.29	0.02	0.04
361L 0.97	0.19	0.05	0.05	0.06	0.40	0.08	0.11	0.78	0.07	0.48	0.14	0.07	0.05	0.06	0.08	0.09	0.11	1.00	0.04	0.43
362P 0.97	0.60	0.05	0.53	0.73	0.04	0.31	0.10	0.13	0.59	0.20	0.07	0.52	0.52	0.39	0.33	1.00	0.66	0.20	0.02	0.04
363W 1.00	1.00	0.09	0.20	0.32	0.06	0.56	0.06	0.07	0.17	0.12	0.05	0.17	0.24	0.13	0.11	0.57	0.31	0.17	0.45	0.07
364M 1.00	0.00	0.00	0.00	0.00	0.01	0.00	0.00	0.06	0.00	0.20	1.00	0.00	0.00	0.00	0.00	0.00	0.00	0.01	0.00	0.00
365S 1.00	0.17	0.03	0.21	0.09	0.02	0.19	0.05	0.03	0.14	0.04	0.02	0.30	0.37	0.08	0.13	1.00	0.29	0.05	0.01	0.03
366Y 1.00	0.00	0.00	0.00	0.00	0.27	0.00	0.00	0.00	0.00	0.04	0.00	0.00	0.00	0.00	0.00	0.00	0.00	0.00	0.01	1.00
367L 1.00	0.00	0.00	0.00	0.00	0.01	0.00	0.00	0.52	0.00	0.34	0.01	0.00	0.00	0.00	0.00	0.00	0.01	1.00	0.00	0.00
368S 1.00	0.42	0.26	0.05	0.04	0.02	0.32	0.01	0.02	0.05	0.04	0.02	0.06	0.10	0.03	0.03	1.00	0.10	0.07	0.01	0.01
369I 1.00	0.01	0.00	0.00	0.00	0.01	0.00	0.00	1.00	0.00	0.06	0.24	0.00	0.00	0.00	0.00	0.00	0.00	0.03	0.00	0.00
370V 1.00	0.23	0.02	0.02	0.02	0.05	0.20	0.01	0.64	0.03	0.21	0.04	0.02	0.04	0.02	0.02	0.11	0.18	1.00	0.01	0.03
371A 1.00	1.00	0.53	0.02	0.02	0.01	0.12	0.00	0.02	0.02	0.03	0.01	0.01	0.05	0.01	0.02	0.11	0.04	0.05	0.00	0.01
372I 1.00	0.01	0.00	0.00	0.00	0.00	0.00	0.00	1.00	0.00	0.03	0.01	0.00	0.00	0.00	0.00	0.00	0.06	0.56	0.00	0.00
373F 1.00	0.03	0.01	0.00	0.01	1.00	0.01	0.01	0.64	0.01	0.79	0.09	0.01	0.01	0.01	0.01	0.01	0.02	0.10	0.01	0.03
374G 1.00	0.71	0.10	0.11	0.14	0.21	0.41	0.10	0.94	0.15	0.61	0.14	0.12	0.18	0.11	0.13	0.42	0.24	1.00	0.05	0.21
375F 1.00	0.00	0.00	0.00	0.00	1.00	0.00	0.00	0.01	0.00	0.02	0.00	0.00	0.00	0.00	0.00	0.00	0.00	0.01	0.02	0.87
376V 1.00	0.03	0.00	0.00	0.00	0.00	0.00	0.00	0.17	0.00	0.01	0.00	0.00	0.00	0.00	0.00	0.00	0.01	1.00	0.00	0.00
377A 1.00	1.00	0.09	0.04	0.07	0.05	0.12	0.02	0.73	0.07	0.29	0.09	0.04	0.12	0.05	0.05	0.32	0.31	0.89	0.01	0.02
378F 1.00	0.81	0.12	0.11	0.12	0.61	0.48	0.12	0.38	0.14	1.00	0.24	0.13	0.22	0.12	0.13	0.42	0.22	0.36	0.11	0.44
379F 1.00	0.11	0.06	0.12	0.08	1.00	0.19	0.65	0.12	0.09	0.29	0.07	0.11	0.09	0.07	0.09	0.09	0.08	0.10	0.04	0.08
380E 1.00	0.67	0.03	0.20	1.00	0.02	0.20	0.02	0.02	0.10	0.05	0.02	0.06	0.12	0.11	0.04	0.33	0.10	0.07	0.01	0.02
381V 1.00	0.00	0.00	0.00	0.00	0.01	0.00	0.00	1.00	0.00	0.26	0.01	0.00	0.00	0.00	0.00	0.00	0.00	0.20	0.00	0.00
382G 1.00	0.00	0.00	0.00	0.00	0.00	1.00	0.00	0.00	0.00	0.00	0.00	0.00	0.00	0.00	0.00	0.00	0.00	0.00	0.00	0.00
383P 1.00	0.00	0.00	0.00	0.00	0.00	0.00	0.00	0.00	0.00	0.00	0.00	0.00	1.00	0.00	0.00	0.00	0.00	0.00	0.00	0.00
384G 1.00	0.18	0.01	0.01	0.01	0.00	1.00	0.00	0.00	0.01	0.01	0.00	0.01	0.02	0.01	0.01	0.57	0.01	0.01	0.00	0.00
385P 1.00	0.03	0.00	0.01	0.01	0.01	0.02	0.00	0.08	0.01	0.03	0.01	0.00	1.00	0.01	0.01	0.01	0.01	0.02	0.00	0.00
386I 1.00	0.01	0.00	0.00	0.00	0.01	0.00	0.00	1.00	0.00	0.03	0.01	0.00	0.00	0.00	0.07	0.00	0.01	0.22	0.00	0.00
387P 1.00	0.02	0.00	0.00	0.00	0.00	0.01	0.00	0.00	0.00	0.00	0.00	0.00	1.00	0.00	0.00	0.08	0.01	0.00	0.00	0.00
388W 1.00	1.00	0.09	0.08	0.09	0.07	0.45	0.04	0.08	0.10	0.19	0.05	0.08	0.24	0.07	0.08	0.53	0.24	0.19	0.43	0.07
389F 1.00	0.01	0.00	0.00	0.00	1.00	0.00	0.00	0.04	0.00	0.42	0.02	0.00	0.00	0.00	0.00	0.01	0.01	0.21	0.03	0.22
390I 0.97	0.01	0.00	0.00	0.00	0.09	0.00	0.00	1.00	0.00	0.47	0.31	0.00	0.00	0.00	0.00	0.00	0.01	0.35	0.00	0.01
391V 0.97	0.03	0.01	0.00	0.01	0.02	0.01	0.00	0.41	0.01	0.09	0.02	0.00	0.01	0.00	0.15	0.01	0.02	1.00	0.00	0.01
392A 1.00	1.00	0.01	0.01	0.01	0.00	0.04	0.00	0.01	0.01	0.01	0.01	0.01	0.03	0.01	0.01	0.07	0.71	0.03	0.00	0.00
393E 1.00	0.01	0.00	0.02	1.00	0.00	0.03	0.00	0.00	0.01	0.00	0.00	0.01	0.01	0.01	0.00	0.01	0.00	0.00	0.00	0.00
394L 1.00	0.02	0.00	0.00	0.00	0.30	0.00	0.00	0.77	0.01	1.00	0.04	0.00	0.01	0.01	0.01	0.00	0.01	0.18	0.00	0.01
395F 1.00	0.00	0.00	0.00	0.00	1.00	0.00	0.00	0.01	0.00	0.01	0.00	0.00	0.00	0.00	0.00	0.00	0.00	0.05	0.01	0.03
396S 1.00	1.00	0.10	0.13	0.11	0.06	0.56	0.03	0.08	0.13	0.20	0.07	0.14	0.25	0.09	0.09	0.58	0.26	0.18	0.02	0.04
397Q 1.00	0.00	0.00	0.00	0.00	0.00	0.00	0.00	0.00	0.00	0.00	0.00	0.00	0.00	1.00	0.00	0.00	0.00	0.00	0.00	0.00
398G 1.00	0.04	0.00	0.08	0.02	0.00	1.00	0.01	0.00	0.01	0.00	0.00	0.05	0.01	0.01	0.01	0.68	0.02	0.01	0.00	0.01
399P 1.00	0.09	0.01	0.01	0.01	0.00	0.15	0.00	0.00	0.01	0.01	0.00	0.01	1.00	0.01	0.01	0.59	0.02	0.01	0.00	0.00
400R 1.00	0.00	0.00	0.00	0.00	0.00	0.00	0.00	0.00	0.00	0.00	0.00	0.00	0.00	0.00	1.00	0.00	0.00	0.00	0.00	0.00
401P 1.00	0.03	0.00	0.01	0.01	0.00	0.01	0.00	0.00	0.02	0.01	0.00	0.01	1.00	0.01	0.10	0.09	0.10	0.01	0.00	0.00
402A 1.00	1.00	0.01	0.01	0.01	0.00	0.03	0.00	0.00	0.01	0.01	0.00	0.01	0.09	0.00	0.00	0.15	0.12	0.01	0.00	0.00
403A 1.00	1.00	0.00	0.00	0.00	0.00	0.01	0.00	0.00	0.00	0.00	0.00	0.00	0.01	0.00	0.00	0.02	0.07	0.01	0.00	0.00
404I 1.00	0.11	0.04	0.03	0.04	0.99	0.05	0.06	0.44	0.04	1.00	0.71	0.04	0.04	0.05	0.05	0.07	0.08	0.20	0.23	0.79
405A 0.97	1.00	0.05	0.04	0.05	0.03	0.18	0.01	0.11	0.05	0.12	0.31	0.04	0.10	0.04	0.04	0.22	0.23	0.24	0.01	0.02
406V 0.97	0.00	0.00	0.00	0.00	0.00	0.00	0.00	0.24	0.00	0.12	0.00	0.00	0.00	0.00	0.00	0.00	0.00	1.00	0.00	0.00
407A 1.00	1.00	0.05	0.25	0.10	0.02	0.43	0.03	0.02	0.08	0.05	0.02	0.16	0.12	0.06	0.05	0.27	0.10	0.07	0.06	0.03
408G 1.00	0.21	0.00	0.00	0.00	0.00	1.00	0.00	0.00	0.00	0.00	0.00	0.00	0.01	0.00	0.00	0.02	0.01	0.01	0.00	0.00
409F 1.00	0.72	0.23	0.26	0.34	0.75	0.40	0.55	0.45	0.36	0.71	0.24	0.38	0.27	0.35	0.39	0.68	0.73	0.63	0.19	1.00
410S 1.00	1.00	0.14	0.09	0.11	0.06	0.40	0.03	0.31	0.13	0.26	0.09	0.12	0.25	0.09	0.09	0.66	0.58	0.73	0.02	0.04
411N 1.00	0.02	0.00	0.07	0.02	0.00	0.05	0.61	0.00	0.02	0.00	0.00	1.00	0.01	0.02	0.01	0.04	0.02	0.00	0.00	0.01
412W 1.00	0.00	0.00	0.00	0.00	0.00	0.00	0.00	0.00	0.00	0.00	0.00	0.00	0.00	0.00	0.00	0.00	0.00	0.00	1.00	0.00
413T 1.00	0.47	0.09	0.03	0.07	0.07	0.02	0.02	0.49	0.07	0.49	0.12	0.04	0.10	0.06	0.04	0.11	0.41	1.00	0.01	0.02
414S 1.00	0.28	0.28	0.06	0.04	0.02	0.18	0.02	0.03	0.05	0.04	0.02	0.09	0.09	0.04	0.04	1.00	0.53	0.07	0.01	0.02
415N 1.00	0.00	0.00	0.00	0.00	0.00	0.00	0.00	0.00	0.00	0.00	0.00	1.00	0.00	0.00	0.00	0.00	0.00	0.00	0.00	0.00
416F 1.00	0.00	0.00	0.00	0.00	1.00	0.00	0.00	0.00	0.00	0.00	0.00	0.00	0.00	0.00	0.00	0.00	0.00	0.00	0.00	0.00
417I 1.00	0.15	0.02	0.00	0.01	0.02	0.00	0.00	1.00	0.01	0.52	0.03	0.01	0.02	0.01	0.01	0.01	0.41	0.32	0.00	0.01
418V 1.00	0.00	0.00	0.00	0.00	0.00	0.00	0.00	0.36	0.00	0.02	0.00	0.00	0.00	0.00	0.00	0.00	0.00	1.00	0.00	0.00
419G 1.00	0.21	0.00	0.00	0.00	0.00	1.00	0.00	0.00	0.00	0.00	0.00	0.00	0.01	0.00	0.00	0.02	0.01	0.01	0.00	0.00
420M 1.00	0.01	0.00	0.00	0.00	0.13	0.00	0.00	0.03	0.00	1.00	0.45	0.00	0.00	0.00	0.00	0.00	0.00	0.02	0.00	0.00
421C 1.00	0.10	0.08	0.04	0.05	0.17	0.09	0.07	1.00	0.06	0.57	0.11	0.05	0.03	0.04	0.06	0.07	0.11	0.96	0.03	0.15
422F 1.00	0.00	0.00	0.00	0.00	1.00	0.00	0.00	0.00	0.00	0.00	0.00	0.00	0.00	0.00	0.00	0.00	0.00	0.00	0.00	0.00
423Q 1.00	0.13	0.01	0.08	0.11	0.01	0.12	0.02	0.02	0.10	0.04	0.01	0.05	1.00	0.59	0.07	0.09	0.05	0.04	0.01	0.02
424Y 1.00	0.06	0.03	0.02	0.02	0.96	0.02	0.03	0.10	0.02	0.27	0.05	0.02	0.02	0.02	0.02	0.27	0.04	0.10	0.17	1.00
425V 1.00	0.38	0.01	0.00	0.01	0.01	0.00	0.00	1.00	0.01	0.08	0.02	0.01	0.01	0.01	0.01	0.01	0.04	0.42	0.00	0.01
426E 0.97	1.00	0.02	0.38	0.84	0.02	0.12	0.04	0.04	0.21	0.06	0.02	0.09	0.12	0.67	0.09	0.16	0.16	0.08	0.01	0.02
427Q 1.00	0.60	0.18	0.33	0.43	0.71	0.37	0.56	0.41	0.41	0.68	0.24	0.36	0.24	0.39	0.41	0.48	0.46	0.56	0.18	1.00
428L 1.00	0.48	0.17	0.19	0.25	0.74	0.31	0.50	0.37	0.27	0.63	0.21	0.28	0.19	0.27	0.32	0.37	0.36	0.47	0.19	1.00
429C 1.00	0.13	0.27	0.00	0.01	0.07	0.01	0.01	0.31	0.01	1.00	0.22	0.01	0.02	0.02	0.01	0.01	0.03	0.13	0.01	0.01
430G 1.00	0.00	0.00	0.00	0.00	0.00	1.00	0.00	0.00	0.00	0.00	0.00	0.00	0.00	0.00	0.00	0.00	0.00	0.00	0.00	0.00
431P 1.00	1.00	0.03	0.02	0.02	0.01	0.14	0.00	0.02	0.03	0.14	0.01	0.02	0.91	0.02	0.02	0.19	0.05	0.05	0.00	0.01
432Y 1.00	0.00	0.00	0.00	0.00	0.00	0.00	0.00	0.00	0.00	0.00	0.00	0.00	0.00	0.00	0.00	0.00	0.00	0.00	0.00	1.00
433V 1.00	0.57	0.07	0.06	0.07	0.05	0.24	0.02	0.20	0.08	0.16	0.05	0.08	0.15	0.06	0.06	0.77	0.35	1.00	0.01	0.03
434F 1.00	0.00	0.00	0.00	0.00	1.00	0.00	0.00	0.00	0.00	0.00	0.00	0.00	0.00	0.00	0.00	0.00	0.00	0.00	0.00	0.00
435I 1.00	0.01	0.00	0.00	0.00	0.26	0.00	0.00	1.00	0.00	0.39	0.02	0.00	0.00	0.00	0.00	0.00	0.01	0.32	0.00	0.00
436I 1.00	0.01	0.00	0.00	0.00	0.01	0.00	0.00	1.00	0.00	0.47	0.01	0.00	0.00	0.00	0.00	0.00	0.01	0.39	0.00	0.00
437F 1.00	0.00	0.00	0.00	0.00	1.00	0.00	0.00	0.01	0.00	0.06	0.00	0.00	0.00	0.00	0.00	0.00	0.00	0.00	0.01	0.02
438T 1.00	1.00	0.02	0.01	0.02	0.01	0.17	0.00	0.01	0.02	0.11	0.01	0.01	0.04	0.01	0.01	0.09	0.29	0.03	0.00	0.01
439V 1.00	0.90	0.10	0.08	0.10	0.11	0.52	0.03	0.87	0.11	0.40	0.10	0.08	0.22	0.07	0.09	0.49	0.27	1.00	0.02	0.08
440L 1.00	0.17	0.01	0.01	0.01	0.55	0.02	0.01	1.00	0.02	0.86	0.09	0.01	0.02	0.02	0.02	0.02	0.04	0.70	0.09	0.04
441L 1.00	0.32	0.44	0.02	0.05	0.10	0.06	0.02	0.35	0.05	1.00	0.13	0.03	0.08	0.04	0.03	0.14	0.19	0.60	0.01	0.03
442V 1.00	0.01	0.00	0.00	0.00	0.12	0.00	0.00	0.34	0.00	1.00	0.03	0.00	0.00	0.00	0.00	0.00	0.01	0.31	0.06	0.01
443L 1.00	0.58	0.18	0.23	0.32	0.73	0.41	0.54	0.46	0.33	0.90	0.23	0.33	0.24	0.32	0.37	0.48	0.46	0.61	0.19	1.00
444F 1.00	0.09	0.02	0.01	0.02	1.00	0.02	0.01	0.23	0.02	0.65	0.13	0.02	0.03	0.03	0.02	0.06	0.50	0.17	0.08	0.29
445F 1.00	0.28	0.08	0.08	0.11	0.61	0.12	0.17	0.42	0.12	1.00	0.24	0.12	0.10	0.12	0.13	0.19	0.23	0.39	0.13	0.55
446I 1.00	0.25	0.08	0.00	0.01	0.01	0.00	0.00	1.00	0.01	0.33	0.02	0.00	0.01	0.01	0.01	0.01	0.04	0.52	0.00	0.01
447F 1.00	0.01	0.00	0.00	0.00	1.00	0.00	0.00	0.01	0.00	0.03	0.01	0.00	0.00	0.00	0.00	0.07	0.00	0.01	0.02	0.72
448T 1.00	0.31	0.05	0.05	0.06	0.04	0.04	0.06	0.52	0.07	0.17	0.06	0.08	0.08	0.05	0.05	0.28	1.00	0.44	0.01	0.03
449Y 1.00	0.00	0.00	0.00	0.00	1.00	0.00	0.00	0.01	0.00	0.02	0.00	0.00	0.00	0.00	0.00	0.03	0.00	0.01	0.01	0.40
450F 1.00	0.03	0.01	0.00	0.01	0.64	0.01	0.01	0.15	0.01	1.00	0.19	0.01	0.01	0.02	0.01	0.01	0.02	0.25	0.01	0.01
451K 1.00	0.29	0.05	0.04	0.21	0.08	0.10	0.12	0.79	1.00	0.44	0.11	0.14	0.13	0.32	0.77	0.14	0.27	0.94	0.03	0.08
452V 1.00	0.00	0.00	0.00	0.00	0.05	0.00	0.00	0.28	0.00	0.02	0.00	0.00	0.00	0.00	0.00	0.00	0.00	1.00	0.00	0.00
453P 1.00	0.01	0.00	0.01	0.01	0.00	0.01	0.00	0.00	0.01	0.00	0.00	0.01	1.00	0.05	0.01	0.01	0.01	0.00	0.00	0.00
454E 1.00	0.01	0.00	0.02	1.00	0.00	0.00	0.00	0.00	0.05	0.00	0.00	0.00	0.00	0.01	0.00	0.00	0.00	0.00	0.00	0.00
455T 1.00	0.01	0.00	0.00	0.00	0.00	0.01	0.00	0.00	0.00	0.00	0.00	0.01	0.05	0.00	0.00	0.03	1.00	0.01	0.00	0.00
456K 1.00	0.01	0.00	0.00	0.01	0.00	0.00	0.00	0.00	1.00	0.01	0.00	0.01	0.00	0.01	0.38	0.00	0.01	0.00	0.00	0.00
457G 0.97	0.09	0.00	0.00	0.00	0.00	1.00	0.00	0.00	0.00	0.00	0.00	0.00	0.01	0.00	0.00	0.08	0.01	0.01	0.00	0.00
458R 0.97	0.01	0.00	0.00	0.01	0.00	0.01	0.01	0.00	0.86	0.01	0.00	0.01	0.01	0.02	1.00	0.01	0.01	0.01	0.00	0.00
459T 0.97	0.01	0.00	0.00	0.00	0.00	0.00	0.00	0.00	0.00	0.00	0.00	0.01	0.01	0.00	0.00	0.31	1.00	0.00	0.00	0.00
460F 0.97	0.00	0.00	0.00	0.00	1.00	0.00	0.00	0.00	0.00	0.00	0.00	0.00	0.00	0.00	0.00	0.00	0.00	0.00	0.00	0.00
461D 0.97	0.31	0.03	0.50	1.00	0.05	0.08	0.05	0.49	0.21	0.25	0.06	0.09	0.13	0.25	0.07	0.12	0.18	0.62	0.01	0.04
462E 0.97	0.01	0.00	0.27	1.00	0.00	0.00	0.00	0.00	0.01	0.00	0.00	0.01	0.01	0.17	0.00	0.01	0.01	0.00	0.00	0.00
463I 0.97	0.00	0.00	0.00	0.00	0.00	0.00	0.00	1.00	0.00	0.00	0.00	0.00	0.00	0.00	0.00	0.00	0.00	0.00	0.00	0.00
464A 0.97	0.28	0.05	0.10	0.07	0.03	0.07	0.03	0.09	0.10	0.07	0.04	0.23	0.11	0.08	0.06	0.75	1.00	0.12	0.02	0.03
465S 0.97	0.87	0.23	0.23	0.33	0.67	0.35	0.58	0.39	0.45	0.65	0.22	0.34	0.22	0.53	0.97	0.48	0.42	0.50	0.18	1.00
466G 0.97	0.90	0.07	0.60	1.00	0.12	0.43	0.17	0.30	0.91	0.35	0.12	0.49	0.29	0.58	0.57	0.75	0.59	0.34	0.04	0.14
467F 0.97	0.00	0.00	0.00	0.00	1.00	0.00	0.00	0.00	0.00	0.00	0.00	0.00	0.00	0.00	0.00	0.00	0.00	0.00	0.00	0.00
468R 0.78	0.45	0.02	0.19	0.57	0.03	0.16	0.11	0.16	1.00	0.17	0.06	0.21	0.14	0.36	0.95	0.26	0.24	0.13	0.02	0.05
469Q 0.78	0.32	0.02	0.26	0.70	0.02	0.21	0.05	0.08	1.00	0.13	0.24	0.28	0.12	0.39	0.60	0.31	0.37	0.12	0.01	0.02
470G 0.66	0.74	0.05	0.61	0.98	0.05	0.47	0.12	0.18	1.00	0.30	0.15	0.54	0.31	0.61	0.52	0.74	0.60	0.28	0.02	0.04
471G 0.75	0.74	0.05	0.62	0.98	0.06	0.57	0.13	0.19	1.00	0.30	0.11	0.59	0.32	0.66	0.52	0.85	0.57	0.34	0.02	0.05
472A 0.72	1.00	0.05	0.54	0.94	0.05	0.47	0.11	0.16	0.93	0.38	0.09	0.43	0.24	0.65	0.45	0.88	0.50	0.42	0.02	0.04
473S 0.81	0.77	0.05	0.62	1.00	0.05	0.37	0.14	0.18	0.92	0.32	0.10	0.49	0.27	0.58	0.54	0.79	0.58	0.30	0.02	0.04
474Q 0.78	0.68	0.05	0.56	1.00	0.05	0.38	0.16	0.16	0.80	0.26	0.09	0.48	0.24	0.60	0.47	0.66	0.49	0.29	0.02	0.04
475S 0.78	0.79	0.07	0.62	1.00	0.12	0.40	0.17	0.22	0.92	0.35	0.12	0.50	0.29	0.60	0.56	0.78	0.59	0.35	0.03	0.14
476D 0.78	0.93	0.16	0.73	1.00	0.52	0.58	0.48	0.41	0.92	0.67	0.23	0.68	0.39	0.66	0.64	0.88	0.72	0.58	0.14	0.72
477K 0.78	0.28	0.03	0.17	0.34	0.03	0.15	0.10	0.09	1.00	0.16	0.05	0.20	0.24	0.32	0.64	0.31	0.29	0.20	0.02	0.05
478T 0.72	0.76	0.05	0.63	1.00	0.05	0.38	0.12	0.19	0.93	0.31	0.11	0.49	0.28	0.58	0.52	0.74	0.57	0.28	0.02	0.05
479P 0.72	0.63	0.03	0.34	0.63	0.03	0.46	0.07	0.10	0.76	0.17	0.06	0.27	1.00	0.32	0.47	0.55	0.31	0.16	0.01	0.02
480E 0.66	0.37	0.03	0.43	1.00	0.03	0.19	0.06	0.09	0.56	0.15	0.05	0.24	0.19	0.29	0.26	0.45	0.43	0.20	0.01	0.02
481E 0.66	0.22	0.02	0.32	1.00	0.02	0.11	0.04	0.11	0.35	0.09	0.03	0.14	0.08	0.18	0.14	0.20	0.25	0.15	0.01	0.01
482L 0.41	0.15	0.02	0.11	0.27	0.17	0.06	0.05	0.30	0.15	1.00	0.21	0.06	0.06	0.14	0.11	0.08	0.10	0.20	0.03	0.06
483F 0.28	0.58	0.14	0.31	0.48	0.56	0.33	0.41	0.48	0.53	1.00	0.28	0.35	0.23	0.39	0.44	0.47	0.44	0.52	0.14	0.69
484H 0.31	0.61	0.10	0.79	1.00	0.30	0.50	0.41	0.24	0.69	0.39	0.14	0.71	0.27	0.48	0.42	0.63	0.47	0.33	0.08	0.49
485P 0.25	0.49	0.16	0.20	0.25	0.75	0.31	0.48	0.37	0.27	0.61	0.20	0.29	0.19	0.27	0.32	0.39	0.38	0.46	0.19	1.00
486L 0.31	0.01	0.00	0.00	0.00	0.02	0.00	0.00	0.04	0.00	1.00	0.14	0.00	0.00	0.00	0.00	0.00	0.01	0.02	0.00	0.00
487G 0.28	0.09	0.01	0.03	0.01	0.00	1.00	0.01	0.00	0.02	0.01	0.00	0.03	0.02	0.01	0.01	0.19	0.02	0.01	0.00	0.01
488A 0.28	1.00	0.08	0.09	0.10	0.03	0.43	0.02	0.05	0.10	0.09	0.04	0.08	0.36	0.07	0.07	0.50	0.21	0.15	0.01	0.03
489D 0.25	0.11	0.02	1.00	0.11	0.01	0.10	0.03	0.03	0.09	0.03	0.01	0.16	0.06	0.06	0.05	0.45	0.46	0.04	0.01	0.02
490S 0.25	0.12	0.01	0.19	1.00	0.01	0.07	0.03	0.02	0.10	0.03	0.01	0.08	0.06	0.10	0.05	0.33	0.08	0.03	0.00	0.01
491Q 0.25	0.49	0.07	0.59	0.59	0.15	0.42	0.35	0.16	0.67	0.27	0.09	1.00	0.22	0.70	0.44	0.64	0.89	0.23	0.05	0.21
492V 0.12	0.00	0.00	0.00	0.00	0.00	0.00	0.00	0.00	0.00	0.00	0.00	0.00	0.00	0.00	0.00	0.00	0.00	1.00	0.00	0.00
