Each row corresponds to a position in the reference protein.  Below each position is the fraction of sequences that contain one of the basic amino acids.  A low fraction indicates the position is either severely gapped or unalignable and has little information.  Expect poor prediction at these positions.
Each column corresponds to one of the twenty amino acids. 
Each entry contains the score at a particular position (row) for an amino acid substitution (column).  Substitutions predicted to be intolerant are highlighted in red.




pos	A	C	D	E	F	G	H	I	K	L	M	N	P	Q	R	S	T	V	W	Y
1M 0.21	0.00	0.00	0.00	0.00	0.00	0.00	0.00	0.00	0.00	0.00	1.00	0.00	0.00	0.00	0.00	0.00	0.00	0.00	0.00	0.00
2R 0.21	0.23	0.01	0.46	1.00	0.02	0.13	0.06	0.05	0.29	0.08	0.03	0.17	0.11	0.24	0.53	0.20	0.15	0.08	0.01	0.03
3A 0.21	1.00	0.04	0.04	0.06	0.02	0.18	0.01	0.03	0.05	0.05	0.02	0.03	0.78	0.04	0.03	0.18	0.08	0.09	0.01	0.01
4L 0.21	0.46	0.08	0.19	0.21	0.11	0.19	0.09	0.21	0.25	0.32	0.10	0.25	0.18	0.17	0.17	0.82	1.00	0.30	0.03	0.12
5R 0.21	0.67	0.08	0.35	0.44	0.08	0.44	0.18	0.14	1.00	0.25	0.09	0.45	0.28	0.43	0.89	0.85	0.68	0.23	0.04	0.13
6R 0.21	0.04	0.00	0.01	0.05	0.01	0.03	0.03	0.02	1.00	0.04	0.01	0.04	0.03	0.08	0.91	0.03	0.04	0.02	0.01	0.02
7L 0.21	0.35	0.05	0.13	0.33	0.20	0.18	0.16	0.41	1.00	1.00	0.24	0.21	0.18	0.40	0.82	0.24	0.28	0.37	0.05	0.12
8I 0.21	0.02	0.01	0.00	0.01	0.03	0.01	0.00	1.00	0.01	0.44	0.03	0.01	0.01	0.00	0.01	0.01	0.03	0.76	0.00	0.01
9Q 0.38	0.19	0.01	0.36	1.00	0.02	0.08	0.04	0.04	0.23	0.06	0.02	0.11	0.10	0.42	0.11	0.15	0.37	0.06	0.01	0.02
10G 0.38	0.00	0.00	0.00	0.00	0.00	1.00	0.00	0.00	0.00	0.00	0.00	0.00	0.00	0.00	0.00	0.00	0.00	0.00	0.00	0.00
11R 0.38	0.00	0.00	0.00	0.00	0.00	0.00	0.00	0.00	0.00	0.00	0.00	0.00	0.00	0.00	1.00	0.00	0.00	0.00	0.00	0.00
12I 0.45	0.03	0.01	0.01	0.01	0.04	0.01	0.00	0.81	0.01	0.85	0.04	0.01	0.01	0.01	0.01	0.01	0.03	1.00	0.01	0.02
13L 0.79	0.00	0.00	0.00	0.00	0.01	0.00	0.00	0.10	0.00	1.00	0.18	0.00	0.00	0.00	0.00	0.00	0.00	0.01	0.00	0.00
14L 0.79	0.31	0.02	0.01	0.02	0.04	0.01	0.00	0.62	0.02	1.00	0.05	0.01	0.02	0.01	0.01	0.02	0.06	0.65	0.01	0.01
15L 0.62	0.02	0.01	0.00	0.01	0.49	0.01	0.01	0.09	0.01	1.00	0.05	0.01	0.01	0.01	0.01	0.01	0.02	0.27	0.03	0.19
16T 0.62	1.00	0.02	0.02	0.03	0.01	0.07	0.01	0.02	0.05	0.03	0.01	0.03	0.04	0.03	0.14	0.11	0.38	0.05	0.00	0.01
17I 0.79	0.58	0.08	0.05	0.07	0.04	0.03	0.02	0.75	0.08	0.24	0.08	0.07	0.10	0.06	0.05	0.44	1.00	0.85	0.01	0.02
18C 0.79	0.41	0.25	0.08	0.12	0.28	0.10	0.16	0.44	0.13	1.00	0.14	0.12	0.12	0.12	0.12	0.34	0.53	0.90	0.06	0.28
19A 0.79	0.68	0.07	0.09	0.13	0.16	0.37	0.08	0.97	0.14	0.44	0.10	0.10	0.13	0.10	0.11	0.40	0.19	1.00	0.03	0.16
20A 0.90	1.00	0.01	0.00	0.01	0.00	0.33	0.00	0.00	0.01	0.01	0.00	0.00	0.01	0.00	0.00	0.03	0.01	0.01	0.00	0.00
21G 0.90	1.00	0.01	0.01	0.01	0.00	0.20	0.00	0.00	0.01	0.01	0.00	0.01	0.02	0.01	0.01	0.04	0.26	0.01	0.00	0.00
22I 0.90	0.04	0.01	0.01	0.01	0.79	0.01	0.00	1.00	0.01	0.26	0.05	0.01	0.01	0.01	0.01	0.01	0.04	0.69	0.01	0.04
23G 0.90	0.19	0.02	0.04	0.03	0.03	1.00	0.01	0.04	0.04	0.24	0.03	0.03	0.07	0.02	0.03	0.10	0.04	0.05	0.01	0.02
24G 0.72	0.55	0.06	0.14	0.08	0.02	0.74	0.03	0.03	0.08	0.06	0.03	0.15	0.15	0.06	0.05	1.00	0.14	0.09	0.01	0.03
25T 0.97	0.13	0.01	0.01	0.01	0.00	0.01	0.00	0.01	0.01	0.01	0.00	0.01	0.01	0.01	0.01	1.00	0.22	0.08	0.00	0.00
pos	A	C	D	E	F	G	H	I	K	L	M	N	P	Q	R	S	T	V	W	Y
26F 0.97	0.00	0.00	0.00	0.00	1.00	0.00	0.00	0.02	0.00	0.27	0.01	0.00	0.00	0.00	0.00	0.00	0.00	0.01	0.01	0.03
27Q 0.97	0.03	0.00	0.01	0.02	0.03	0.01	0.01	0.05	0.03	0.27	0.03	0.01	0.01	1.00	0.03	0.01	0.01	0.04	0.00	0.01
28F 0.97	0.00	0.00	0.00	0.00	1.00	0.00	0.00	0.01	0.00	0.02	0.00	0.00	0.00	0.00	0.00	0.00	0.00	0.01	0.02	0.99
29G 0.97	0.09	0.00	0.00	0.00	0.00	1.00	0.00	0.00	0.00	0.00	0.00	0.00	0.01	0.00	0.00	0.01	0.01	0.00	0.00	0.00
30Y 0.97	0.00	0.00	0.00	0.00	0.00	0.00	0.00	0.00	0.00	0.00	0.00	0.00	0.00	0.00	0.00	0.00	0.00	0.00	0.00	1.00
31N 0.97	0.00	0.00	0.00	0.00	0.00	0.00	0.00	0.00	0.00	0.00	0.00	1.00	0.00	0.00	0.00	0.00	0.00	0.00	0.00	0.00
32L 0.97	0.25	0.05	0.02	0.04	0.08	0.01	0.01	0.76	0.05	0.52	0.11	0.02	0.05	0.03	0.03	0.05	0.23	1.00	0.01	0.03
33S 0.97	0.78	0.02	0.01	0.02	0.01	1.00	0.00	0.01	0.02	0.02	0.01	0.01	0.04	0.01	0.01	0.93	0.03	0.03	0.00	0.00
34I 0.97	0.28	0.01	0.00	0.01	0.01	0.00	0.00	0.21	0.01	0.04	0.01	0.00	0.01	0.01	0.00	0.01	0.07	1.00	0.00	0.00
35I 0.97	0.01	0.09	0.00	0.00	0.01	0.00	0.00	1.00	0.00	0.04	0.01	0.00	0.00	0.00	0.00	0.00	0.01	0.61	0.00	0.00
36N 0.97	0.00	0.00	0.00	0.00	0.00	0.00	0.00	0.00	0.00	0.00	0.00	1.00	0.00	0.00	0.00	0.00	0.00	0.00	0.00	0.00
37A 0.97	1.00	0.01	0.01	0.01	0.00	0.03	0.00	0.01	0.01	0.01	0.00	0.02	0.02	0.01	0.05	0.52	0.30	0.02	0.00	0.00
38P 0.97	0.00	0.00	0.00	0.00	0.00	0.00	0.00	0.00	0.00	0.00	0.00	0.00	1.00	0.00	0.00	0.00	0.00	0.00	0.00	0.00
39T 0.97	0.61	0.04	0.50	1.00	0.05	0.27	0.20	0.14	0.65	0.22	0.08	0.36	0.21	0.55	0.36	0.71	0.66	0.21	0.02	0.05
40L 0.97	0.66	0.05	0.55	1.00	0.05	0.32	0.11	0.17	0.96	0.32	0.09	0.41	0.28	0.52	0.49	0.60	0.52	0.26	0.02	0.05
41H 0.97	0.46	0.16	0.18	0.24	0.79	0.29	0.61	0.68	0.26	0.92	0.23	0.27	0.18	0.26	0.31	0.35	0.35	0.80	0.16	1.00
42I 0.97	0.01	0.00	0.00	0.00	0.23	0.00	0.00	1.00	0.00	0.20	0.45	0.00	0.01	0.01	0.00	0.00	0.01	0.06	0.01	0.01
43Q 0.97	0.03	0.00	0.05	0.36	0.00	0.02	0.02	0.01	1.00	0.02	0.01	0.02	0.02	0.51	0.08	0.03	0.13	0.01	0.00	0.01
44E 1.00	0.33	0.00	0.52	1.00	0.01	0.06	0.03	0.02	0.14	0.04	0.01	0.07	0.07	0.29	0.05	0.23	0.07	0.04	0.00	0.01
45F 1.00	0.00	0.00	0.00	0.00	1.00	0.00	0.00	0.00	0.00	0.00	0.00	0.00	0.00	0.00	0.00	0.00	0.00	0.00	0.00	0.00
46T 1.00	0.05	0.01	0.01	0.02	0.12	0.02	0.02	0.22	0.02	0.40	0.05	0.02	0.02	0.02	0.02	0.03	0.19	0.12	0.02	1.00
47N 1.00	0.00	0.00	0.00	0.00	0.00	0.00	0.00	0.00	0.00	0.00	0.00	1.00	0.00	0.00	0.00	0.00	0.00	0.00	0.00	0.00
48E 1.00	0.19	0.01	0.49	1.00	0.04	0.10	0.09	0.05	0.35	0.08	0.03	0.12	0.09	0.37	0.19	0.15	0.13	0.07	0.01	0.27
49T 1.00	0.01	0.00	0.00	0.00	0.00	0.00	0.00	0.00	0.00	0.00	0.00	0.01	0.00	0.00	0.00	0.14	1.00	0.00	0.00	0.00
50W 1.00	0.09	0.03	0.03	0.05	0.12	0.06	0.29	0.08	0.05	0.72	0.04	0.05	0.04	0.05	0.06	0.07	0.07	0.09	1.00	0.94
pos	A	C	D	E	F	G	H	I	K	L	M	N	P	Q	R	S	T	V	W	Y
51Q 1.00	0.50	0.17	0.21	0.30	0.69	0.32	0.53	0.39	0.29	0.64	0.21	0.31	0.20	0.30	0.34	0.40	0.39	0.49	0.18	1.00
52A 1.00	0.69	0.05	0.71	1.00	0.07	0.35	0.21	0.16	0.72	0.26	0.09	0.40	0.22	0.51	0.50	0.60	0.45	0.24	0.02	0.10
53R 1.00	0.00	0.00	0.00	0.01	0.00	0.00	0.00	0.00	0.14	0.00	0.00	0.00	0.00	0.01	1.00	0.00	0.00	0.00	0.00	0.00
54T 1.00	0.50	0.17	0.20	0.27	0.70	0.33	0.55	0.39	0.29	0.64	0.22	0.31	0.20	0.29	0.34	0.40	0.40	0.50	0.18	1.00
55G 0.93	0.18	0.01	0.09	0.26	0.01	1.00	0.02	0.01	0.12	0.02	0.01	0.20	0.03	0.04	0.04	0.12	0.04	0.02	0.00	0.01
56E 1.00	0.21	0.01	0.14	1.00	0.01	0.06	0.02	0.02	0.15	0.04	0.02	0.06	0.09	0.10	0.21	0.10	0.26	0.04	0.00	0.01
57P 1.00	0.51	0.18	0.22	0.28	0.71	0.33	0.54	0.39	0.30	0.65	0.22	0.32	0.24	0.30	0.35	0.41	0.40	0.50	0.18	1.00
58L 1.00	0.06	0.01	0.01	0.01	0.13	0.01	0.01	0.90	0.02	1.00	0.49	0.01	0.20	0.03	0.02	0.01	0.03	0.16	0.02	0.02
59P 1.00	0.45	0.03	0.92	1.00	0.04	0.31	0.11	0.10	0.53	0.21	0.06	0.50	0.45	0.39	0.28	0.71	0.34	0.15	0.01	0.05
60D 1.00	0.41	0.03	0.69	1.00	0.03	0.33	0.10	0.08	0.45	0.13	0.05	0.41	0.27	0.35	0.22	0.48	0.31	0.13	0.01	0.04
61H 1.00	0.83	0.09	0.63	1.00	0.23	0.44	0.25	0.27	0.93	0.44	0.15	0.53	0.30	0.62	0.57	0.78	0.63	0.39	0.06	0.29
62L 1.00	0.43	0.12	0.15	0.17	0.33	0.20	0.25	0.28	0.20	0.60	0.14	0.24	0.23	0.18	0.20	0.65	1.00	0.43	0.09	0.48
63V 1.00	0.01	0.00	0.00	0.00	0.01	0.00	0.00	0.02	0.00	1.00	0.10	0.00	0.00	0.00	0.00	0.00	0.00	0.14	0.00	0.00
64L 1.00	0.21	0.04	0.05	0.05	0.15	0.06	0.02	0.31	0.07	0.96	0.17	0.07	0.08	0.06	0.05	0.26	1.00	0.30	0.03	0.04
65L 1.00	0.18	0.04	0.09	0.05	0.02	0.06	0.03	0.06	0.08	0.58	0.03	0.17	0.09	0.06	0.05	0.71	1.00	0.09	0.01	0.02
66M 1.00	0.00	0.00	0.00	0.00	0.01	0.00	0.00	0.02	0.00	1.00	0.13	0.00	0.00	0.00	0.00	0.00	0.00	0.01	0.00	0.00
67W 1.00	0.00	0.00	0.00	0.00	0.00	0.00	0.00	0.00	0.00	0.00	0.00	0.00	0.00	0.00	0.00	0.00	0.00	0.00	1.00	0.00
68S 1.00	0.00	0.00	0.00	0.00	0.00	0.00	0.00	0.00	0.00	0.00	0.00	0.00	0.00	0.00	0.00	1.00	0.00	0.00	0.00	0.00
69L 1.00	0.05	0.19	0.00	0.01	0.03	0.00	0.00	0.22	0.01	1.00	0.04	0.01	0.01	0.01	0.01	0.01	0.04	0.59	0.00	0.01
70I 1.00	0.06	0.08	0.02	0.02	0.01	0.02	0.01	0.20	0.02	0.02	0.01	0.04	0.03	0.02	0.01	0.81	1.00	0.04	0.00	0.01
71V 1.00	0.00	0.00	0.00	0.00	0.00	0.00	0.00	0.00	0.00	0.00	0.00	0.00	0.00	0.00	0.00	0.00	0.00	1.00	0.00	0.00
72S 1.00	0.71	0.01	0.01	0.01	0.00	0.05	0.00	0.00	0.01	0.01	0.00	0.01	0.02	0.01	0.01	1.00	0.02	0.01	0.00	0.00
73L 1.00	0.02	0.00	0.00	0.00	0.05	0.00	0.00	1.00	0.01	0.48	0.75	0.00	0.01	0.01	0.01	0.01	0.01	0.07	0.01	0.01
74Y 1.00	0.00	0.00	0.00	0.00	1.00	0.00	0.00	0.00	0.00	0.01	0.00	0.00	0.00	0.00	0.00	0.00	0.00	0.00	0.01	0.16
75P 1.00	0.30	0.01	0.01	0.01	0.00	0.05	0.00	0.00	0.01	0.01	0.00	0.01	1.00	0.01	0.01	0.82	0.02	0.02	0.00	0.00
pos	A	C	D	E	F	G	H	I	K	L	M	N	P	Q	R	S	T	V	W	Y
76L 1.00	0.04	0.01	0.01	0.01	0.33	0.01	0.00	0.64	0.01	0.61	0.06	0.01	0.01	0.01	0.01	0.09	0.04	1.00	0.01	0.02
77G 1.00	0.00	0.00	0.00	0.00	0.00	1.00	0.00	0.00	0.00	0.00	0.00	0.00	0.00	0.00	0.00	0.00	0.00	0.00	0.00	0.00
78G 1.00	0.00	0.00	0.00	0.00	0.00	1.00	0.00	0.00	0.00	0.00	0.00	0.00	0.00	0.00	0.00	0.00	0.00	0.00	0.00	0.00
79L 1.00	0.02	0.01	0.00	0.01	0.58	0.00	0.00	0.11	0.01	1.00	0.85	0.01	0.01	0.01	0.01	0.01	0.01	0.06	0.01	0.01
80F 1.00	0.11	0.00	0.00	0.00	0.20	0.00	0.00	1.00	0.01	0.40	0.02	0.00	0.00	0.00	0.00	0.01	0.01	0.39	0.00	0.01
81G 1.00	0.02	0.00	0.01	0.00	0.00	1.00	0.00	0.00	0.00	0.00	0.00	0.01	0.01	0.00	0.00	0.05	0.00	0.00	0.00	0.00
82A 1.00	0.16	0.00	0.00	0.00	0.00	0.01	0.00	0.00	0.00	0.00	0.00	0.01	0.01	0.00	0.00	1.00	0.17	0.01	0.00	0.00
83L 1.00	0.02	0.00	0.00	0.00	0.59	0.00	0.00	0.07	0.00	1.00	0.05	0.00	0.01	0.01	0.00	0.01	0.01	0.04	0.01	0.04
84L 1.00	0.11	0.03	0.01	0.03	0.18	0.02	0.02	0.55	0.03	1.00	0.22	0.02	0.04	0.04	0.03	0.03	0.08	0.46	0.02	0.03
85A 1.00	0.15	0.00	0.00	0.00	0.00	0.01	0.00	0.02	0.00	0.02	0.00	0.00	0.01	0.00	0.00	0.01	0.01	1.00	0.00	0.00
86G 1.00	0.03	0.00	0.02	0.01	0.00	1.00	0.00	0.00	0.13	0.00	0.00	0.02	0.01	0.01	0.01	0.06	0.01	0.01	0.00	0.00
87P 1.00	0.07	0.02	0.01	0.02	0.18	0.02	0.02	0.32	0.03	1.00	0.22	0.02	0.05	0.04	0.03	0.02	0.04	0.18	0.02	0.03
88L 1.00	0.02	0.01	0.00	0.01	0.62	0.00	0.00	0.27	0.01	1.00	0.15	0.01	0.01	0.01	0.01	0.01	0.01	0.07	0.01	0.01
89A 1.00	0.55	0.04	0.03	0.04	0.07	0.35	0.01	0.07	0.04	0.07	0.02	0.03	0.10	0.03	0.03	0.20	0.07	1.00	0.01	0.02
90I 1.00	0.06	0.01	0.31	0.10	0.01	0.15	0.05	0.13	0.20	0.02	0.01	1.00	0.04	0.06	0.05	0.13	0.06	0.02	0.01	0.03
91T 1.00	0.29	0.03	0.20	0.35	0.03	0.15	0.08	0.08	0.85	0.14	0.05	0.33	0.13	0.28	1.00	0.45	0.50	0.26	0.02	0.04
92L 1.00	0.02	0.12	0.00	0.01	1.00	0.01	0.01	0.08	0.01	0.78	0.05	0.00	0.01	0.01	0.01	0.01	0.02	0.06	0.12	0.20
93G 1.00	0.00	0.00	0.00	0.00	0.00	1.00	0.00	0.00	0.00	0.00	0.00	0.00	0.00	0.00	0.00	0.00	0.00	0.00	0.00	0.00
94R 1.00	0.00	0.00	0.00	0.01	0.00	0.00	0.00	0.00	0.06	0.00	0.00	0.00	0.00	0.01	1.00	0.00	0.00	0.00	0.00	0.00
95K 1.00	0.01	0.00	0.00	0.02	0.00	0.06	0.01	0.00	1.00	0.01	0.00	0.01	0.01	0.03	0.62	0.01	0.01	0.01	0.00	0.01
96K 1.00	0.18	0.03	0.54	0.26	0.04	0.71	0.26	0.04	0.73	0.10	0.03	1.00	0.14	0.27	0.51	0.34	0.19	0.06	0.02	0.09
97S 1.00	0.36	0.01	0.01	0.01	0.00	0.01	0.00	0.01	0.01	0.01	0.00	0.02	0.01	0.01	0.01	1.00	0.67	0.01	0.00	0.00
98L 1.00	0.01	0.00	0.00	0.00	0.02	0.00	0.00	0.03	0.00	1.00	0.61	0.00	0.00	0.00	0.00	0.00	0.00	0.02	0.00	0.00
99L 1.00	0.00	0.00	0.00	0.00	0.00	0.00	0.00	0.00	0.00	1.00	0.00	0.00	0.00	0.00	0.00	0.00	0.00	0.00	0.00	0.00
100V 1.00	0.19	0.03	0.01	0.03	0.36	0.02	0.02	0.92	0.03	1.00	0.34	0.02	0.04	0.04	0.03	0.03	0.09	0.75	0.02	0.04
pos	A	C	D	E	F	G	H	I	K	L	M	N	P	Q	R	S	T	V	W	Y
101N 1.00	0.82	0.14	0.22	0.18	0.13	0.31	0.09	0.52	0.23	0.52	0.21	0.52	0.25	0.16	0.16	0.76	0.95	1.00	0.04	0.10
102N 1.00	0.00	0.00	0.00	0.00	0.00	0.00	0.00	0.00	0.00	0.00	0.00	1.00	0.00	0.00	0.00	0.00	0.00	0.00	0.00	0.00
103I 1.00	0.02	0.01	0.01	0.01	0.04	0.12	0.00	1.00	0.01	0.58	0.04	0.01	0.00	0.00	0.01	0.01	0.03	0.56	0.01	0.02
104F 1.00	0.01	0.00	0.00	0.00	1.00	0.00	0.00	0.14	0.00	0.78	0.05	0.00	0.01	0.01	0.00	0.00	0.01	0.04	0.01	0.01
105V 1.00	1.00	0.01	0.01	0.01	0.00	0.04	0.00	0.01	0.01	0.01	0.00	0.01	0.02	0.01	0.01	0.43	0.02	0.19	0.00	0.00
106V 1.00	0.05	0.00	0.00	0.00	0.30	0.00	0.00	1.00	0.00	0.06	0.01	0.00	0.00	0.00	0.00	0.00	0.01	0.41	0.00	0.01
107S 1.00	0.41	0.06	0.02	0.05	0.04	0.01	0.01	0.45	0.05	0.35	0.07	0.03	0.07	0.04	0.03	0.25	0.34	1.00	0.01	0.02
108A 1.00	1.00	0.06	0.05	0.06	0.02	0.64	0.01	0.03	0.06	0.06	0.03	0.04	0.58	0.04	0.04	0.53	0.11	0.10	0.01	0.02
109A 1.00	1.00	0.01	0.00	0.00	0.00	0.31	0.00	0.00	0.01	0.00	0.00	0.00	0.01	0.00	0.00	0.03	0.01	0.01	0.00	0.00
110I 1.00	0.15	0.38	0.01	0.02	0.02	0.00	0.00	1.00	0.02	0.44	0.03	0.01	0.02	0.01	0.01	0.02	0.07	0.76	0.00	0.01
111L 1.00	0.00	0.00	0.00	0.00	0.10	0.00	0.00	0.02	0.00	1.00	0.01	0.00	0.00	0.00	0.00	0.00	0.00	0.01	0.00	0.01
112F 1.00	0.00	0.00	0.00	0.00	0.16	0.00	0.00	0.02	0.00	0.05	1.00	0.00	0.00	0.00	0.00	0.00	0.00	0.01	0.01	0.02
113G 1.00	0.19	0.00	0.00	0.00	0.00	1.00	0.00	0.00	0.00	0.00	0.00	0.00	0.01	0.00	0.00	0.02	0.01	0.01	0.00	0.00
114F 1.00	0.40	0.25	0.04	0.08	0.47	0.04	0.06	0.61	0.08	0.87	0.20	0.06	0.10	0.08	0.07	0.10	0.31	1.00	0.04	0.12
115S 1.00	0.22	0.19	0.01	0.02	0.01	0.09	0.00	0.01	0.02	0.02	0.01	0.02	0.04	0.01	0.01	1.00	0.05	0.03	0.00	0.01
116R 1.00	0.06	0.00	0.08	0.13	0.01	0.03	0.02	0.02	1.00	0.17	0.01	0.04	0.03	0.12	0.35	0.05	0.05	0.03	0.00	0.01
117K 1.00	0.22	0.05	0.02	0.05	0.07	0.02	0.02	0.77	0.19	0.59	0.12	0.03	0.05	0.16	0.04	0.05	0.20	1.00	0.01	0.04
118A 1.00	1.00	0.00	0.00	0.00	0.00	0.15	0.00	0.00	0.00	0.00	0.00	0.00	0.01	0.00	0.00	0.02	0.01	0.01	0.00	0.00
119G 1.00	0.31	0.02	0.23	0.53	0.03	0.37	0.08	0.08	1.00	0.17	0.05	0.21	0.13	0.36	0.56	0.29	0.27	0.12	0.01	0.03
120S 1.00	0.40	0.01	0.01	0.01	0.00	0.03	0.00	0.00	0.01	0.01	0.00	0.00	0.01	0.00	0.00	1.00	0.01	0.01	0.00	0.00
121F 1.00	0.01	0.00	0.00	0.00	1.00	0.00	0.00	0.02	0.00	0.04	0.01	0.00	0.00	0.00	0.00	0.01	0.00	0.28	0.03	0.17
122E 1.00	0.00	0.00	0.00	1.00	0.00	0.00	0.00	0.00	0.00	0.00	0.00	0.00	0.00	0.00	0.00	0.00	0.00	0.00	0.00	0.00
123M 1.00	0.01	0.00	0.00	0.00	0.01	0.00	0.00	0.07	0.00	0.45	1.00	0.00	0.00	0.00	0.00	0.00	0.00	0.02	0.00	0.00
124I 1.00	0.01	0.00	0.00	0.00	0.03	0.00	0.00	0.91	0.00	1.00	0.04	0.00	0.00	0.01	0.00	0.00	0.01	0.05	0.00	0.00
125M 1.00	0.00	0.00	0.00	0.00	0.00	0.00	0.00	1.00	0.00	0.03	0.14	0.00	0.00	0.00	0.00	0.00	0.00	0.14	0.00	0.00
pos	A	C	D	E	F	G	H	I	K	L	M	N	P	Q	R	S	T	V	W	Y
126L 1.00	0.07	0.00	0.00	0.00	0.14	0.00	0.00	0.41	0.01	1.00	0.03	0.00	0.01	0.01	0.00	0.01	0.01	0.38	0.00	0.01
127G 1.00	0.17	0.01	0.01	0.01	0.00	1.00	0.00	0.00	0.01	0.01	0.00	0.01	0.02	0.01	0.01	0.56	0.02	0.01	0.00	0.00
128R 1.00	0.00	0.00	0.00	0.00	0.00	0.00	0.00	0.00	0.00	0.00	0.00	0.00	0.00	0.00	1.00	0.00	0.00	0.00	0.00	0.00
129L 1.00	0.02	0.01	0.00	0.01	0.48	0.00	0.00	0.11	0.01	1.00	0.06	0.00	0.01	0.01	0.01	0.01	0.01	0.32	0.01	0.02
130L 1.00	0.01	0.00	0.00	0.00	0.02	0.00	0.00	1.00	0.00	0.88	0.02	0.00	0.00	0.00	0.00	0.00	0.01	0.38	0.00	0.01
131V 1.00	0.01	0.00	0.00	0.00	0.01	0.00	0.00	0.95	0.00	0.22	0.22	0.00	0.00	0.00	0.00	0.00	0.01	1.00	0.00	0.01
132G 1.00	0.00	0.00	0.00	0.00	0.00	1.00	0.00	0.00	0.00	0.00	0.00	0.00	0.00	0.00	0.00	0.00	0.00	0.00	0.00	0.00
133V 1.00	0.01	0.00	0.00	0.00	0.01	0.00	0.00	1.00	0.00	0.46	0.01	0.00	0.00	0.00	0.00	0.00	0.01	0.75	0.00	0.00
134N 1.00	0.55	0.22	0.55	0.36	0.70	0.56	0.58	0.38	0.37	0.63	0.21	0.70	0.25	0.34	0.38	0.57	0.45	0.49	0.18	1.00
135A 1.00	1.00	0.54	0.02	0.03	0.01	0.31	0.01	0.01	0.03	0.03	0.01	0.02	0.07	0.02	0.02	0.19	0.05	0.05	0.00	0.01
136G 1.00	0.00	0.00	0.00	0.00	0.00	1.00	0.00	0.00	0.00	0.00	0.00	0.00	0.00	0.00	0.00	0.00	0.00	0.00	0.00	0.00
137V 1.00	0.01	0.00	0.00	0.00	0.02	0.00	0.00	0.65	0.01	1.00	0.02	0.00	0.00	0.00	0.00	0.00	0.01	0.70	0.00	0.01
138S 1.00	0.48	0.31	0.06	0.05	0.02	0.13	0.02	0.04	0.06	0.05	0.03	0.10	0.10	0.05	0.04	1.00	0.74	0.09	0.01	0.02
139M 1.00	0.29	0.08	0.11	0.11	0.23	0.13	0.16	0.19	0.14	0.38	0.17	0.19	0.13	0.13	0.13	0.75	1.00	0.23	0.06	0.37
140N 1.00	0.06	0.01	0.17	0.05	0.01	0.97	0.04	0.00	0.05	0.01	0.00	1.00	0.03	0.03	0.03	0.59	0.04	0.01	0.00	0.02
141I 1.00	0.32	0.06	0.02	0.04	0.28	0.01	0.01	0.54	0.05	0.27	0.07	0.02	0.06	0.03	0.03	0.05	0.23	1.00	0.01	0.02
142Q 1.00	0.04	0.01	0.00	0.01	0.03	0.00	0.00	0.10	0.01	0.48	0.04	0.01	0.01	0.16	0.01	0.01	0.03	1.00	0.00	0.01
143P 1.00	0.00	0.00	0.00	0.00	0.00	0.00	0.00	0.00	0.00	0.00	0.00	0.00	1.00	0.00	0.00	0.00	0.00	0.00	0.00	0.00
144M 1.00	0.00	0.00	0.00	0.00	0.00	0.00	0.00	0.00	0.00	0.00	1.00	0.00	0.00	0.00	0.00	0.00	0.00	0.00	0.00	0.00
145Y 1.00	0.00	0.00	0.00	0.00	0.00	0.00	0.00	0.00	0.00	0.00	0.00	0.00	0.00	0.00	0.00	0.00	0.00	0.00	0.00	1.00
146L 1.00	0.01	0.00	0.00	0.00	0.01	0.00	0.00	0.46	0.00	1.00	0.02	0.00	0.00	0.00	0.00	0.00	0.01	0.36	0.00	0.00
147G 1.00	0.03	0.00	0.01	0.00	0.00	1.00	0.00	0.00	0.00	0.00	0.00	0.01	0.01	0.00	0.00	0.17	0.01	0.01	0.00	0.00
148E 1.00	0.00	0.00	0.00	1.00	0.00	0.00	0.00	0.00	0.00	0.00	0.00	0.00	0.00	0.00	0.00	0.00	0.00	0.00	0.00	0.00
149S 1.00	0.05	0.01	0.01	0.01	0.05	0.01	0.00	1.00	0.02	0.86	0.06	0.01	0.01	0.01	0.01	0.18	0.05	0.96	0.01	0.02
150A 1.00	0.94	0.01	0.01	0.01	0.00	0.06	0.00	0.01	0.01	0.01	0.01	0.01	0.03	0.01	0.01	1.00	0.03	0.02	0.00	0.00
pos	A	C	D	E	F	G	H	I	K	L	M	N	P	Q	R	S	T	V	W	Y
151P 1.00	0.00	0.00	0.00	0.00	0.00	0.00	0.00	0.00	0.00	0.00	0.00	0.00	1.00	0.00	0.00	0.00	0.00	0.00	0.00	0.00
152K 1.00	0.06	0.01	0.03	0.08	0.01	0.04	0.04	0.02	1.00	0.05	0.02	0.06	0.04	0.17	0.26	0.08	0.59	0.03	0.01	0.02
153E 1.00	0.80	0.07	0.91	1.00	0.05	0.63	0.16	0.07	0.40	0.12	0.05	0.90	0.27	0.34	0.20	0.66	0.38	0.14	0.02	0.09
154L 1.00	0.01	0.00	0.00	0.00	0.02	0.00	0.00	0.14	0.00	1.00	0.02	0.00	0.00	0.00	0.00	0.00	0.00	0.02	0.06	0.00
155R 1.00	0.00	0.00	0.00	0.00	0.00	0.00	0.00	0.00	0.00	0.00	0.00	0.00	0.00	0.00	1.00	0.00	0.00	0.00	0.00	0.00
156G 1.00	0.00	0.00	0.00	0.00	0.00	1.00	0.00	0.00	0.00	0.00	0.00	0.00	0.00	0.00	0.00	0.00	0.00	0.00	0.00	0.00
157A 1.00	1.00	0.01	0.01	0.01	0.00	0.04	0.00	0.00	0.01	0.01	0.09	0.00	0.02	0.00	0.01	0.16	0.02	0.01	0.00	0.00
158V 1.00	0.02	0.00	0.00	0.00	0.35	0.00	0.00	0.08	0.01	1.00	0.05	0.00	0.01	0.01	0.01	0.00	0.01	0.31	0.01	0.01
159A 1.00	0.16	0.00	0.00	0.00	0.00	1.00	0.00	0.00	0.00	0.00	0.00	0.00	0.01	0.00	0.00	0.02	0.01	0.01	0.00	0.00
160M 1.00	0.19	0.04	0.02	0.03	0.03	0.01	0.01	0.19	0.04	0.15	0.22	0.03	0.05	0.19	0.03	0.08	1.00	0.80	0.01	0.01
161S 1.00	0.13	0.03	0.03	0.09	0.19	0.04	0.06	0.33	0.05	1.00	0.23	0.04	0.04	0.05	0.05	0.15	0.09	0.59	0.03	0.10
162S 1.00	0.21	0.05	0.23	0.10	0.03	0.16	0.15	0.06	0.13	0.06	0.03	0.45	0.23	0.09	0.08	0.80	1.00	0.10	0.02	0.04
163A 1.00	0.40	0.00	0.20	0.57	0.01	0.04	0.02	0.01	0.09	0.02	0.01	0.04	0.05	1.00	0.03	0.05	0.04	0.02	0.00	0.01
164I 1.00	0.01	0.00	0.00	0.00	0.01	0.00	0.00	0.39	0.00	1.00	0.01	0.00	0.00	0.00	0.00	0.00	0.01	0.25	0.00	0.00
165F 1.00	1.00	0.18	0.34	0.21	0.77	0.94	0.11	0.18	0.21	0.42	0.11	0.30	0.39	0.15	0.19	0.58	0.27	0.28	0.18	0.57
166T 1.00	0.01	0.00	0.00	0.00	0.00	0.00	0.00	1.00	0.00	0.03	0.01	0.00	0.00	0.00	0.00	0.00	0.15	0.23	0.00	0.00
167A 1.00	0.36	0.19	0.01	0.03	0.02	0.00	0.01	0.38	0.03	0.14	0.04	0.01	0.04	0.02	0.02	0.03	0.51	1.00	0.00	0.01
168L 1.00	0.01	0.00	0.00	0.00	0.01	0.00	0.00	0.70	0.00	0.41	0.01	0.00	0.00	0.00	0.00	0.00	0.01	1.00	0.00	0.00
169G 1.00	0.00	0.00	0.00	0.00	0.00	1.00	0.00	0.00	0.00	0.00	0.00	0.00	0.00	0.00	0.00	0.00	0.00	0.00	0.00	0.00
170I 1.00	0.00	0.00	0.00	0.00	0.00	0.00	0.00	1.00	0.00	0.02	0.00	0.00	0.00	0.00	0.00	0.00	0.00	0.33	0.00	0.00
171V 1.00	0.01	0.00	0.00	0.00	0.25	0.00	0.00	0.05	0.00	1.00	0.03	0.00	0.00	0.00	0.00	0.00	0.01	0.17	0.00	0.01
172M 1.00	0.02	0.00	0.00	0.00	0.01	0.00	0.00	0.44	0.01	0.29	0.21	0.00	0.00	0.00	0.00	0.00	0.19	1.00	0.00	0.01
173G 1.00	1.00	0.00	0.00	0.00	0.00	0.29	0.00	0.00	0.00	0.00	0.00	0.00	0.01	0.00	0.00	0.02	0.01	0.01	0.00	0.00
174Q 1.00	0.00	0.00	0.00	0.00	0.00	0.00	0.00	0.00	0.00	0.00	0.00	0.00	0.00	1.00	0.00	0.00	0.00	0.00	0.00	0.00
175V 1.00	0.01	0.00	0.00	0.00	0.01	0.00	0.00	1.00	0.00	0.34	0.01	0.00	0.00	0.00	0.00	0.00	0.01	0.67	0.00	0.00
pos	A	C	D	E	F	G	H	I	K	L	M	N	P	Q	R	S	T	V	W	Y
176V 1.00	0.01	0.00	0.00	0.00	1.00	0.00	0.00	0.06	0.00	0.27	0.03	0.00	0.00	0.00	0.00	0.00	0.01	0.22	0.01	0.02
177G 1.00	0.03	0.00	0.01	0.00	0.00	1.00	0.00	0.00	0.00	0.00	0.00	0.01	0.01	0.00	0.00	0.16	0.01	0.00	0.00	0.00
178L 1.00	0.00	0.00	0.00	0.00	0.00	0.00	0.00	0.00	0.00	1.00	0.00	0.00	0.00	0.00	0.00	0.00	0.00	0.00	0.00	0.00
179R 1.00	0.36	0.02	0.67	1.00	0.03	0.17	0.08	0.08	0.58	0.13	0.05	0.22	0.26	0.47	0.62	0.30	0.24	0.12	0.01	0.03
180E 1.00	0.87	0.12	0.57	1.00	0.37	0.45	0.32	0.31	0.84	0.53	0.17	0.54	0.30	0.58	0.55	0.91	0.61	0.47	0.09	0.45
181L 1.00	0.01	0.00	0.00	0.00	0.01	0.00	0.00	1.00	0.00	0.70	0.02	0.00	0.00	0.00	0.00	0.00	0.01	0.13	0.00	0.00
182L 1.00	0.01	0.00	0.00	0.00	0.02	0.00	0.00	0.04	0.00	1.00	0.30	0.00	0.00	0.00	0.08	0.00	0.00	0.02	0.00	0.00
183G 1.00	0.33	0.01	0.01	0.01	0.00	1.00	0.00	0.00	0.01	0.01	0.00	0.01	0.02	0.08	0.01	0.03	0.01	0.01	0.00	0.00
184G 1.00	0.19	0.02	0.26	0.24	0.02	0.37	0.06	0.04	0.42	0.07	0.03	1.00	0.09	0.25	0.14	0.52	0.47	0.07	0.01	0.03
185P 0.97	0.27	0.01	0.37	1.00	0.02	0.09	0.04	0.04	0.26	0.07	0.03	0.12	0.22	0.23	0.11	0.16	0.13	0.10	0.01	0.02
186Q 1.00	0.50	0.02	0.71	1.00	0.02	0.15	0.05	0.07	0.47	0.12	0.04	0.19	0.11	0.44	0.20	0.52	0.31	0.11	0.01	0.02
187A 1.00	1.00	0.10	0.09	0.10	0.05	0.53	0.03	0.07	0.11	0.15	0.06	0.08	0.24	0.08	0.08	0.52	0.22	0.17	0.02	0.04
188W 1.00	0.00	0.00	0.00	0.00	0.00	0.00	0.00	0.00	0.00	0.00	0.00	0.00	0.00	0.00	0.00	0.00	0.00	0.00	1.00	0.00
189P 1.00	0.00	0.00	0.00	0.00	0.00	0.00	0.00	0.00	0.00	0.00	0.00	0.00	1.00	0.00	0.00	0.00	0.00	0.00	0.00	0.00
190L 1.00	0.02	0.01	0.01	0.01	0.04	0.08	0.00	1.00	0.01	0.95	0.04	0.01	0.01	0.01	0.01	0.01	0.03	0.73	0.01	0.20
191L 1.00	0.00	0.00	0.00	0.00	0.00	0.00	0.00	0.00	0.00	1.00	0.00	0.00	0.00	0.00	0.00	0.00	0.00	0.00	0.00	0.00
192L 1.00	0.00	0.00	0.00	0.00	0.13	0.00	0.00	0.02	0.00	1.00	0.01	0.00	0.00	0.00	0.00	0.00	0.00	0.01	0.00	0.01
193A 1.00	0.43	0.01	0.01	0.01	0.00	1.00	0.00	0.00	0.01	0.01	0.00	0.01	0.02	0.00	0.00	0.25	0.01	0.01	0.00	0.00
194S 0.97	0.07	0.02	0.01	0.02	0.34	0.02	0.02	0.48	0.02	1.00	0.13	0.02	0.02	0.02	0.02	0.14	0.05	0.62	0.02	0.04
195C 0.97	0.33	0.17	0.04	0.06	0.04	0.03	0.02	0.58	0.07	0.24	0.07	0.07	0.09	0.05	0.04	0.26	1.00	0.62	0.01	0.02
196L 1.00	0.08	0.03	0.02	0.03	0.15	0.04	0.03	1.00	0.04	0.64	0.13	0.03	0.03	0.03	0.04	0.05	0.08	0.92	0.02	0.09
197V 1.00	0.01	0.00	0.00	0.00	0.01	0.00	0.00	0.56	0.00	0.25	0.01	0.00	0.00	0.00	0.00	0.00	0.11	1.00	0.00	0.00
198P 1.00	0.04	0.00	0.01	0.01	0.00	0.09	0.00	0.00	0.01	0.01	0.00	0.01	1.00	0.00	0.01	0.02	0.01	0.01	0.00	0.00
199G 1.00	1.00	0.00	0.00	0.00	0.00	0.23	0.00	0.00	0.00	0.00	0.00	0.00	0.01	0.00	0.00	0.02	0.04	0.01	0.00	0.00
200A 1.00	0.40	0.04	0.03	0.05	0.13	0.17	0.04	0.94	0.05	0.74	0.10	0.04	0.11	0.04	0.05	0.11	0.09	1.00	0.02	0.09
pos	A	C	D	E	F	G	H	I	K	L	M	N	P	Q	R	S	T	V	W	Y
201L 1.00	0.09	0.00	0.00	0.00	0.01	0.00	0.00	0.20	0.00	1.00	0.02	0.00	0.00	0.00	0.00	0.00	0.01	0.20	0.00	0.00
202Q 1.00	0.10	0.00	0.01	0.01	0.00	0.02	0.00	0.00	0.01	0.01	0.00	0.01	0.01	1.00	0.01	0.02	0.01	0.01	0.00	0.00
203L 1.00	1.00	0.31	0.07	0.09	0.07	0.47	0.03	0.14	0.10	0.68	0.08	0.08	0.23	0.07	0.07	0.61	0.27	0.29	0.02	0.04
204A 1.00	0.60	0.05	0.02	0.04	0.10	0.01	0.01	0.73	0.04	1.00	0.14	0.02	0.05	0.04	0.03	0.04	0.17	0.84	0.01	0.02
205S 1.00	0.59	0.15	0.11	0.18	0.36	0.15	0.26	0.54	0.19	0.56	0.18	0.17	0.17	0.18	0.19	0.26	0.44	1.00	0.09	0.46
206L 1.00	0.01	0.00	0.00	0.00	0.02	0.01	0.00	0.03	0.00	1.00	0.02	0.00	0.06	0.00	0.00	0.00	0.01	0.02	0.00	0.00
207P 1.00	0.02	0.00	0.01	0.01	0.01	0.02	0.00	0.01	0.01	0.06	0.01	0.00	1.00	0.00	0.01	0.01	0.01	0.01	0.00	0.00
208L 1.00	0.01	0.03	0.00	0.00	1.00	0.00	0.00	0.02	0.00	0.22	0.01	0.00	0.00	0.00	0.00	0.00	0.00	0.01	0.01	0.03
209L 1.00	0.15	0.11	0.02	0.03	0.36	0.04	0.03	0.34	0.04	1.00	0.21	0.03	0.05	0.04	0.03	0.05	0.08	0.26	0.04	0.13
210P 1.00	0.00	0.00	0.00	0.00	0.00	0.00	0.00	0.00	0.00	0.00	0.00	0.00	1.00	0.00	0.00	0.00	0.00	0.00	0.00	0.00
211E 1.00	0.01	0.00	0.13	1.00	0.00	0.00	0.00	0.00	0.01	0.00	0.00	0.00	0.00	0.01	0.00	0.00	0.00	0.00	0.00	0.00
212S 1.00	0.00	0.00	0.00	0.00	0.00	0.00	0.00	0.00	0.00	0.00	0.00	0.00	0.00	0.00	0.00	1.00	0.00	0.00	0.00	0.00
213P 1.00	0.00	0.00	0.00	0.00	0.00	0.00	0.00	0.00	0.00	0.00	0.00	0.00	1.00	0.00	0.00	0.00	0.00	0.00	0.00	0.00
214R 1.00	0.00	0.00	0.00	0.00	0.00	0.00	0.00	0.00	0.00	0.00	0.00	0.00	0.00	0.00	1.00	0.00	0.00	0.00	0.00	0.00
215Y 1.00	0.00	0.00	0.00	0.00	0.69	0.00	0.00	0.01	0.00	0.02	0.00	0.00	0.00	0.00	0.00	0.00	0.00	0.01	0.02	1.00
216L 1.00	0.03	0.01	0.01	0.01	0.01	0.01	0.00	0.02	0.01	1.00	0.01	0.01	0.01	0.01	0.01	0.13	0.11	0.02	0.00	0.00
217L 1.00	0.00	0.00	0.00	0.00	0.00	0.00	0.00	0.00	0.00	1.00	0.00	0.00	0.00	0.00	0.00	0.00	0.00	0.00	0.00	0.00
218I 1.00	0.00	0.00	0.00	0.00	0.01	0.00	0.00	1.00	0.00	0.15	0.01	0.00	0.00	0.00	0.00	0.00	0.00	0.02	0.00	0.00
219D 0.97	0.13	0.01	0.63	0.89	0.01	0.13	0.05	0.02	0.14	0.03	0.01	1.00	0.08	0.74	0.05	0.12	0.07	0.03	0.01	0.03
220C 0.97	0.06	0.15	0.01	0.08	0.01	0.04	0.05	0.02	1.00	0.06	0.02	0.06	0.05	0.14	0.80	0.05	0.06	0.03	0.01	0.03
221G 1.00	0.18	0.02	0.11	0.24	0.04	0.23	0.15	0.07	1.00	0.15	0.06	0.25	0.12	0.32	0.75	0.17	0.17	0.09	0.02	0.08
222D 1.00	0.04	0.00	1.00	0.99	0.00	0.02	0.01	0.00	0.10	0.01	0.00	0.33	0.02	0.17	0.01	0.02	0.02	0.01	0.00	0.01
223T 1.00	0.07	0.00	0.05	1.00	0.00	0.01	0.00	0.00	0.02	0.01	0.00	0.01	0.01	0.02	0.01	0.02	0.14	0.01	0.00	0.00
224E 1.00	0.47	0.02	0.58	1.00	0.03	0.24	0.08	0.07	0.41	0.12	0.04	0.38	0.18	0.33	0.20	0.35	0.25	0.11	0.01	0.04
225A 1.00	0.42	0.03	0.27	0.52	0.04	0.22	0.13	0.11	1.00	0.21	0.07	0.30	0.18	0.45	0.76	0.37	0.35	0.16	0.02	0.06
pos	A	C	D	E	F	G	H	I	K	L	M	N	P	Q	R	S	T	V	W	Y
226C 1.00	1.00	0.20	0.01	0.01	0.00	0.04	0.00	0.00	0.01	0.01	0.00	0.00	0.02	0.00	0.00	0.03	0.01	0.01	0.00	0.00
227L 1.00	0.34	0.03	0.25	0.50	0.03	0.18	0.09	0.09	1.00	0.25	0.06	0.23	0.14	0.40	0.55	0.32	0.32	0.22	0.01	0.04
228A 1.00	0.63	0.03	0.33	0.79	0.03	0.20	0.06	0.10	1.00	0.16	0.06	0.33	0.15	0.66	0.46	0.79	0.37	0.15	0.01	0.02
229A 1.00	1.00	0.05	0.01	0.04	0.04	0.01	0.01	0.64	0.04	0.23	0.06	0.02	0.06	0.03	0.02	0.04	0.18	0.92	0.01	0.01
230L 1.00	0.00	0.00	0.00	0.00	0.13	0.00	0.00	0.02	0.00	1.00	0.01	0.00	0.00	0.00	0.00	0.00	0.00	0.01	0.00	0.01
231R 1.00	0.02	0.00	0.00	0.03	0.00	0.02	0.02	0.01	0.54	0.02	0.01	0.02	0.02	1.00	0.68	0.02	0.03	0.01	0.00	0.01
232R 1.00	0.05	0.01	0.02	0.06	0.01	0.03	0.03	0.02	0.56	0.04	0.01	0.05	0.04	0.09	1.00	0.16	0.42	0.03	0.01	0.02
233L 1.00	0.00	0.00	0.00	0.00	0.13	0.00	0.00	0.06	0.00	1.00	0.02	0.00	0.00	0.00	0.00	0.00	0.00	0.01	0.00	0.00
234R 1.00	0.18	0.03	0.03	0.16	0.15	0.11	0.11	0.28	0.74	0.86	0.19	0.12	0.11	0.27	1.00	0.12	0.15	0.20	0.14	0.08
235G 1.00	0.00	0.00	0.00	0.00	0.00	1.00	0.00	0.00	0.00	0.00	0.00	0.00	0.00	0.00	0.00	0.00	0.00	0.00	0.00	0.00
236S 1.00	0.56	0.10	0.40	0.50	0.25	0.34	0.28	0.23	0.81	0.37	0.13	0.50	0.26	0.44	0.61	0.88	1.00	0.33	0.09	0.36
237G 1.00	0.78	0.05	0.64	1.00	0.05	0.39	0.13	0.18	0.92	0.30	0.10	0.49	0.28	0.60	0.52	0.72	0.58	0.28	0.02	0.04
238D 1.00	0.01	0.00	1.00	0.01	0.00	0.02	0.01	0.00	0.01	0.00	0.00	0.09	0.00	0.01	0.00	0.14	0.01	0.00	0.00	0.00
239L 1.00	0.01	0.00	0.00	0.00	0.01	0.00	0.00	0.04	0.00	0.19	0.10	0.00	0.00	0.00	0.00	0.00	0.01	1.00	0.00	0.00
240A 1.00	0.85	0.04	0.86	0.99	0.05	0.30	0.15	0.21	0.71	0.24	0.08	0.39	0.22	0.46	0.40	1.00	0.70	0.23	0.02	0.04
241G 1.00	0.94	0.11	0.60	0.96	0.30	0.50	0.33	0.31	1.00	0.52	0.19	0.54	0.32	0.77	0.80	0.78	0.64	0.43	0.08	0.41
242E 1.00	0.02	0.00	0.54	1.00	0.00	0.01	0.00	0.00	0.02	0.00	0.00	0.01	0.01	0.02	0.00	0.01	0.01	0.00	0.00	0.00
243L 1.00	0.01	0.00	0.00	0.00	0.03	0.00	0.00	0.75	0.01	1.00	0.33	0.00	0.00	0.00	0.00	0.00	0.01	0.47	0.00	0.01
244E 1.00	0.11	0.00	0.07	1.00	0.00	0.01	0.01	0.00	0.03	0.01	0.00	0.01	0.02	0.60	0.01	0.07	0.01	0.01	0.00	0.00
245E 1.00	0.01	0.00	0.10	1.00	0.00	0.00	0.00	0.00	0.01	0.00	0.00	0.00	0.00	0.01	0.00	0.00	0.00	0.00	0.00	0.00
246L 1.00	0.01	0.00	0.00	0.00	0.02	0.00	0.00	0.62	0.00	0.33	1.00	0.00	0.00	0.00	0.00	0.00	0.01	0.30	0.00	0.00
247E 1.00	0.19	0.01	0.07	0.33	0.02	0.07	0.06	0.04	1.00	0.23	0.03	0.10	0.07	0.22	0.77	0.11	0.11	0.06	0.01	0.03
248E 1.00	0.46	0.02	0.52	1.00	0.02	0.13	0.04	0.06	0.41	0.15	0.04	0.17	0.09	0.28	0.27	0.25	0.27	0.10	0.01	0.01
249E 1.00	0.01	0.00	0.02	1.00	0.00	0.01	0.00	0.00	0.01	0.00	0.00	0.01	0.01	0.01	0.00	0.06	0.01	0.00	0.00	0.00
250R 1.00	0.65	0.04	0.86	0.84	0.04	0.41	0.11	0.13	0.64	0.21	0.07	0.46	0.22	0.42	0.54	1.00	0.41	0.20	0.02	0.04
pos	A	C	D	E	F	G	H	I	K	L	M	N	P	Q	R	S	T	V	W	Y
251A 1.00	0.77	0.11	0.21	0.49	0.11	0.14	0.10	0.51	0.40	0.44	0.16	0.19	0.18	0.25	0.47	0.30	0.47	1.00	0.03	0.10
252A 1.00	0.69	0.03	0.23	0.47	0.05	0.20	0.13	0.13	1.00	0.22	0.07	0.26	0.17	0.57	0.88	0.34	0.35	0.23	0.02	0.07
253C 0.97	1.00	0.12	0.47	0.88	0.14	0.44	0.13	0.29	0.48	0.36	0.15	0.24	0.31	0.37	0.29	0.55	0.44	0.58	0.04	0.15
254Q 1.00	0.25	0.02	0.13	0.29	0.03	0.12	0.09	0.07	1.00	0.13	0.28	0.16	0.11	0.51	0.89	0.48	0.19	0.10	0.02	0.05
255G 1.00	1.00	0.06	0.17	0.24	0.04	0.47	0.05	0.06	0.33	0.12	0.05	0.16	0.19	0.36	0.36	0.50	0.22	0.14	0.01	0.04
256C 1.00	0.50	0.10	0.03	0.11	0.05	0.02	0.02	0.47	0.08	0.32	0.10	0.04	0.11	0.06	0.04	0.09	0.33	1.00	0.01	0.02
257R 1.00	0.15	0.01	0.05	0.18	0.03	0.23	0.12	0.05	1.00	0.13	0.04	0.15	0.11	0.30	0.81	0.12	0.14	0.07	0.02	0.06
258A 1.00	0.58	0.18	0.26	0.38	0.71	0.37	0.56	0.41	0.48	0.69	0.23	0.36	0.24	0.38	0.49	0.47	0.45	0.53	0.19	1.00
259R 1.00	0.10	0.01	0.01	0.01	0.03	0.01	0.00	0.56	0.01	0.29	0.03	0.01	0.01	0.01	0.15	0.01	0.05	1.00	0.00	0.01
260R 1.00	0.05	0.01	0.02	0.01	0.00	0.02	0.01	0.01	0.02	0.01	0.01	0.04	0.02	0.02	0.21	1.00	0.89	0.02	0.00	0.01
261P 1.00	0.04	0.01	0.00	0.01	0.01	0.00	0.00	0.31	0.01	0.06	0.01	0.00	0.14	0.01	0.00	0.01	0.03	1.00	0.00	0.00
262W 1.00	0.02	0.01	0.00	0.01	0.06	0.01	0.01	0.11	0.01	1.00	0.10	0.01	0.01	0.01	0.06	0.01	0.01	0.06	0.16	0.01
263E 1.00	0.16	0.01	0.09	1.00	0.01	0.04	0.12	0.02	0.35	0.03	0.01	0.12	0.03	0.07	0.07	0.08	0.11	0.03	0.00	0.01
264L 1.00	0.00	0.00	0.00	0.00	0.01	0.00	0.00	0.01	0.00	1.00	0.04	0.00	0.00	0.00	0.00	0.00	0.00	0.01	0.00	0.00
265F 1.00	0.02	0.16	0.00	0.00	1.00	0.00	0.00	0.06	0.00	0.30	0.04	0.00	0.01	0.01	0.00	0.01	0.01	0.04	0.02	0.09
266Q 1.00	0.23	0.00	0.01	0.06	0.01	0.03	0.03	0.02	0.39	0.04	0.01	0.04	0.03	0.24	1.00	0.04	0.15	0.02	0.01	0.02
267H 1.00	0.54	0.18	0.21	0.28	0.72	0.33	0.54	0.44	0.30	0.76	0.25	0.31	0.21	0.30	0.35	0.41	0.41	0.56	0.19	1.00
268R 1.00	0.72	0.07	0.17	0.37	0.06	0.40	0.14	0.10	1.00	0.21	0.08	0.24	0.38	0.42	0.96	0.51	0.37	0.19	0.03	0.08
269A 1.00	0.90	0.10	0.19	0.22	0.29	0.42	0.24	0.18	0.23	0.31	0.15	0.36	0.24	0.19	0.20	1.00	0.30	0.27	0.08	0.56
270L 1.00	0.04	0.01	0.01	0.01	0.19	0.01	0.01	0.16	0.01	1.00	0.07	0.01	0.01	0.01	0.01	0.01	0.02	0.26	0.04	0.65
271R 1.00	0.10	0.00	0.01	0.01	0.05	0.02	0.01	0.01	0.05	0.02	0.01	0.01	0.01	0.02	1.00	0.02	0.02	0.01	0.00	0.01
272R 1.00	0.16	0.02	0.05	0.22	0.04	0.12	0.13	0.07	0.99	0.16	0.05	0.15	0.12	0.93	1.00	0.13	0.16	0.09	0.76	0.07
273Q 1.00	0.85	0.09	0.55	0.78	0.09	0.73	0.15	0.13	0.69	0.27	0.08	0.34	0.85	1.00	0.52	0.55	0.35	0.23	0.06	0.10
274V 1.00	0.01	0.00	0.00	0.00	0.02	0.00	0.00	1.00	0.00	0.86	0.02	0.00	0.00	0.00	0.00	0.00	0.01	0.88	0.00	0.01
275T 1.00	0.02	0.01	0.00	0.00	0.02	0.00	0.00	1.00	0.01	0.70	0.02	0.00	0.00	0.00	0.00	0.01	0.22	0.39	0.00	0.01
pos	A	C	D	E	F	G	H	I	K	L	M	N	P	Q	R	S	T	V	W	Y
276S 1.00	0.25	0.05	0.09	0.06	0.03	0.07	0.03	0.13	0.09	0.09	0.04	0.17	0.12	0.07	0.06	0.77	1.00	0.16	0.02	0.03
277L 1.00	0.45	0.07	0.02	0.06	0.06	0.01	0.02	0.69	0.06	0.39	0.11	0.03	0.07	0.04	0.04	0.21	0.27	1.00	0.01	0.03
278V 1.00	0.00	0.00	0.00	0.00	0.01	0.00	0.00	1.00	0.00	0.03	0.01	0.00	0.00	0.00	0.00	0.00	0.01	0.69	0.00	0.00
279V 1.00	0.04	0.01	0.00	0.01	0.01	0.00	0.00	0.09	0.01	0.03	0.10	0.00	0.08	0.00	0.00	0.01	0.07	1.00	0.00	0.00
280L 1.00	0.01	0.00	0.00	0.00	0.01	0.00	0.00	0.02	0.00	1.00	0.01	0.00	0.00	0.00	0.00	0.00	0.12	0.02	0.00	0.00
281G 0.97	1.00	0.10	0.28	0.32	0.09	0.72	0.10	0.13	0.50	0.35	0.50	0.28	0.30	0.60	0.38	0.58	0.27	0.22	0.03	0.08
282S 1.00	1.00	0.09	0.08	0.10	0.06	0.52	0.03	0.07	0.10	0.22	0.07	0.07	0.23	0.07	0.08	0.49	0.18	0.17	0.02	0.05
283A 1.00	1.00	0.12	0.08	0.09	0.04	0.59	0.02	0.04	0.09	0.09	0.04	0.07	0.23	0.07	0.07	0.58	0.18	0.16	0.03	0.04
284M 1.00	0.06	0.01	0.03	0.05	0.04	0.03	0.03	0.06	0.12	0.15	0.17	0.03	0.03	1.00	0.10	0.04	0.04	0.05	0.01	0.16
285E 1.00	0.01	0.00	0.02	0.16	0.00	0.00	0.00	0.00	0.01	0.00	0.00	0.00	0.00	1.00	0.00	0.00	0.00	0.00	0.00	0.00
286L 1.00	0.00	0.00	0.00	0.00	0.05	0.00	0.00	0.01	0.00	1.00	0.01	0.00	0.00	0.00	0.00	0.00	0.00	0.01	0.00	0.00
287C 1.00	0.24	0.26	0.04	0.03	0.01	0.13	0.01	0.02	0.03	0.03	0.01	0.04	0.06	0.02	0.02	1.00	0.13	0.05	0.01	0.01
288G 1.00	0.00	0.00	0.00	0.00	0.00	1.00	0.00	0.00	0.00	0.00	0.00	0.00	0.00	0.00	0.00	0.00	0.00	0.00	0.00	0.00
289N 1.00	0.02	0.01	0.00	0.01	0.03	0.01	0.00	1.00	0.01	0.28	0.03	0.13	0.00	0.00	0.01	0.01	0.03	0.70	0.00	0.01
290D 1.00	0.00	0.00	0.15	0.01	0.00	0.01	0.00	0.00	0.01	0.00	0.00	1.00	0.00	0.00	0.00	0.01	0.00	0.00	0.00	0.00
291S 1.00	1.00	0.00	0.00	0.00	0.00	0.02	0.00	0.00	0.00	0.00	0.00	0.00	0.01	0.00	0.00	0.14	0.01	0.01	0.00	0.00
292V 1.00	0.01	0.00	0.00	0.00	0.01	0.00	0.00	0.71	0.00	0.03	0.01	0.00	0.00	0.00	0.00	0.00	0.01	1.00	0.00	0.00
293Y 1.00	0.11	0.04	0.05	0.06	0.98	0.07	0.12	0.09	0.06	0.14	0.05	0.33	0.04	0.06	0.08	0.09	0.09	0.11	0.26	1.00
294A 1.00	0.13	0.00	0.00	0.00	0.27	0.00	0.00	0.02	0.00	0.04	0.01	0.00	0.00	0.00	0.00	0.01	0.01	0.02	0.03	1.00
295Y 1.00	0.00	0.00	0.00	0.00	0.00	0.00	0.00	0.00	0.00	0.00	0.00	0.00	0.00	0.00	0.00	0.00	0.00	0.00	0.00	1.00
296A 1.00	1.00	0.02	0.15	0.03	0.01	0.05	0.01	0.02	0.03	0.02	0.01	0.05	0.04	0.02	0.02	1.00	0.46	0.03	0.00	0.01
297S 1.00	0.25	0.05	0.66	0.22	0.03	0.32	0.10	0.06	0.21	0.07	0.03	0.63	0.15	0.18	0.12	0.79	1.00	0.10	0.02	0.06
298S 1.00	0.45	0.06	0.24	0.31	0.08	0.36	0.09	0.16	0.32	0.17	0.07	0.26	0.17	0.36	0.20	1.00	0.90	0.22	0.03	0.10
299V 1.00	0.00	0.00	0.00	0.00	0.01	0.00	0.00	1.00	0.00	0.02	0.00	0.00	0.00	0.00	0.00	0.00	0.00	0.19	0.00	0.07
300F 1.00	0.00	0.00	0.00	0.00	1.00	0.00	0.00	0.01	0.00	0.11	0.00	0.00	0.00	0.00	0.00	0.00	0.00	0.01	0.02	0.56
pos	A	C	D	E	F	G	H	I	K	L	M	N	P	Q	R	S	T	V	W	Y
301R 1.00	0.75	0.05	0.62	1.00	0.05	0.38	0.12	0.19	0.94	0.30	0.11	0.49	0.27	0.59	0.54	0.73	0.57	0.28	0.02	0.04
302K 1.00	0.34	0.03	0.68	0.49	0.03	0.28	0.10	0.08	1.00	0.13	0.05	0.40	0.22	0.29	0.37	0.81	0.29	0.12	0.01	0.05
303A 1.00	1.00	0.01	0.00	0.01	0.00	0.03	0.00	0.00	0.01	0.07	0.00	0.00	0.01	0.00	0.00	0.06	0.01	0.01	0.00	0.00
304G 0.97	0.00	0.00	0.00	0.00	0.00	1.00	0.00	0.00	0.00	0.00	0.00	0.00	0.00	0.00	0.00	0.00	0.00	0.00	0.00	0.00
305V 0.97	0.00	0.00	0.00	0.00	0.00	0.00	0.00	0.20	0.00	0.02	0.00	0.00	0.00	0.00	0.00	0.00	0.00	1.00	0.00	0.00
306P 0.97	0.50	0.03	0.56	1.00	0.03	0.25	0.09	0.12	0.70	0.19	0.07	0.34	0.40	0.66	0.32	0.46	0.38	0.18	0.01	0.03
307E 1.00	0.33	0.01	0.41	1.00	0.02	0.11	0.04	0.05	0.31	0.08	0.03	0.14	0.30	0.50	0.14	0.29	0.16	0.08	0.01	0.02
308A 1.00	0.88	0.01	0.43	0.50	0.01	0.10	0.04	0.05	0.24	0.07	0.03	0.21	1.00	0.25	0.13	0.19	0.39	0.07	0.01	0.01
309K 1.00	0.78	0.12	0.60	1.00	0.33	0.41	0.34	0.34	0.96	0.52	0.18	0.49	0.31	0.62	0.67	0.68	0.60	0.50	0.09	0.45
310I 0.48	0.18	0.04	0.02	0.03	0.04	0.02	0.01	0.86	0.04	0.23	0.06	0.03	0.04	0.03	0.02	0.31	0.31	1.00	0.01	0.02
311Q 0.48	0.12	0.01	0.09	0.14	0.01	0.09	0.02	0.02	0.12	0.04	0.01	0.06	0.25	1.00	0.09	0.08	0.06	0.04	0.01	0.02
312Y 1.00	0.00	0.00	0.00	0.00	0.06	0.00	0.00	0.00	0.00	0.01	0.00	0.00	0.00	0.00	0.00	0.00	0.00	0.00	0.01	1.00
313A 1.00	1.00	0.05	0.02	0.04	0.08	0.10	0.01	0.19	0.04	0.15	0.05	0.03	0.07	0.03	0.03	0.11	0.14	0.96	0.02	0.14
314I 1.00	0.02	0.00	0.01	0.00	0.00	0.00	0.00	0.14	0.01	0.02	0.01	0.01	0.01	0.00	0.00	0.03	1.00	0.03	0.00	0.00
315I 1.00	0.39	0.01	0.00	0.01	0.03	0.01	0.00	1.00	0.01	0.37	0.03	0.01	0.01	0.01	0.01	0.01	0.05	0.47	0.00	0.01
316G 1.00	0.11	0.00	0.00	0.00	0.00	1.00	0.00	0.00	0.00	0.00	0.00	0.00	0.01	0.00	0.00	0.18	0.01	0.01	0.00	0.00
317T 1.00	0.47	0.01	0.01	0.01	0.00	0.02	0.00	0.01	0.01	0.01	0.00	0.02	0.02	0.01	0.01	0.62	1.00	0.01	0.00	0.00
318G 1.00	0.00	0.00	0.00	0.00	0.00	1.00	0.00	0.00	0.00	0.00	0.00	0.00	0.00	0.00	0.00	0.00	0.00	0.00	0.00	0.00
319S 1.00	1.00	0.09	0.07	0.09	0.06	0.51	0.02	0.31	0.10	0.16	0.05	0.07	0.21	0.07	0.07	0.50	0.18	0.52	0.02	0.05
320C 1.00	0.02	0.14	0.00	0.00	0.01	0.00	0.00	0.26	0.00	0.03	0.01	0.00	0.00	0.00	0.00	0.00	0.01	1.00	0.00	0.00
321E 1.00	0.02	0.00	0.09	0.32	0.00	0.05	0.02	0.00	0.03	0.01	0.00	1.00	0.02	0.02	0.01	0.04	0.02	0.01	0.00	0.01
322L 1.00	0.20	0.04	0.01	0.03	0.06	0.01	0.01	0.71	0.04	0.47	0.08	0.02	0.04	0.03	0.02	0.04	0.45	1.00	0.01	0.02
323L 1.00	0.33	0.02	0.01	0.02	0.18	0.01	0.01	0.83	0.02	1.00	0.09	0.01	0.02	0.02	0.02	0.02	0.06	0.84	0.01	0.02
324T 1.00	0.53	0.08	0.04	0.08	0.84	0.05	0.07	0.65	0.09	1.00	0.75	0.06	0.10	0.08	0.07	0.12	0.45	0.78	0.04	0.13
325A 1.00	0.30	0.00	0.00	0.00	0.00	0.01	0.00	0.01	0.01	0.01	0.00	0.01	0.01	0.00	0.00	0.03	1.00	0.01	0.00	0.00
pos	A	C	D	E	F	G	H	I	K	L	M	N	P	Q	R	S	T	V	W	Y
326V 1.00	0.01	0.00	0.00	0.00	0.08	0.00	0.00	0.37	0.00	0.16	0.05	0.00	0.00	0.00	0.00	0.00	0.01	1.00	0.00	0.00
327V 1.00	0.13	0.27	0.01	0.02	0.16	0.00	0.01	0.19	0.02	0.22	0.04	0.01	0.03	0.02	0.01	0.02	0.19	1.00	0.01	0.02
328S 1.00	0.21	0.00	0.01	0.00	0.00	0.01	0.00	0.00	0.01	0.00	0.00	0.01	0.01	0.00	0.00	1.00	0.21	0.01	0.00	0.00
329C 1.00	0.18	0.07	0.03	0.04	0.14	0.11	0.04	1.00	0.05	0.65	0.11	0.04	0.04	0.03	0.05	0.08	0.09	1.00	0.02	0.10
330V 1.00	0.02	0.01	0.00	0.01	1.00	0.00	0.00	0.11	0.01	0.40	0.05	0.00	0.01	0.01	0.01	0.01	0.02	0.41	0.01	0.04
331V 1.00	0.01	0.00	0.00	0.00	0.01	0.00	0.00	0.15	0.00	0.48	0.01	0.00	0.00	0.00	0.00	0.00	0.01	1.00	0.00	0.00
332I 1.00	0.00	0.00	0.00	0.00	0.00	0.00	0.00	0.39	0.00	0.02	0.00	0.00	0.00	0.00	0.00	0.00	0.00	1.00	0.00	0.00
333E 1.00	0.00	0.00	0.00	1.00	0.00	0.00	0.00	0.00	0.00	0.00	0.00	0.00	0.00	0.00	0.00	0.00	0.00	0.00	0.00	0.00
334R 1.00	0.17	0.05	0.06	0.12	0.19	0.11	0.29	0.12	0.33	0.40	0.07	0.12	0.08	0.16	1.00	0.20	0.14	0.15	0.05	0.31
335V 1.00	0.14	0.03	0.01	0.03	0.18	0.02	0.02	0.39	0.03	1.00	0.22	0.02	0.04	0.04	0.03	0.03	0.09	0.33	0.03	0.04
336G 1.00	0.09	0.00	0.00	0.00	0.00	1.00	0.00	0.00	0.00	0.00	0.00	0.00	0.01	0.00	0.00	0.01	0.00	0.00	0.00	0.00
337R 1.00	0.00	0.00	0.00	0.00	0.00	0.00	0.00	0.00	0.00	0.00	0.00	0.00	0.00	0.00	1.00	0.00	0.00	0.00	0.00	0.00
338R 1.00	0.01	0.00	0.00	0.01	0.00	0.01	0.01	0.01	0.04	0.08	0.01	0.01	0.01	0.01	1.00	0.01	0.01	0.01	0.00	0.00
339V 1.00	0.54	0.18	0.21	0.28	0.71	0.33	0.55	0.42	0.30	0.68	0.23	0.31	0.22	0.30	0.35	0.41	0.45	0.56	0.18	1.00
340L 1.00	0.00	0.00	0.00	0.00	0.00	0.00	0.00	0.00	0.00	1.00	0.00	0.00	0.00	0.00	0.00	0.00	0.00	0.00	0.00	0.00
341L 1.00	0.08	0.02	0.02	0.03	0.17	0.04	0.06	0.31	0.05	1.00	0.21	0.03	0.04	0.05	0.05	0.03	0.05	0.18	0.02	0.03
342I 1.00	0.01	0.00	0.00	0.00	0.02	0.00	0.00	0.34	0.00	1.00	0.22	0.00	0.00	0.00	0.00	0.00	0.00	0.02	0.00	0.00
343G 1.00	0.31	0.05	0.05	0.06	0.14	0.18	0.05	1.00	0.07	0.48	0.10	0.06	0.08	0.05	0.06	0.17	0.13	0.96	0.03	0.11
344G 1.00	0.04	0.01	0.01	0.01	0.07	1.00	0.00	0.01	0.01	0.01	0.00	0.01	0.02	0.01	0.01	0.02	0.01	0.01	0.00	0.01
345Y 1.00	0.06	0.02	0.02	0.02	1.00	0.02	0.03	0.10	0.02	0.66	0.05	0.02	0.02	0.02	0.02	0.11	0.04	0.09	0.14	0.85
346S 1.00	0.70	0.02	0.02	0.02	0.01	1.00	0.00	0.01	0.02	0.02	0.01	0.02	0.18	0.02	0.02	0.80	0.04	0.04	0.00	0.01
347L 0.97	0.05	0.02	0.01	0.02	0.10	0.03	0.00	1.00	0.02	0.56	0.11	0.02	0.01	0.01	0.02	0.02	0.05	0.92	0.01	0.04
348M 0.97	0.61	0.45	0.03	0.08	0.12	0.08	0.03	0.58	0.08	0.69	1.00	0.04	0.12	0.07	0.05	0.13	0.31	0.94	0.02	0.03
349T 1.00	1.00	0.13	0.08	0.10	0.28	0.40	0.14	0.11	0.11	0.26	0.07	0.10	0.13	0.10	0.11	0.27	0.40	0.18	0.05	0.25
350C 1.00	0.54	0.38	0.21	0.28	0.81	0.46	0.54	0.46	0.30	0.75	0.22	0.31	0.21	0.30	0.35	0.52	0.45	0.63	0.18	1.00
pos	A	C	D	E	F	G	H	I	K	L	M	N	P	Q	R	S	T	V	W	Y
351W 0.97	0.81	1.00	0.05	0.07	0.72	0.09	0.11	0.22	0.07	0.66	0.13	0.07	0.06	0.07	0.08	0.11	0.11	0.22	0.37	0.44
352G 0.93	1.00	0.35	0.08	0.09	0.18	0.54	0.05	0.07	0.10	0.12	0.05	0.09	0.20	0.08	0.08	0.65	0.27	0.16	0.02	0.10
353S 0.97	0.81	0.62	0.28	0.38	0.60	0.63	0.46	0.84	0.39	0.93	0.22	0.35	0.25	0.34	0.37	0.82	0.69	1.00	0.16	0.83
354I 1.00	0.02	0.01	0.00	0.01	0.10	0.01	0.00	0.44	0.01	0.71	0.02	0.00	0.00	0.00	0.01	0.01	0.21	1.00	0.00	0.01
355F 1.00	0.01	0.00	0.00	0.00	0.22	0.00	0.00	0.05	0.00	1.00	0.71	0.00	0.00	0.01	0.00	0.00	0.01	0.03	0.00	0.01
356T 1.00	0.00	0.00	0.00	0.00	0.00	0.00	0.00	0.00	0.00	0.00	0.00	0.00	0.00	0.00	0.00	0.00	1.00	0.00	0.00	0.00
357V 1.00	0.26	0.01	0.01	0.01	0.03	0.11	0.00	0.94	0.01	0.14	0.03	0.01	0.01	0.00	0.01	0.02	0.02	1.00	0.00	0.01
358A 1.00	1.00	0.01	0.01	0.01	0.00	0.02	0.00	0.01	0.01	0.01	0.00	0.01	0.02	0.01	0.01	0.36	0.22	0.14	0.00	0.00
359L 1.00	0.00	0.00	0.00	0.00	0.00	0.00	0.00	0.00	0.00	1.00	0.00	0.00	0.00	0.00	0.00	0.00	0.00	0.00	0.00	0.00
360C 1.00	0.94	0.16	0.06	0.10	0.09	0.20	0.03	0.48	0.11	0.55	0.13	0.08	0.19	0.08	0.07	0.33	0.51	1.00	0.02	0.04
361L 1.00	0.00	0.00	0.00	0.00	0.09	0.00	0.00	0.02	0.00	1.00	0.04	0.00	0.00	0.00	0.00	0.00	0.00	0.01	0.00	0.00
362Q 1.00	0.10	0.01	0.03	0.14	0.03	0.06	0.07	0.06	0.88	0.36	0.04	0.08	0.07	1.00	0.48	0.07	0.10	0.06	0.01	0.04
363S 1.00	0.02	0.00	1.00	0.37	0.00	0.05	0.02	0.00	0.03	0.00	0.00	0.38	0.01	0.02	0.01	0.33	0.02	0.00	0.00	0.01
364S 1.00	0.75	0.05	0.62	1.00	0.05	0.38	0.14	0.19	0.94	0.30	0.11	0.51	0.27	0.61	0.57	0.75	0.61	0.29	0.02	0.05
365F 0.97	0.42	0.08	0.08	0.11	0.48	0.13	0.19	0.89	0.12	0.90	0.21	0.12	0.09	0.12	0.13	0.15	0.18	1.00	0.07	0.62
366P 0.97	0.05	0.01	0.10	0.13	0.01	0.07	0.02	0.01	0.04	0.01	0.00	0.30	1.00	0.03	0.02	0.70	0.06	0.01	0.00	0.01
367W 1.00	0.51	0.04	0.17	0.40	0.03	0.36	0.03	0.03	0.10	0.05	0.02	0.10	0.13	0.09	0.06	0.25	0.10	0.08	1.00	0.03
368T 1.00	0.03	0.01	0.00	0.01	0.02	0.00	0.00	0.14	0.01	0.31	1.00	0.00	0.01	0.01	0.00	0.01	0.20	0.26	0.00	0.00
369L 1.00	1.00	0.11	0.17	0.24	0.09	0.53	0.11	0.15	0.58	0.30	0.10	0.25	0.37	0.26	0.47	0.91	0.71	0.27	0.03	0.09
370Y 1.00	0.00	0.00	0.00	0.00	0.28	0.00	0.00	0.00	0.00	0.01	0.00	0.00	0.00	0.00	0.00	0.00	0.00	0.00	0.01	1.00
371L 1.00	0.01	0.00	0.00	0.00	0.02	0.00	0.00	0.65	0.00	1.00	0.02	0.00	0.00	0.00	0.00	0.00	0.01	0.57	0.00	0.01
372A 1.00	0.75	0.28	0.05	0.05	0.02	0.42	0.01	0.03	0.06	0.06	0.03	0.04	0.15	0.04	0.04	1.00	0.11	0.10	0.01	0.02
373M 1.00	0.00	0.00	0.00	0.00	0.01	0.00	0.00	1.00	0.00	0.04	0.13	0.00	0.00	0.00	0.00	0.00	0.00	0.03	0.00	0.00
374A 1.00	0.42	0.04	0.03	0.03	0.05	0.27	0.01	0.65	0.04	0.24	0.05	0.03	0.07	0.02	0.03	0.15	0.08	1.00	0.01	0.03
375C 1.00	1.00	0.98	0.02	0.02	0.01	0.33	0.00	0.01	0.02	0.02	0.01	0.02	0.06	0.02	0.02	0.12	0.04	0.04	0.00	0.01
pos	A	C	D	E	F	G	H	I	K	L	M	N	P	Q	R	S	T	V	W	Y
376I 1.00	0.01	0.00	0.00	0.00	0.01	0.00	0.00	1.00	0.00	0.03	0.01	0.00	0.00	0.00	0.00	0.00	0.05	0.55	0.00	0.00
377F 1.00	0.04	0.01	0.00	0.01	0.77	0.01	0.01	0.60	0.01	1.00	0.12	0.01	0.02	0.02	0.01	0.01	0.02	0.12	0.01	0.03
378A 1.00	1.00	0.09	0.07	0.08	0.04	0.53	0.02	0.04	0.09	0.09	0.04	0.06	0.23	0.06	0.07	0.49	0.17	0.17	0.01	0.03
379F 1.00	0.01	0.00	0.00	0.00	1.00	0.00	0.00	0.20	0.00	0.04	0.01	0.00	0.00	0.00	0.00	0.01	0.00	0.01	0.03	0.91
380I 1.00	0.00	0.00	0.00	0.00	0.00	0.00	0.00	0.55	0.00	0.02	0.00	0.00	0.00	0.00	0.00	0.00	0.00	1.00	0.00	0.00
381L 1.00	0.54	0.06	0.02	0.05	0.10	0.01	0.01	0.81	0.05	0.62	0.14	0.03	0.07	0.04	0.03	0.05	0.22	1.00	0.01	0.03
382S 1.00	1.00	0.14	0.15	0.17	0.30	0.59	0.20	0.18	0.18	0.34	0.12	0.18	0.27	0.16	0.17	0.58	0.30	0.30	0.08	0.36
383F 1.00	0.11	0.05	0.12	0.08	1.00	0.18	0.64	0.12	0.10	0.31	0.07	0.12	0.09	0.07	0.10	0.09	0.08	0.11	0.04	0.08
384G 1.00	1.00	0.10	0.11	0.15	0.04	0.54	0.02	0.05	0.12	0.10	0.05	0.09	0.24	0.08	0.08	0.51	0.19	0.16	0.01	0.03
385I 1.00	0.01	0.00	0.00	0.00	0.02	0.00	0.00	1.00	0.00	0.34	0.02	0.00	0.00	0.00	0.00	0.16	0.01	0.45	0.00	0.01
386G 1.00	0.00	0.00	0.00	0.00	0.00	1.00	0.00	0.00	0.00	0.00	0.00	0.00	0.00	0.00	0.00	0.00	0.00	0.00	0.00	0.00
387P 1.00	0.00	0.00	0.00	0.00	0.00	0.00	0.00	0.00	0.00	0.00	0.00	0.00	1.00	0.00	0.00	0.00	0.00	0.00	0.00	0.00
388A 1.00	0.44	0.01	0.01	0.01	0.00	1.00	0.00	0.00	0.01	0.01	0.01	0.01	0.03	0.01	0.01	0.67	0.02	0.02	0.00	0.00
389G 1.00	0.57	0.06	0.07	0.07	0.03	0.58	0.02	0.10	0.08	0.08	0.03	0.06	1.00	0.05	0.06	0.29	0.11	0.10	0.01	0.02
390V 1.00	0.01	0.00	0.00	0.00	0.01	0.00	0.00	1.00	0.00	0.04	0.01	0.00	0.00	0.00	0.08	0.00	0.01	0.41	0.00	0.00
391T 1.00	0.02	0.00	0.01	0.00	0.00	0.01	0.00	0.00	0.01	0.00	0.00	0.01	1.00	0.00	0.00	0.11	0.18	0.01	0.00	0.00
392G 0.97	1.00	0.12	0.11	0.14	0.21	0.55	0.13	0.12	0.15	0.22	0.08	0.13	0.25	0.12	0.14	0.53	0.24	0.24	0.15	0.25
393I 0.97	0.05	0.01	0.01	0.01	0.79	0.02	0.01	1.00	0.02	0.90	0.11	0.01	0.01	0.02	0.02	0.02	0.04	0.76	0.01	0.03
394L 1.00	0.01	0.00	0.00	0.00	0.09	0.00	0.00	0.95	0.01	1.00	0.03	0.00	0.00	0.00	0.00	0.00	0.01	0.41	0.00	0.01
395A 1.00	0.34	0.06	0.03	0.06	0.10	0.04	0.07	0.50	0.06	0.24	0.07	0.05	0.06	0.05	0.18	0.08	0.28	1.00	0.02	0.17
396T 1.00	1.00	0.04	0.04	0.04	0.02	0.37	0.01	0.02	0.04	0.04	0.02	0.04	0.10	0.03	0.03	0.23	0.87	0.07	0.01	0.01
397E 1.00	0.00	0.00	0.00	1.00	0.00	0.00	0.00	0.00	0.00	0.00	0.00	0.00	0.00	0.00	0.00	0.00	0.00	0.00	0.00	0.00
398L 1.00	0.01	0.00	0.00	0.00	0.20	0.00	0.00	0.69	0.00	1.00	0.04	0.00	0.00	0.01	0.00	0.00	0.01	0.14	0.00	0.01
399F 1.00	0.00	0.00	0.00	0.00	1.00	0.00	0.00	0.01	0.00	0.02	0.00	0.00	0.00	0.00	0.00	0.00	0.00	0.05	0.01	0.03
400D 1.00	0.69	0.08	1.00	0.78	0.09	0.75	0.22	0.12	0.58	0.21	0.07	0.98	0.29	0.41	0.32	0.82	0.49	0.20	0.04	0.15
pos	A	C	D	E	F	G	H	I	K	L	M	N	P	Q	R	S	T	V	W	Y
401Q 1.00	0.00	0.00	0.00	0.00	0.00	0.00	0.00	0.00	0.00	0.00	0.00	0.00	0.00	1.00	0.00	0.00	0.00	0.00	0.00	0.00
402M 1.00	1.00	0.10	0.12	0.10	0.04	0.71	0.03	0.05	0.11	0.10	0.09	0.13	0.25	0.08	0.08	0.74	0.24	0.16	0.02	0.04
403A 1.00	0.61	0.03	0.04	0.04	0.01	0.32	0.01	0.02	0.04	0.03	0.02	0.03	1.00	0.27	0.03	0.94	0.07	0.06	0.00	0.01
404R 1.00	0.00	0.00	0.00	0.00	0.00	0.00	0.00	0.00	0.00	0.00	0.00	0.00	0.00	0.00	1.00	0.00	0.00	0.00	0.00	0.00
405P 1.00	0.03	0.00	0.01	0.01	0.00	0.02	0.00	0.01	0.02	0.01	0.00	0.01	1.00	0.01	0.10	0.09	0.11	0.01	0.00	0.00
406A 1.00	1.00	0.00	0.00	0.00	0.00	0.03	0.00	0.00	0.00	0.00	0.00	0.00	0.08	0.00	0.00	0.12	0.01	0.01	0.00	0.00
407A 1.00	1.00	0.00	0.00	0.00	0.00	0.01	0.00	0.00	0.00	0.00	0.00	0.00	0.01	0.00	0.00	0.02	0.07	0.01	0.00	0.00
408C 1.00	0.25	0.30	0.10	0.13	1.00	0.16	0.26	0.39	0.14	0.36	0.54	0.15	0.10	0.14	0.17	0.19	0.19	0.35	0.22	0.84
409M 1.00	0.55	0.10	0.05	0.10	0.18	0.06	0.06	0.61	0.10	0.80	0.24	0.07	0.13	0.09	0.08	0.17	0.40	1.00	0.04	0.11
410V 0.97	0.00	0.00	0.00	0.00	0.00	0.00	0.00	0.25	0.00	0.02	0.00	0.00	0.00	0.00	0.00	0.00	0.00	1.00	0.00	0.00
411C 0.97	1.00	0.15	0.19	0.05	0.02	0.42	0.02	0.02	0.05	0.04	0.02	0.07	0.12	0.04	0.04	0.25	0.09	0.07	0.01	0.02
412G 1.00	0.00	0.00	0.00	0.00	0.00	1.00	0.00	0.00	0.00	0.00	0.00	0.00	0.00	0.00	0.00	0.00	0.00	0.00	0.00	0.00
413A 1.00	0.91	0.35	0.29	0.38	0.76	0.41	0.52	0.46	0.40	0.71	0.24	0.41	0.29	0.40	0.40	0.87	1.00	0.64	0.18	0.94
414L 1.00	0.30	0.05	0.03	0.05	0.09	0.06	0.01	0.48	0.05	0.53	0.11	0.04	0.07	0.04	0.04	0.40	0.21	1.00	0.01	0.03
415M 1.00	0.08	0.02	0.25	0.10	0.03	0.19	0.61	0.03	0.14	0.06	0.18	1.00	0.05	0.07	0.09	0.16	0.08	0.03	0.01	0.05
416W 1.00	0.00	0.00	0.00	0.00	0.00	0.00	0.00	0.00	0.00	0.00	0.00	0.00	0.00	0.00	0.00	0.00	0.00	0.00	1.00	0.00
417I 1.00	0.06	0.01	0.01	0.01	0.08	0.01	0.01	0.33	0.02	1.00	0.10	0.01	0.02	0.02	0.01	0.02	0.47	0.18	0.01	0.01
418M 1.00	0.04	0.01	0.02	0.01	0.00	0.01	0.00	0.01	0.02	0.01	0.14	0.03	0.02	0.01	0.01	1.00	0.31	0.02	0.00	0.00
419L 1.00	0.04	0.01	0.06	0.03	0.03	0.05	0.02	0.05	0.03	0.26	0.03	1.00	0.02	0.02	0.02	0.04	0.03	0.04	0.01	0.01
420I 1.00	0.00	0.00	0.00	0.00	1.00	0.00	0.00	0.13	0.00	0.03	0.01	0.00	0.00	0.00	0.00	0.00	0.00	0.01	0.01	0.04
421L 1.00	0.46	0.05	0.02	0.04	0.09	0.01	0.01	0.87	0.04	1.00	0.12	0.02	0.06	0.04	0.03	0.05	0.48	0.62	0.01	0.02
422V 1.00	0.00	0.00	0.00	0.00	0.00	0.00	0.00	0.11	0.00	0.01	0.00	0.00	0.00	0.00	0.00	0.00	0.00	1.00	0.00	0.00
423G 1.00	0.00	0.00	0.00	0.00	0.00	1.00	0.00	0.00	0.00	0.00	0.00	0.00	0.00	0.00	0.00	0.00	0.00	0.00	0.00	0.00
424L 1.00	0.01	0.00	0.00	0.00	0.12	0.00	0.00	0.03	0.00	1.00	0.34	0.00	0.00	0.00	0.00	0.00	0.00	0.02	0.00	0.00
425G 1.00	0.13	0.10	0.05	0.06	0.23	0.13	0.10	1.00	0.07	0.69	0.12	0.07	0.05	0.06	0.08	0.09	0.14	0.97	0.04	0.21
pos	A	C	D	E	F	G	H	I	K	L	M	N	P	Q	R	S	T	V	W	Y
426F 1.00	0.00	0.00	0.00	0.00	1.00	0.00	0.00	0.00	0.00	0.00	0.00	0.00	0.00	0.00	0.00	0.00	0.00	0.00	0.00	0.00
427P 1.00	0.04	0.00	0.02	0.03	0.00	0.03	0.01	0.01	0.03	0.01	0.00	0.01	1.00	0.21	0.02	0.02	0.01	0.01	0.00	0.00
428F 1.00	0.06	0.02	0.02	0.02	1.00	0.02	0.03	0.09	0.02	0.24	0.05	0.02	0.02	0.02	0.02	0.26	0.04	0.09	0.15	0.77
429I 1.00	0.36	0.01	0.00	0.01	0.01	0.00	0.00	1.00	0.01	0.08	0.02	0.01	0.01	0.01	0.01	0.01	0.04	0.41	0.00	0.01
430M 1.00	0.56	0.02	0.40	1.00	0.03	0.12	0.05	0.07	0.30	0.10	0.19	0.13	0.13	0.92	0.15	0.20	0.21	0.12	0.01	0.03
431E 1.00	0.51	0.18	0.21	0.31	0.71	0.33	0.55	0.39	0.31	0.65	0.22	0.31	0.20	0.32	0.35	0.40	0.39	0.52	0.19	1.00
432A 1.00	1.00	0.13	0.14	0.16	0.26	0.56	0.19	0.16	0.18	0.31	0.11	0.16	0.26	0.15	0.17	0.54	0.27	0.29	0.07	0.36
433L 0.97	0.02	0.24	0.00	0.01	0.05	0.00	0.00	0.25	0.01	1.00	0.06	0.00	0.01	0.01	0.01	0.01	0.01	0.07	0.01	0.01
434S 1.00	0.02	0.00	0.16	0.01	0.00	1.00	0.01	0.00	0.01	0.00	0.00	0.04	0.01	0.01	0.01	0.16	0.01	0.00	0.00	0.00
435H 1.00	0.92	0.12	0.22	0.27	0.22	0.35	0.23	0.23	0.30	0.33	0.12	0.29	0.38	0.22	0.23	0.88	1.00	0.39	0.07	0.29
436F 1.00	0.00	0.00	0.00	0.00	0.16	0.00	0.00	0.00	0.00	0.01	0.00	0.00	0.00	0.00	0.00	0.00	0.00	0.00	0.01	1.00
437L 1.00	0.44	0.13	0.03	0.06	0.07	0.07	0.02	0.45	0.07	0.41	0.10	0.04	0.10	0.05	0.04	0.32	0.30	1.00	0.01	0.03
438Y 1.00	0.00	0.00	0.00	0.00	1.00	0.00	0.00	0.00	0.00	0.01	0.00	0.00	0.00	0.00	0.00	0.00	0.00	0.00	0.01	0.16
439V 1.00	0.00	0.00	0.00	0.00	0.01	0.00	0.00	1.00	0.00	0.30	0.01	0.00	0.00	0.00	0.00	0.00	0.00	0.32	0.00	0.00
440P 1.00	0.04	0.01	0.00	0.01	0.01	0.00	0.00	1.00	0.01	0.08	0.02	0.00	0.16	0.01	0.01	0.01	0.03	0.55	0.00	0.01
441F 1.00	0.00	0.00	0.00	0.00	1.00	0.00	0.00	0.00	0.00	0.00	0.00	0.00	0.00	0.00	0.00	0.00	0.00	0.00	0.00	0.00
442L 1.00	1.00	0.05	0.04	0.05	0.02	0.33	0.01	0.03	0.06	0.21	0.03	0.04	0.12	0.04	0.04	0.28	0.48	0.09	0.01	0.02
443G 1.00	1.00	0.11	0.11	0.13	0.12	0.55	0.05	0.77	0.15	0.40	0.11	0.13	0.25	0.10	0.11	0.65	0.46	0.88	0.03	0.11
444V 1.00	0.14	0.01	0.00	0.01	0.45	0.01	0.00	1.00	0.01	0.50	0.04	0.01	0.01	0.01	0.01	0.01	0.03	0.58	0.00	0.01
445C 1.00	0.07	0.82	0.01	0.01	0.10	0.03	0.01	0.17	0.02	1.00	0.11	0.01	0.03	0.02	0.02	0.03	0.04	0.12	0.02	0.03
446V 1.00	0.02	0.00	0.00	0.00	0.16	0.01	0.00	0.65	0.01	0.86	0.15	0.00	0.01	0.01	0.01	0.01	0.01	1.00	0.00	0.01
447C 1.00	0.20	0.20	0.03	0.06	0.19	0.05	0.07	0.41	0.06	1.00	0.09	0.05	0.06	0.06	0.06	0.16	0.39	0.46	0.03	0.13
448G 1.00	1.00	0.12	0.28	0.17	0.21	0.64	0.09	0.11	0.20	0.22	0.08	0.33	0.29	0.14	0.14	0.85	0.69	0.23	0.05	0.17
449A 1.00	0.34	0.10	0.09	0.13	0.61	0.15	0.22	0.44	0.14	1.00	0.25	0.14	0.12	0.15	0.16	0.22	0.27	0.44	0.13	0.59
450I 1.00	0.18	0.01	0.00	0.00	0.01	0.00	0.00	1.00	0.00	0.04	0.01	0.00	0.01	0.00	0.00	0.00	0.02	0.38	0.00	0.00
pos	A	C	D	E	F	G	H	I	K	L	M	N	P	Q	R	S	T	V	W	Y
451Y 1.00	0.00	0.00	0.00	0.00	0.69	0.00	0.00	0.01	0.00	0.02	0.00	0.00	0.00	0.00	0.00	0.00	0.00	0.01	0.02	1.00
452T 1.00	0.21	0.05	0.02	0.04	0.17	0.02	0.02	0.88	0.05	1.00	0.21	0.03	0.06	0.05	0.04	0.08	0.56	0.72	0.02	0.03
453G 1.00	0.17	0.05	0.07	0.07	0.96	0.28	0.11	0.10	0.07	0.18	0.05	0.10	0.06	0.07	0.08	0.19	0.10	0.12	0.08	1.00
454L 1.00	0.03	0.01	0.00	0.01	0.93	0.01	0.01	0.16	0.01	1.00	0.21	0.01	0.01	0.02	0.01	0.01	0.02	0.30	0.01	0.01
455F 1.00	0.10	0.03	0.01	0.02	0.08	0.02	0.01	0.99	0.03	0.42	0.08	0.02	0.02	0.02	0.03	0.03	0.09	1.00	0.01	0.04
456L 1.00	0.01	0.00	0.00	0.00	0.01	0.00	0.00	0.36	0.00	0.37	0.01	0.00	0.00	0.00	0.00	0.00	0.01	1.00	0.00	0.00
457P 1.00	0.00	0.00	0.00	0.00	0.00	0.00	0.00	0.00	0.00	0.00	0.00	0.00	1.00	0.00	0.00	0.00	0.00	0.00	0.00	0.00
458E 1.00	0.00	0.00	0.00	1.00	0.00	0.00	0.00	0.00	0.00	0.00	0.00	0.00	0.00	0.00	0.00	0.00	0.00	0.00	0.00	0.00
459T 1.00	0.00	0.00	0.00	0.00	0.00	0.00	0.00	0.00	0.00	0.00	0.00	0.00	0.00	0.00	0.00	0.00	1.00	0.00	0.00	0.00
460K 1.00	0.00	0.00	0.00	0.01	0.00	0.00	0.00	0.00	1.00	0.00	0.00	0.00	0.00	0.01	0.21	0.00	0.01	0.00	0.00	0.00
461G 1.00	0.10	0.00	0.02	0.01	0.00	1.00	0.00	0.00	0.01	0.00	0.00	0.15	0.01	0.01	0.00	0.09	0.01	0.00	0.00	0.00
462K 1.00	0.01	0.00	0.00	0.01	0.00	0.01	0.01	0.00	0.66	0.01	0.00	0.01	0.01	0.02	1.00	0.01	0.01	0.00	0.00	0.00
463T 1.00	0.01	0.00	0.00	0.00	0.00	0.00	0.00	0.00	0.00	0.00	0.00	0.01	0.00	0.00	0.00	0.08	1.00	0.00	0.00	0.00
464F 1.00	0.00	0.00	0.00	0.00	1.00	0.00	0.00	0.00	0.00	0.01	0.00	0.00	0.00	0.00	0.00	0.00	0.00	0.00	0.01	0.15
465Q 1.00	0.43	0.03	0.54	1.00	0.04	0.18	0.08	0.13	0.46	0.17	0.06	0.23	0.18	0.37	0.23	0.33	0.29	0.23	0.01	0.04
466E 1.00	0.01	0.00	0.19	1.00	0.00	0.00	0.00	0.00	0.01	0.00	0.00	0.00	0.01	0.01	0.00	0.00	0.00	0.00	0.00	0.00
467I 1.00	0.00	0.00	0.00	0.00	0.00	0.00	0.00	1.00	0.00	0.00	0.00	0.00	0.00	0.00	0.00	0.00	0.00	0.00	0.00	0.00
468S 1.00	0.27	0.04	0.10	0.07	0.02	0.07	0.03	0.10	0.10	0.07	0.03	0.26	0.11	0.07	0.06	0.77	1.00	0.11	0.01	0.03
469K 1.00	0.13	0.10	0.05	0.13	0.08	0.08	0.16	0.07	0.61	0.13	0.04	0.10	0.07	0.58	1.00	0.33	0.11	0.09	0.03	0.17
470E 0.86	0.74	0.05	0.55	0.95	0.06	0.37	0.13	0.22	1.00	0.29	0.10	0.45	0.26	0.57	0.63	0.65	0.52	0.26	0.02	0.06
471L 0.86	0.09	0.02	0.02	0.04	1.00	0.13	0.05	0.11	0.08	0.45	0.07	0.04	0.03	0.05	0.18	0.06	0.05	0.09	0.02	0.09
472H 0.86	0.75	0.05	0.61	1.00	0.06	0.37	0.14	0.20	0.91	0.30	0.11	0.49	0.27	0.58	0.53	0.73	0.58	0.28	0.02	0.05
473R 0.72	0.06	0.01	0.02	0.08	0.01	0.09	0.04	0.02	1.00	0.05	0.09	0.05	0.04	0.41	0.78	0.05	0.13	0.03	0.01	0.02
474L 0.59	0.57	0.07	0.34	0.61	0.16	0.28	0.20	0.22	1.00	0.48	0.32	0.34	0.22	0.54	0.84	0.46	0.42	0.39	0.05	0.21
475N 0.59	0.02	0.00	0.13	0.03	0.00	0.06	0.09	0.00	0.16	0.01	0.00	1.00	0.01	0.02	0.02	0.05	0.08	0.00	0.00	0.01
pos	A	C	D	E	F	G	H	I	K	L	M	N	P	Q	R	S	T	V	W	Y
476F 0.34	0.47	0.14	0.17	0.22	0.91	0.34	0.44	0.32	0.23	0.69	0.18	0.25	0.17	0.24	0.28	0.41	0.32	0.40	0.15	1.00
477P 0.34	0.15	0.02	0.19	0.08	0.02	0.29	0.04	0.02	0.08	0.03	0.01	0.29	1.00	0.06	0.05	0.20	0.24	0.03	0.01	0.03
478R 0.34	0.11	0.01	0.07	0.77	0.02	0.07	0.07	0.04	0.80	0.09	0.03	0.10	0.08	0.21	1.00	0.09	0.11	0.06	0.01	0.04
479R 0.34	0.61	0.04	0.48	0.91	0.05	0.36	0.12	0.15	1.00	0.25	0.09	0.39	0.23	0.52	0.69	0.56	0.45	0.23	0.02	0.05
480A 0.34	0.65	0.04	0.47	1.00	0.04	0.26	0.09	0.11	0.75	0.18	0.07	0.30	0.19	0.40	0.33	0.51	0.35	0.18	0.01	0.03
481Q 0.34	0.24	0.01	0.17	1.00	0.01	0.05	0.02	0.02	0.33	0.04	0.01	0.06	0.05	0.47	0.08	0.08	0.07	0.03	0.00	0.01
482G 0.17	0.94	0.10	0.14	0.14	0.07	1.00	0.05	0.17	0.15	0.19	0.06	0.14	0.24	0.10	0.12	0.50	0.21	0.37	0.02	0.07
483P 0.17	1.00	0.10	0.08	0.13	0.06	0.29	0.03	0.29	0.13	0.26	0.09	0.07	0.95	0.09	0.08	0.33	0.31	0.84	0.02	0.04
484T 0.14	0.40	0.06	0.22	0.48	0.07	0.13	0.07	0.35	0.29	0.24	0.08	0.18	0.14	0.20	0.18	0.41	1.00	0.45	0.02	0.07
485W 0.10	0.46	0.08	0.09	0.14	0.44	0.17	0.17	0.40	0.16	1.00	0.23	0.13	0.12	0.14	0.16	0.21	0.22	0.40	0.35	0.41
486R 0.14	0.22	0.02	0.13	0.29	0.04	0.13	0.10	0.07	0.89	0.14	0.19	0.34	0.11	0.29	1.00	0.20	0.19	0.10	0.02	0.06
487S 0.10	0.13	0.01	0.13	0.36	0.01	0.08	0.02	0.02	0.10	0.03	0.01	0.09	0.05	0.07	0.05	1.00	0.11	0.04	0.01	0.02
488L 0.10	0.03	0.01	0.00	0.01	0.06	0.01	0.01	0.12	0.01	1.00	0.52	0.01	0.01	0.01	0.01	0.01	0.02	0.07	0.01	0.01
489E 0.10	0.17	0.01	0.25	1.00	0.02	0.10	0.04	0.04	0.21	0.06	0.02	0.30	0.08	0.38	0.11	0.15	0.12	0.06	0.01	0.02
490V 0.10	1.00	0.13	0.22	0.32	0.13	0.41	0.10	0.36	0.32	0.36	0.12	0.23	0.32	0.22	0.21	0.73	0.69	0.82	0.04	0.14
491I 0.10	0.02	0.01	0.00	0.00	0.02	0.00	0.00	1.00	0.01	0.09	0.02	0.00	0.00	0.00	0.00	0.01	0.02	0.44	0.00	0.01
492Q 0.10	0.05	0.00	0.04	0.09	0.01	0.03	0.03	0.02	0.45	0.03	0.01	0.04	0.03	1.00	0.14	0.04	0.04	0.02	0.00	0.01
493S 0.10	0.60	0.05	0.55	1.00	0.06	0.33	0.10	0.12	0.55	0.19	0.07	0.36	0.35	0.39	0.31	0.97	0.47	0.20	0.02	0.06
494T 0.10	0.00	0.00	0.00	0.00	0.00	0.00	0.00	0.00	0.00	0.00	0.00	0.00	0.00	0.00	0.00	0.00	1.00	0.00	0.00	0.00
495E 0.07	0.09	0.00	0.14	1.00	0.01	0.04	0.02	0.02	0.36	0.03	0.01	0.06	0.04	0.10	0.08	0.07	0.06	0.03	0.00	0.01
496L 0.03	0.00	0.00	0.00	0.00	0.00	0.00	0.00	0.00	0.00	1.00	0.00	0.00	0.00	0.00	0.00	0.00	0.00	0.00	0.00	0.00
