https://www.nature.com/articles/nprot.2015.123
Each row corresponds to a position in the reference protein.  Below each position is the fraction of sequences that contain one of the basic amino acids.  A low fraction indicates the position is either severely gapped or unalignable and has little information.  Expect poor prediction at these positions.
Each column corresponds to one of the twenty amino acids. 
Each entry contains the score at a particular position (row) for an amino acid substitution (column).  Substitutions predicted to be intolerant are highlighted in red.




pos	A	C	D	E	F	G	H	I	K	L	M	N	P	Q	R	S	T	V	W	Y
1M 0.21	0.00	0.00	0.00	0.00	0.00	0.00	0.00	0.00	0.00	0.00	1.00	0.00	0.00	0.00	0.00	0.00	0.00	0.00	0.00	0.00
2S 0.21	0.00	0.00	0.00	0.00	0.00	0.00	0.00	0.00	0.00	0.00	0.00	0.00	0.00	0.00	0.00	1.00	0.00	0.00	0.00	0.00
3R 0.21	0.00	0.00	0.00	0.00	0.00	0.00	0.00	0.00	0.00	0.00	0.00	0.00	0.00	0.00	1.00	0.00	0.00	0.00	0.00	0.00
4K 0.21	0.00	0.00	0.00	0.00	0.00	0.00	0.00	0.00	1.00	0.00	0.00	0.00	0.00	0.00	0.00	0.00	0.00	0.00	0.00	0.00
5A 0.21	1.00	0.00	0.00	0.00	0.00	0.00	0.00	0.00	0.00	0.00	0.00	0.00	0.00	0.00	0.00	0.00	0.00	0.00	0.00	0.00
6S 0.21	0.00	0.00	0.00	0.00	0.00	0.00	0.00	0.00	0.00	0.00	0.00	0.00	0.00	0.00	0.00	1.00	0.00	0.00	0.00	0.00
7E 0.21	0.00	0.00	0.00	1.00	0.00	0.00	0.00	0.00	0.00	0.00	0.00	0.00	0.00	0.00	0.00	0.00	0.00	0.00	0.00	0.00
8N 0.21	0.07	0.01	1.00	0.13	0.01	0.18	0.05	0.01	0.09	0.02	0.01	0.73	0.05	0.07	0.05	0.15	0.07	0.02	0.01	0.03
9V 0.21	0.00	0.00	0.00	0.00	0.00	0.00	0.00	0.00	0.00	0.00	0.00	0.00	0.00	0.00	0.00	0.00	0.00	1.00	0.00	0.00
10E 0.21	0.00	0.00	0.00	1.00	0.00	0.00	0.00	0.00	0.00	0.00	0.00	0.00	0.00	0.00	0.00	0.00	0.00	0.00	0.00	0.00
11Y 0.21	0.00	0.00	0.00	0.00	0.00	0.00	0.00	0.00	0.00	0.00	0.00	0.00	0.00	0.00	0.00	0.00	0.00	0.00	0.00	1.00
12T 0.21	0.00	0.00	0.00	0.00	0.00	0.00	0.00	0.00	0.00	0.00	0.00	0.00	0.00	0.00	0.00	0.00	1.00	0.00	0.00	0.00
13L 0.21	0.00	0.00	0.00	0.00	0.00	0.00	0.00	0.00	0.00	1.00	0.00	0.00	0.00	0.00	0.00	0.00	0.00	0.00	0.00	0.00
14R 0.21	0.00	0.00	0.00	0.00	0.00	0.00	0.00	0.00	0.00	0.00	0.00	0.00	0.00	0.00	1.00	0.00	0.00	0.00	0.00	0.00
15S 0.21	0.00	0.00	0.00	0.00	0.00	0.00	0.00	0.00	0.00	0.00	0.00	0.00	0.00	0.00	0.00	1.00	0.00	0.00	0.00	0.00
16L 0.21	0.00	0.00	0.00	0.00	0.00	0.00	0.00	0.00	0.00	1.00	0.00	0.00	0.00	0.00	0.00	0.00	0.00	0.00	0.00	0.00
17S 0.21	0.00	0.00	0.00	0.00	0.00	0.00	0.00	0.00	0.00	0.00	0.00	0.00	0.00	0.00	0.00	1.00	0.00	0.00	0.00	0.00
18S 0.21	0.00	0.00	0.00	0.00	0.00	0.00	0.00	0.00	0.00	0.00	0.00	0.00	0.00	0.00	0.00	1.00	0.00	0.00	0.00	0.00
19L 0.21	0.00	0.00	0.00	0.00	0.00	0.00	0.00	0.00	0.00	1.00	0.00	0.00	0.00	0.00	0.00	0.00	0.00	0.00	0.00	0.00
20M 0.21	0.00	0.00	0.00	0.00	0.00	0.00	0.00	0.00	0.00	0.00	1.00	0.00	0.00	0.00	0.00	0.00	0.00	0.00	0.00	0.00
21G 0.21	0.00	0.00	0.00	0.00	0.00	1.00	0.00	0.00	0.00	0.00	0.00	0.00	0.00	0.00	0.00	0.00	0.00	0.00	0.00	0.00
22E 0.21	0.00	0.00	0.00	1.00	0.00	0.00	0.00	0.00	0.00	0.00	0.00	0.00	0.00	0.00	0.00	0.00	0.00	0.00	0.00	0.00
23R 0.21	0.00	0.00	0.00	0.00	0.00	0.00	0.00	0.00	0.00	0.00	0.00	0.00	0.00	0.00	1.00	0.00	0.00	0.00	0.00	0.00
24R 0.21	0.00	0.00	0.00	0.00	0.00	0.00	0.00	0.00	0.00	0.00	0.00	0.00	0.00	0.00	1.00	0.00	0.00	0.00	0.00	0.00
25R 0.21	0.00	0.00	0.00	0.00	0.00	0.00	0.00	0.00	0.00	0.00	0.00	0.00	0.00	0.00	1.00	0.00	0.00	0.00	0.00	0.00
pos	A	C	D	E	F	G	H	I	K	L	M	N	P	Q	R	S	T	V	W	Y
26K 0.21	0.05	0.00	0.02	0.07	0.01	0.03	0.04	0.02	0.74	0.04	0.01	0.05	0.03	0.10	1.00	0.04	0.05	0.03	0.01	0.02
27Q 0.21	0.00	0.00	0.00	0.00	0.00	0.00	0.00	0.00	0.00	0.00	0.00	0.00	0.00	1.00	0.00	0.00	0.00	0.00	0.00	0.00
28P 0.21	0.00	0.00	0.00	0.00	0.00	0.00	0.00	0.00	0.00	0.00	0.00	0.00	1.00	0.00	0.00	0.00	0.00	0.00	0.00	0.00
29E 0.21	0.00	0.00	0.00	1.00	0.00	0.00	0.00	0.00	0.00	0.00	0.00	0.00	0.00	0.00	0.00	0.00	0.00	0.00	0.00	0.00
30P 0.21	0.00	0.00	0.00	0.00	0.00	0.00	0.00	0.00	0.00	0.00	0.00	0.00	1.00	0.00	0.00	0.00	0.00	0.00	0.00	0.00
31D 0.21	0.20	0.03	0.86	0.25	0.03	1.00	0.10	0.03	0.18	0.05	0.02	0.48	0.10	0.13	0.09	0.29	0.13	0.05	0.01	0.06
32A 0.21	1.00	0.00	0.00	0.00	0.00	0.00	0.00	0.00	0.00	0.00	0.00	0.00	0.00	0.00	0.00	0.00	0.00	0.00	0.00	0.00
33A 0.21	0.96	0.04	0.07	0.10	0.03	0.21	0.02	0.05	0.09	0.07	0.03	0.06	1.00	0.06	0.06	0.22	0.12	0.12	0.01	0.02
34S 0.07	0.00	0.00	0.00	0.00	0.00	0.00	0.00	0.00	0.00	0.00	0.00	0.00	0.00	0.00	0.00	1.00	0.00	0.00	0.00	0.00
35A 0.07	1.00	0.00	0.00	0.00	0.00	0.00	0.00	0.00	0.00	0.00	0.00	0.00	0.00	0.00	0.00	0.00	0.00	0.00	0.00	0.00
36A 0.21	0.81	0.03	0.05	0.05	0.02	1.00	0.01	0.02	0.05	0.04	0.02	0.04	0.08	0.03	0.03	0.16	0.06	0.05	0.01	0.02
37G 0.21	0.00	0.00	0.00	0.00	0.00	1.00	0.00	0.00	0.00	0.00	0.00	0.00	0.00	0.00	0.00	0.00	0.00	0.00	0.00	0.00
38E 0.21	0.00	0.00	0.00	1.00	0.00	0.00	0.00	0.00	0.00	0.00	0.00	0.00	0.00	0.00	0.00	0.00	0.00	0.00	0.00	0.00
39C 0.21	0.81	0.13	0.31	0.45	0.25	0.49	0.28	0.30	1.00	0.48	0.16	0.41	0.30	0.47	0.82	0.61	0.54	0.47	0.08	0.35
40S 0.21	0.00	0.00	0.00	0.00	0.00	0.00	0.00	0.00	0.00	0.00	0.00	0.00	0.00	0.00	0.00	1.00	0.00	0.00	0.00	0.00
41L 0.21	0.00	0.00	0.00	0.00	0.00	0.00	0.00	0.00	0.00	1.00	0.00	0.00	0.00	0.00	0.00	0.00	0.00	0.00	0.00	0.00
42L 0.21	0.00	0.00	0.00	0.00	0.00	0.00	0.00	0.00	0.00	1.00	0.00	0.00	0.00	0.00	0.00	0.00	0.00	0.00	0.00	0.00
43A 0.21	1.00	0.00	0.00	0.00	0.00	0.00	0.00	0.00	0.00	0.00	0.00	0.00	0.00	0.00	0.00	0.00	0.00	0.00	0.00	0.00
44A 0.21	1.00	0.00	0.00	0.00	0.00	0.00	0.00	0.00	0.00	0.00	0.00	0.00	0.00	0.00	0.00	0.00	0.00	0.00	0.00	0.00
45A 0.07	1.00	0.00	0.00	0.00	0.00	0.00	0.00	0.00	0.00	0.00	0.00	0.00	0.00	0.00	0.00	0.00	0.00	0.00	0.00	0.00
46E 0.21	0.00	0.00	0.00	1.00	0.00	0.00	0.00	0.00	0.00	0.00	0.00	0.00	0.00	0.00	0.00	0.00	0.00	0.00	0.00	0.00
47S 0.21	0.00	0.00	0.00	0.00	0.00	0.00	0.00	0.00	0.00	0.00	0.00	0.00	0.00	0.00	0.00	1.00	0.00	0.00	0.00	0.00
48S 0.21	1.00	0.02	0.04	0.05	0.01	0.12	0.01	0.02	0.05	0.03	0.01	0.04	0.06	0.03	0.03	0.62	0.10	0.05	0.00	0.01
49T 0.21	1.00	0.04	0.08	0.10	0.03	0.13	0.03	0.09	0.10	0.09	0.03	0.08	0.09	0.07	0.07	0.27	0.71	0.19	0.01	0.03
50S 0.21	0.00	0.00	0.00	0.00	0.00	0.00	0.00	0.00	0.00	0.00	0.00	0.00	0.00	0.00	0.00	1.00	0.00	0.00	0.00	0.00
pos	A	C	D	E	F	G	H	I	K	L	M	N	P	Q	R	S	T	V	W	Y
51L 0.21	0.00	0.00	0.00	0.00	0.00	0.00	0.00	0.00	0.00	1.00	0.00	0.00	0.00	0.00	0.00	0.00	0.00	0.00	0.00	0.00
52Q 0.21	0.00	0.00	0.00	0.00	0.00	0.00	0.00	0.00	0.00	0.00	0.00	0.00	0.00	1.00	0.00	0.00	0.00	0.00	0.00	0.00
53S 0.21	0.30	0.03	0.13	0.08	0.02	1.00	0.03	0.02	0.08	0.04	0.02	0.13	0.09	0.05	0.05	0.69	0.11	0.06	0.01	0.03
54A 0.21	1.00	0.00	0.00	0.00	0.00	0.00	0.00	0.00	0.00	0.00	0.00	0.00	0.00	0.00	0.00	0.00	0.00	0.00	0.00	0.00
55G 0.07	0.00	0.00	0.00	0.00	0.00	1.00	0.00	0.00	0.00	0.00	0.00	0.00	0.00	0.00	0.00	0.00	0.00	0.00	0.00	0.00
56A 0.07	1.00	0.00	0.00	0.00	0.00	0.00	0.00	0.00	0.00	0.00	0.00	0.00	0.00	0.00	0.00	0.00	0.00	0.00	0.00	0.00
57G 0.07	0.00	0.00	0.00	0.00	0.00	1.00	0.00	0.00	0.00	0.00	0.00	0.00	0.00	0.00	0.00	0.00	0.00	0.00	0.00	0.00
58G 0.07	0.00	0.00	0.00	0.00	0.00	1.00	0.00	0.00	0.00	0.00	0.00	0.00	0.00	0.00	0.00	0.00	0.00	0.00	0.00	0.00
59G 0.07	0.00	0.00	0.00	0.00	0.00	1.00	0.00	0.00	0.00	0.00	0.00	0.00	0.00	0.00	0.00	0.00	0.00	0.00	0.00	0.00
60G 0.07	0.00	0.00	0.00	0.00	0.00	1.00	0.00	0.00	0.00	0.00	0.00	0.00	0.00	0.00	0.00	0.00	0.00	0.00	0.00	0.00
61V 0.07	0.00	0.00	0.00	0.00	0.00	0.00	0.00	0.00	0.00	0.00	0.00	0.00	0.00	0.00	0.00	0.00	0.00	1.00	0.00	0.00
62G 0.21	0.00	0.00	0.00	0.00	0.00	1.00	0.00	0.00	0.00	0.00	0.00	0.00	0.00	0.00	0.00	0.00	0.00	0.00	0.00	0.00
63D 0.36	0.45	0.03	0.60	1.00	0.03	0.26	0.08	0.09	0.46	0.14	0.05	0.29	0.17	0.36	0.23	0.36	0.27	0.14	0.01	0.04
64L 0.36	0.13	0.03	0.09	0.08	0.17	0.05	0.04	0.53	0.07	1.00	0.18	0.05	0.05	0.06	0.06	0.07	0.10	0.42	0.03	0.08
65E 0.36	0.24	0.01	0.19	1.00	0.01	0.06	0.02	0.02	0.10	0.03	0.01	0.05	0.05	0.10	0.04	0.07	0.05	0.04	0.00	0.01
66R 0.36	0.08	0.01	0.04	0.10	0.01	0.05	0.04	0.03	0.48	0.05	0.02	0.07	0.05	0.12	1.00	0.25	0.08	0.04	0.01	0.02
67A 0.36	1.00	0.00	0.00	0.00	0.00	0.00	0.00	0.00	0.00	0.00	0.00	0.00	0.00	0.00	0.00	0.00	0.00	0.00	0.00	0.00
68A 0.36	1.00	0.14	0.58	0.78	0.38	0.57	0.31	0.29	0.49	0.47	0.16	0.45	0.32	0.40	0.34	0.68	0.49	0.44	0.10	0.48
69R 0.36	0.03	0.00	0.01	0.04	0.01	0.02	0.02	0.01	0.58	0.03	0.01	0.03	0.02	0.06	1.00	0.03	0.03	0.02	0.00	0.01
70R 0.36	0.16	0.01	0.12	0.40	0.02	0.09	0.05	0.05	0.36	0.08	0.03	0.12	0.07	0.17	1.00	0.15	0.31	0.07	0.01	0.03
71Q 0.36	0.63	0.20	0.55	0.98	0.13	0.36	0.18	0.19	0.73	0.30	0.10	0.42	0.25	1.00	0.46	0.55	0.45	0.30	0.04	0.17
72F 0.36	0.00	0.00	0.00	0.00	1.00	0.00	0.00	0.00	0.00	0.00	0.00	0.00	0.00	0.00	0.00	0.00	0.00	0.00	0.00	0.00
73Q 0.43	0.40	0.04	0.31	0.49	0.05	0.21	0.10	0.11	0.61	0.18	0.07	0.28	0.16	1.00	0.56	0.63	0.60	0.17	0.02	0.06
74Q 0.43	0.43	0.04	0.32	0.73	0.06	0.23	0.14	0.13	0.95	0.35	0.08	0.30	0.19	0.76	1.00	0.39	0.34	0.19	0.03	0.09
75D 0.43	0.46	0.12	0.62	0.30	0.07	0.34	0.12	0.13	0.29	0.16	0.06	0.51	0.20	0.21	0.17	0.84	1.00	0.22	0.03	0.10
pos	A	C	D	E	F	G	H	I	K	L	M	N	P	Q	R	S	T	V	W	Y
76E 0.43	0.46	0.04	0.52	1.00	0.10	0.30	0.15	0.13	0.69	0.22	0.08	0.34	0.20	0.42	0.42	0.42	0.33	0.19	0.06	0.13
77T 0.43	0.22	0.14	0.09	0.10	0.03	0.09	0.04	0.08	0.25	0.09	0.04	0.13	0.09	0.09	0.10	0.38	1.00	0.15	0.01	0.04
78P 0.43	0.42	0.06	0.69	0.29	0.05	0.76	0.16	0.04	0.28	0.08	0.03	0.94	1.00	0.18	0.16	0.52	0.24	0.09	0.02	0.10
79A 0.43	1.00	0.03	0.04	0.05	0.01	0.16	0.01	0.02	0.04	0.04	0.02	0.03	0.21	0.03	0.03	0.30	0.08	0.06	0.00	0.01
80F 0.86	0.01	0.00	0.00	0.00	1.00	0.00	0.00	0.02	0.00	0.04	0.01	0.00	0.00	0.00	0.00	0.01	0.00	0.01	0.04	0.68
81V 0.86	0.07	0.02	0.01	0.01	0.02	0.01	0.00	0.77	0.01	0.13	0.03	0.01	0.01	0.01	0.01	0.02	0.37	1.00	0.00	0.01
82Y 0.86	0.13	0.04	0.04	0.06	0.49	0.07	0.10	0.40	0.07	1.00	0.36	0.06	0.05	0.07	0.08	0.08	0.10	0.23	0.06	0.65
83V 0.93	1.00	0.15	0.38	0.60	0.42	0.55	0.35	0.38	0.69	0.67	0.20	0.40	0.32	0.46	0.56	0.71	0.52	0.52	0.11	0.55
84V 0.93	0.73	0.12	0.14	0.22	0.12	0.16	0.08	0.48	0.22	0.44	0.13	0.15	0.19	0.16	0.14	0.42	0.61	1.00	0.03	0.11
85A 1.00	1.00	0.01	0.01	0.01	0.00	0.04	0.00	0.01	0.01	0.01	0.01	0.02	0.02	0.01	0.01	0.45	0.18	0.02	0.00	0.00
86V 1.00	0.44	0.05	0.02	0.04	0.14	0.02	0.03	0.29	0.05	0.39	0.07	0.03	0.05	0.04	0.03	0.05	0.31	1.00	0.01	0.05
87F 1.00	0.61	0.16	0.17	0.22	0.42	0.20	0.27	0.66	0.24	0.62	0.19	0.27	0.22	0.21	0.22	0.72	1.00	0.98	0.10	0.48
88S 1.00	1.00	0.01	0.01	0.01	0.01	0.07	0.00	0.01	0.01	0.01	0.01	0.01	0.03	0.01	0.01	0.78	0.04	0.02	0.00	0.00
89A 1.00	1.00	0.05	0.04	0.05	0.02	0.52	0.01	0.03	0.05	0.19	0.03	0.04	0.12	0.04	0.04	0.24	0.09	0.08	0.01	0.02
90L 1.00	0.02	0.01	0.00	0.01	0.04	0.01	0.00	1.00	0.01	0.92	0.04	0.01	0.01	0.01	0.01	0.01	0.02	0.56	0.00	0.01
91G 1.00	0.09	0.01	0.03	0.01	0.00	1.00	0.01	0.00	0.01	0.01	0.00	0.03	0.02	0.01	0.01	0.40	0.02	0.01	0.00	0.00
92G 1.00	0.00	0.00	0.00	0.00	0.00	1.00	0.00	0.00	0.00	0.00	0.00	0.00	0.00	0.00	0.00	0.00	0.00	0.00	0.00	0.00
93F 1.00	0.03	0.01	0.00	0.01	0.46	0.01	0.01	0.21	0.01	1.00	0.09	0.01	0.01	0.01	0.01	0.01	0.02	0.08	0.01	0.02
94L 1.00	0.01	0.00	0.00	0.00	0.02	0.00	0.00	0.13	0.00	1.00	0.02	0.00	0.00	0.00	0.00	0.00	0.01	0.12	0.00	0.00
95F 1.00	0.04	0.01	0.01	0.01	1.00	0.01	0.00	0.12	0.01	0.17	0.04	0.01	0.01	0.01	0.01	0.02	0.03	0.41	0.04	0.17
96G 1.00	0.00	0.00	0.00	0.00	0.00	1.00	0.00	0.00	0.00	0.00	0.00	0.00	0.00	0.00	0.00	0.00	0.00	0.00	0.00	0.00
97Y 1.00	0.00	0.00	0.00	0.00	0.00	0.00	0.00	0.00	0.00	0.00	0.00	0.00	0.00	0.00	0.00	0.00	0.00	0.00	0.00	1.00
98D 1.00	0.03	0.00	1.00	0.82	0.00	0.03	0.01	0.00	0.04	0.01	0.00	0.17	0.02	0.04	0.01	0.03	0.02	0.01	0.00	0.01
99T 1.00	0.28	0.06	0.06	0.07	0.19	0.07	0.03	0.43	0.10	1.00	0.22	0.09	0.10	0.08	0.08	0.29	0.48	0.44	0.03	0.06
100G 1.00	0.00	0.00	0.00	0.00	0.00	1.00	0.00	0.00	0.00	0.00	0.00	0.00	0.00	0.00	0.00	0.00	0.00	0.00	0.00	0.00
pos	A	C	D	E	F	G	H	I	K	L	M	N	P	Q	R	S	T	V	W	Y
101V 1.00	0.01	0.00	0.00	0.00	0.01	0.00	0.00	0.65	0.00	0.13	0.01	0.00	0.00	0.00	0.00	0.00	0.01	1.00	0.00	0.00
102V 1.00	0.01	0.00	0.00	0.00	0.01	0.00	0.00	1.00	0.00	0.05	0.01	0.00	0.00	0.00	0.00	0.00	0.01	0.52	0.00	0.00
103S 1.00	0.13	0.01	0.01	0.01	0.00	0.03	0.00	0.00	0.01	0.01	0.00	0.01	0.01	0.00	0.00	1.00	0.02	0.01	0.00	0.00
104G 1.00	0.00	0.00	0.00	0.00	0.00	1.00	0.00	0.00	0.00	0.00	0.00	0.00	0.00	0.00	0.00	0.00	0.00	0.00	0.00	0.00
105A 1.00	1.00	0.00	0.00	0.00	0.00	0.00	0.00	0.00	0.00	0.00	0.00	0.00	0.00	0.00	0.00	0.00	0.00	0.00	0.00	0.00
106M 1.00	0.01	0.00	0.00	0.00	0.03	0.00	0.00	0.05	0.00	1.00	0.42	0.00	0.00	0.00	0.00	0.00	0.01	0.03	0.00	0.00
107L 1.00	0.00	0.00	0.00	0.00	0.00	0.00	0.00	0.00	0.00	1.00	0.00	0.00	0.00	0.00	0.00	0.00	0.00	0.00	0.00	0.00
108L 1.00	0.41	0.14	0.16	0.21	0.63	0.25	0.42	0.42	0.23	1.00	0.28	0.24	0.16	0.36	0.27	0.31	0.31	0.48	0.15	0.87
109L 1.00	0.02	0.01	0.00	0.01	0.05	0.00	0.00	0.82	0.01	1.00	0.06	0.00	0.01	0.01	0.01	0.01	0.01	0.10	0.01	0.01
110K 1.00	0.02	0.00	0.00	0.03	0.00	0.01	0.02	0.01	1.00	0.02	0.01	0.02	0.01	0.16	0.68	0.02	0.02	0.01	0.00	0.01
111R 1.00	0.73	0.05	0.62	1.00	0.05	0.37	0.12	0.18	0.91	0.29	0.10	0.48	0.27	0.57	0.53	0.72	0.58	0.28	0.02	0.04
112Q 1.00	0.69	0.05	0.61	1.00	0.07	0.35	0.13	0.18	0.83	0.30	0.10	0.44	0.26	0.55	0.47	0.66	0.52	0.27	0.02	0.07
113L 1.00	0.06	0.02	0.02	0.03	0.44	0.03	0.04	0.20	0.03	1.00	0.38	0.03	0.03	0.03	0.03	0.04	0.04	0.35	0.03	0.20
114S 1.00	0.75	0.05	0.63	1.00	0.05	0.38	0.12	0.18	0.91	0.29	0.10	0.48	0.27	0.59	0.54	0.73	0.57	0.28	0.02	0.04
115L 1.00	0.26	0.03	0.14	0.39	0.08	0.14	0.13	0.13	0.84	1.00	0.07	0.18	0.13	0.32	0.69	0.22	0.22	0.25	0.03	0.11
116D 1.00	0.73	0.07	1.00	0.96	0.06	0.68	0.20	0.17	0.91	0.27	0.10	0.98	0.31	0.57	0.50	0.96	0.75	0.26	0.03	0.09
117A 1.00	1.00	0.80	0.12	0.14	0.04	0.19	0.04	0.08	0.28	0.10	0.04	0.14	0.14	0.10	0.10	0.65	0.83	0.15	0.01	0.04
118L 1.00	0.51	0.18	0.20	0.27	0.80	0.33	0.63	0.40	0.29	0.72	0.31	0.31	0.20	0.33	0.35	0.40	0.42	0.50	0.25	1.00
119W 1.00	0.37	0.05	0.50	1.00	0.23	0.19	0.20	0.24	0.52	0.55	0.15	0.20	0.19	0.39	0.36	0.25	0.25	0.25	0.09	0.26
120Q 1.00	0.00	0.00	0.00	0.00	0.00	0.00	0.00	0.00	0.00	0.00	0.00	0.00	0.00	1.00	0.00	0.00	0.00	0.00	0.00	0.00
121E 1.00	0.03	0.00	0.05	1.00	0.00	0.01	0.01	0.00	0.02	0.01	0.00	0.01	0.01	0.02	0.01	0.09	0.01	0.01	0.00	0.00
122L 1.00	0.34	0.04	0.02	0.04	0.12	0.02	0.02	0.52	0.04	1.00	0.44	0.03	0.05	0.04	0.03	0.04	0.29	0.46	0.02	0.03
123L 1.00	0.03	0.01	0.01	0.01	0.04	0.01	0.00	0.92	0.01	1.00	0.04	0.01	0.01	0.01	0.01	0.01	0.03	0.87	0.01	0.01
124V 1.00	0.00	0.00	0.00	0.00	0.00	0.00	0.00	0.00	0.00	0.00	0.00	0.00	0.00	0.00	0.00	0.00	0.00	1.00	0.00	0.00
125S 1.00	0.00	0.00	0.00	0.00	0.00	0.00	0.00	0.00	0.00	0.00	0.00	0.00	0.00	0.00	0.00	1.00	0.00	0.00	0.00	0.00
pos	A	C	D	E	F	G	H	I	K	L	M	N	P	Q	R	S	T	V	W	Y
126S 1.00	1.00	0.10	0.09	0.11	0.04	0.54	0.03	0.05	0.12	0.10	0.06	0.08	0.24	0.08	0.08	0.53	0.20	0.16	0.02	0.04
127T 1.00	0.54	0.09	0.03	0.08	0.06	0.02	0.02	0.47	0.08	0.41	0.11	0.04	0.10	0.06	0.05	0.09	0.37	1.00	0.01	0.03
128V 1.00	0.03	0.01	0.00	0.01	0.03	0.00	0.00	0.15	0.01	0.81	0.04	0.00	0.01	0.01	0.01	0.01	0.02	1.00	0.00	0.01
129G 1.00	0.46	0.12	0.13	0.18	0.44	0.27	0.29	0.98	0.19	0.74	0.19	0.19	0.15	0.18	0.21	0.31	0.28	1.00	0.11	0.55
130A 1.00	0.53	0.01	0.01	0.01	0.00	1.00	0.00	0.00	0.01	0.01	0.00	0.01	0.02	0.01	0.01	0.05	0.02	0.02	0.00	0.00
131A 1.00	1.00	0.00	0.00	0.00	0.00	0.00	0.00	0.00	0.00	0.00	0.00	0.00	0.00	0.00	0.00	0.00	0.00	0.00	0.00	0.00
132A 1.00	0.20	0.02	0.01	0.02	0.17	0.01	0.02	0.40	0.02	1.00	0.22	0.02	0.03	0.03	0.02	0.02	0.04	0.20	0.02	0.03
133V 1.00	0.02	0.00	0.00	0.00	0.02	0.00	0.00	0.27	0.01	0.55	0.02	0.00	0.00	0.00	0.00	0.00	0.01	1.00	0.00	0.01
134S 1.00	1.00	0.02	0.01	0.01	0.01	0.49	0.00	0.01	0.02	0.01	0.01	0.01	0.04	0.01	0.01	0.25	0.03	0.02	0.00	0.00
135A 1.00	1.00	0.01	0.01	0.01	0.00	0.06	0.00	0.01	0.01	0.01	0.01	0.01	0.03	0.01	0.01	0.66	0.03	0.02	0.00	0.00
136L 1.00	0.37	0.02	0.01	0.02	0.08	0.05	0.01	0.17	0.03	1.00	0.10	0.02	0.04	0.03	0.02	0.06	0.05	0.15	0.01	0.02
137A 1.00	0.47	0.08	0.02	0.06	0.05	0.01	0.02	0.55	0.06	0.31	0.09	0.03	0.09	0.05	0.04	0.07	0.32	1.00	0.01	0.02
138G 1.00	0.00	0.00	0.00	0.00	0.00	1.00	0.00	0.00	0.00	0.00	0.00	0.00	0.00	0.00	0.00	0.00	0.00	0.00	0.00	0.00
139G 1.00	0.00	0.00	0.00	0.00	0.00	1.00	0.00	0.00	0.00	0.00	0.00	0.00	0.00	0.00	0.00	0.00	0.00	0.00	0.00	0.00
140A 1.00	0.65	0.19	0.18	0.26	0.63	0.27	0.45	0.66	0.27	0.79	0.25	0.27	0.22	0.27	0.30	0.36	0.48	1.00	0.16	0.83
141L 1.00	0.13	0.01	0.01	0.01	0.07	0.01	0.02	0.51	0.02	1.00	0.07	0.01	0.01	0.02	0.02	0.02	0.03	0.15	0.01	0.12
142N 1.00	0.42	0.09	0.37	0.22	0.20	0.34	0.12	0.94	0.29	0.94	0.22	0.46	0.17	0.17	0.21	0.42	0.46	1.00	0.04	0.11
143G 1.00	0.13	0.02	1.00	0.15	0.02	0.57	0.08	0.01	0.11	0.03	0.01	0.40	0.08	0.08	0.06	0.21	0.09	0.02	0.01	0.04
144V 1.00	0.70	0.16	0.32	0.55	0.58	0.40	0.52	0.40	1.00	0.68	0.22	0.42	0.28	0.54	0.89	0.54	0.52	0.56	0.16	0.84
145F 1.00	0.14	0.05	0.05	0.07	0.87	0.09	0.14	0.13	0.07	0.61	0.07	0.08	0.06	0.07	0.09	0.20	0.11	0.16	0.21	1.00
146G 1.00	0.00	0.00	0.00	0.00	0.00	1.00	0.00	0.00	0.00	0.00	0.00	0.00	0.00	0.00	0.00	0.00	0.00	0.00	0.00	0.00
147R 1.00	0.00	0.00	0.00	0.00	0.00	0.00	0.00	0.00	0.00	0.00	0.00	0.00	0.00	0.00	1.00	0.00	0.00	0.00	0.00	0.00
148R 1.00	0.01	0.00	0.00	0.01	0.00	0.01	0.01	0.00	0.13	0.01	0.00	0.01	0.01	0.02	1.00	0.01	0.01	0.00	0.00	0.00
149A 1.00	0.69	0.04	0.26	0.41	0.05	0.18	0.07	0.11	0.52	0.25	0.33	0.23	0.14	0.25	0.23	0.95	1.00	0.18	0.02	0.06
150A 1.00	1.00	0.01	0.01	0.01	0.00	0.03	0.00	0.01	0.01	0.01	0.00	0.01	0.02	0.01	0.01	0.35	0.16	0.02	0.00	0.00
pos	A	C	D	E	F	G	H	I	K	L	M	N	P	Q	R	S	T	V	W	Y
151I 1.00	0.02	0.00	0.00	0.00	0.01	0.00	0.00	1.00	0.00	0.04	0.01	0.00	0.00	0.00	0.00	0.00	0.09	0.18	0.00	0.00
152L 1.00	0.01	0.00	0.00	0.00	0.03	0.00	0.00	0.39	0.00	1.00	0.12	0.00	0.01	0.01	0.00	0.00	0.01	0.04	0.00	0.00
153L 1.00	0.14	0.03	0.03	0.04	0.27	0.09	0.06	0.35	0.04	1.00	0.20	0.04	0.04	0.05	0.05	0.05	0.06	0.18	0.03	0.11
154A 1.00	1.00	0.01	0.01	0.01	0.00	0.04	0.00	0.01	0.02	0.01	0.01	0.02	0.03	0.01	0.01	0.59	0.21	0.02	0.00	0.00
155S 1.00	0.11	0.02	0.82	0.15	0.02	0.33	0.10	0.01	0.14	0.03	0.01	0.70	0.08	0.10	0.07	1.00	0.15	0.02	0.01	0.05
156A 1.00	0.42	0.10	0.04	0.08	0.15	0.04	0.07	0.62	0.09	0.54	0.14	0.06	0.10	0.07	0.07	0.10	0.29	1.00	0.03	0.13
157L 1.00	0.02	0.00	0.00	0.00	0.02	0.00	0.00	0.07	0.00	1.00	0.03	0.00	0.01	0.01	0.00	0.00	0.01	0.28	0.00	0.00
158F 1.00	0.15	0.11	0.02	0.04	0.38	0.04	0.05	0.44	0.05	1.00	0.20	0.04	0.05	0.05	0.05	0.05	0.10	0.45	0.04	0.12
159T 1.00	1.00	0.14	0.25	0.35	0.28	0.55	0.21	0.30	0.36	0.50	0.15	0.26	0.29	0.27	0.27	0.71	0.54	0.42	0.07	0.34
160A 1.00	0.36	0.05	0.02	0.04	0.20	0.03	0.03	0.73	0.05	1.00	0.19	0.03	0.05	0.05	0.04	0.05	0.15	0.84	0.02	0.06
161G 1.00	0.14	0.01	0.01	0.01	0.00	1.00	0.00	0.00	0.01	0.01	0.00	0.01	0.01	0.00	0.00	0.03	0.01	0.01	0.00	0.00
162S 1.00	0.50	0.01	0.04	0.02	0.01	0.06	0.01	0.01	0.02	0.01	0.01	0.15	0.03	0.02	0.01	1.00	0.08	0.02	0.00	0.01
163A 1.00	0.37	0.03	0.01	0.03	0.13	0.02	0.01	0.68	0.03	1.00	0.17	0.02	0.04	0.03	0.03	0.03	0.09	0.42	0.02	0.03
164V 1.00	0.01	0.00	0.00	0.00	0.01	0.00	0.00	0.38	0.00	0.14	0.01	0.00	0.00	0.00	0.00	0.00	0.01	1.00	0.00	0.00
165L 1.00	0.03	0.01	0.00	0.01	0.06	0.01	0.01	0.12	0.01	1.00	0.37	0.01	0.08	0.01	0.01	0.01	0.02	0.07	0.01	0.01
166A 1.00	0.48	0.07	0.02	0.05	0.06	0.02	0.01	0.68	0.06	0.34	0.09	0.03	0.07	0.04	0.03	0.06	0.24	1.00	0.01	0.02
167A 1.00	0.29	0.05	0.02	0.04	0.21	0.03	0.04	0.61	0.05	1.00	0.23	0.04	0.06	0.05	0.05	0.05	0.13	0.60	0.03	0.07
168A 1.00	1.00	0.01	0.02	0.02	0.01	0.04	0.01	0.03	0.02	0.03	0.01	0.03	0.03	0.02	0.01	0.40	0.34	0.17	0.00	0.01
169N 1.00	1.00	0.18	0.64	0.97	0.56	0.54	0.51	0.44	0.93	0.74	0.25	0.63	0.40	0.67	0.66	0.90	0.76	0.62	0.15	0.77
170N 1.00	0.47	0.04	0.40	0.25	0.03	0.20	0.07	0.06	0.24	0.09	0.04	0.90	0.12	0.16	0.14	1.00	0.63	0.10	0.01	0.04
171K 1.00	0.56	0.18	0.24	0.34	0.70	0.37	0.57	0.41	0.55	0.69	0.23	0.36	0.24	0.38	0.56	0.45	0.44	0.52	0.19	1.00
172E 1.00	0.64	0.19	0.35	0.45	0.70	0.42	0.56	0.42	0.44	0.69	0.23	0.44	0.26	0.39	0.43	0.58	0.56	0.54	0.19	1.00
173T 1.00	0.59	0.15	0.17	0.21	0.36	0.20	0.25	0.56	0.24	0.61	0.19	0.26	0.21	0.21	0.22	0.69	1.00	0.91	0.11	0.45
174L 1.00	0.01	0.00	0.00	0.00	0.02	0.00	0.00	0.19	0.00	1.00	0.02	0.00	0.00	0.00	0.00	0.00	0.01	0.03	0.00	0.00
175L 1.00	0.01	0.00	0.00	0.00	0.02	0.00	0.00	1.00	0.00	0.56	0.02	0.00	0.00	0.00	0.00	0.00	0.01	0.40	0.00	0.01
pos	A	C	D	E	F	G	H	I	K	L	M	N	P	Q	R	S	T	V	W	Y
176A 1.00	1.00	0.08	0.16	0.24	0.19	0.38	0.15	0.18	0.24	0.34	0.14	0.17	0.17	0.18	0.18	0.45	0.24	0.66	0.05	0.25
177G 1.00	0.00	0.00	0.00	0.00	0.00	1.00	0.00	0.00	0.00	0.00	0.00	0.00	0.00	0.00	0.00	0.00	0.00	0.00	0.00	0.00
178R 1.00	0.00	0.00	0.00	0.00	0.00	0.00	0.00	0.00	0.00	0.00	0.00	0.00	0.00	0.00	1.00	0.00	0.00	0.00	0.00	0.00
179L 1.00	0.03	0.01	0.01	0.01	0.04	0.01	0.00	0.92	0.01	1.00	0.04	0.01	0.01	0.01	0.01	0.01	0.03	0.84	0.00	0.01
180V 1.00	0.49	0.08	0.04	0.08	0.27	0.04	0.07	0.44	0.08	0.50	0.12	0.06	0.09	0.07	0.07	0.10	0.35	1.00	0.03	0.12
181V 1.00	0.01	0.00	0.00	0.00	0.01	0.00	0.00	0.56	0.00	0.05	0.01	0.00	0.00	0.00	0.00	0.00	0.01	1.00	0.00	0.00
182G 1.00	0.00	0.00	0.00	0.00	0.00	1.00	0.00	0.00	0.00	0.00	0.00	0.00	0.00	0.00	0.00	0.00	0.00	0.00	0.00	0.00
183L 1.00	0.04	0.01	0.01	0.01	0.41	0.01	0.01	0.24	0.01	1.00	0.11	0.01	0.02	0.02	0.01	0.01	0.03	0.46	0.02	0.03
184G 1.00	0.48	0.03	0.03	0.03	0.09	1.00	0.01	0.02	0.03	0.03	0.01	0.03	0.07	0.02	0.02	0.45	0.06	0.05	0.01	0.02
185I 1.00	0.01	0.00	0.00	0.00	0.01	0.00	0.00	1.00	0.00	0.04	0.01	0.00	0.00	0.00	0.00	0.00	0.01	0.47	0.00	0.00
186G 1.00	0.14	0.01	0.04	0.02	0.01	1.00	0.01	0.01	0.02	0.01	0.01	0.05	0.04	0.02	0.01	0.69	0.04	0.02	0.00	0.01
187I 1.00	0.03	0.01	0.00	0.01	0.05	0.01	0.00	1.00	0.01	0.73	0.41	0.01	0.01	0.01	0.01	0.01	0.02	0.36	0.01	0.01
188A 1.00	1.00	0.01	0.01	0.01	0.00	0.06	0.00	0.01	0.01	0.01	0.01	0.01	0.03	0.01	0.01	0.66	0.03	0.02	0.00	0.00
189S 1.00	0.13	0.01	0.01	0.01	0.00	0.03	0.00	0.00	0.01	0.01	0.00	0.01	0.01	0.00	0.00	1.00	0.02	0.01	0.00	0.00
190M 1.00	0.06	0.01	0.00	0.01	0.02	0.00	0.00	0.48	0.01	0.11	1.00	0.01	0.01	0.01	0.01	0.01	0.12	0.31	0.00	0.01
191T 1.00	0.70	0.01	0.02	0.02	0.01	0.05	0.00	0.02	0.02	0.02	0.01	0.02	0.03	0.01	0.01	0.11	1.00	0.05	0.00	0.01
192V 1.00	0.71	0.18	0.10	0.13	0.07	0.15	0.05	0.36	0.14	0.28	0.10	0.15	0.18	0.11	0.09	0.68	1.00	0.92	0.02	0.06
193P 1.00	1.00	0.14	0.13	0.12	0.07	0.56	0.04	0.11	0.13	0.17	0.06	0.13	0.29	0.09	0.10	0.53	0.27	0.28	0.03	0.06
194V 1.00	0.01	0.00	0.00	0.00	0.01	0.00	0.00	0.33	0.00	0.36	0.01	0.00	0.00	0.00	0.00	0.00	0.01	1.00	0.00	0.01
195Y 1.00	0.00	0.00	0.00	0.00	0.00	0.00	0.00	0.00	0.00	0.00	0.00	0.00	0.00	0.00	0.00	0.00	0.00	0.00	0.00	1.00
196I 1.00	0.01	0.00	0.00	0.00	0.01	0.00	0.00	1.00	0.00	0.03	0.01	0.00	0.00	0.00	0.00	0.00	0.01	0.22	0.00	0.00
197A 1.00	1.00	0.01	0.01	0.01	0.00	0.05	0.00	0.01	0.01	0.01	0.00	0.01	0.03	0.01	0.01	0.55	0.03	0.02	0.00	0.00
198E 1.00	0.00	0.00	0.00	1.00	0.00	0.00	0.00	0.00	0.00	0.00	0.00	0.00	0.00	0.00	0.00	0.00	0.00	0.00	0.00	0.00
199V 1.00	0.38	0.03	0.01	0.02	0.05	0.01	0.01	0.92	0.03	0.39	0.15	0.01	0.03	0.02	0.02	0.03	0.10	1.00	0.01	0.02
200S 1.00	0.68	0.05	0.04	0.05	0.02	0.23	0.01	0.07	0.06	0.08	0.03	0.05	0.12	0.04	0.04	1.00	0.19	0.31	0.01	0.02
pos	A	C	D	E	F	G	H	I	K	L	M	N	P	Q	R	S	T	V	W	Y
201P 1.00	0.07	0.01	0.03	0.04	0.01	0.06	0.02	0.01	0.12	0.03	0.01	0.03	1.00	0.05	0.25	0.05	0.04	0.02	0.01	0.01
202P 1.00	1.00	0.06	0.14	0.20	0.03	0.32	0.03	0.05	0.16	0.09	0.04	0.10	0.99	0.60	0.10	0.50	0.21	0.12	0.01	0.03
203N 1.00	0.40	0.04	0.61	0.70	0.04	0.30	0.70	0.10	0.68	0.16	0.06	1.00	0.17	0.33	0.58	0.43	0.31	0.15	0.02	0.06
204L 1.00	0.51	0.08	0.28	0.53	0.23	0.27	0.24	0.40	1.00	0.62	0.16	0.33	0.22	0.51	0.81	0.42	0.42	0.46	0.07	0.29
205R 1.00	0.00	0.00	0.00	0.00	0.00	0.00	0.00	0.00	0.00	0.00	0.00	0.00	0.00	0.00	1.00	0.00	0.00	0.00	0.00	0.00
206G 1.00	0.00	0.00	0.00	0.00	0.00	1.00	0.00	0.00	0.00	0.00	0.00	0.00	0.00	0.00	0.00	0.00	0.00	0.00	0.00	0.00
207R 1.00	0.98	0.15	0.61	0.96	0.42	0.54	0.39	0.38	1.00	0.65	0.22	0.57	0.36	0.66	0.71	0.85	0.70	0.52	0.11	0.57
208L 1.00	0.00	0.00	0.00	0.00	0.00	0.00	0.00	0.00	0.00	1.00	0.00	0.00	0.00	0.00	0.00	0.00	0.00	0.00	0.00	0.00
209V 1.00	0.00	0.00	0.00	0.00	0.00	0.00	0.00	0.00	0.00	0.00	0.00	0.00	0.00	0.00	0.00	0.00	0.00	1.00	0.00	0.00
210T 1.00	0.03	0.01	0.01	0.01	0.00	0.01	0.00	0.01	0.01	0.01	0.00	0.02	0.01	0.01	0.01	1.00	0.53	0.01	0.00	0.00
211I 1.00	0.10	0.02	0.01	0.02	0.11	0.01	0.01	0.73	0.03	1.00	0.13	0.02	0.03	0.03	0.02	0.03	0.38	0.40	0.01	0.02
212N 1.00	0.04	0.01	0.15	0.05	0.01	0.11	0.04	0.01	0.05	0.01	0.00	1.00	0.03	0.03	0.03	0.09	0.04	0.01	0.00	0.15
213T 1.00	0.82	0.07	0.60	1.00	0.08	0.44	0.13	0.16	0.66	0.25	0.09	0.40	0.29	0.46	0.37	0.75	0.64	0.27	0.03	0.10
214L 1.00	0.02	0.01	0.00	0.01	0.12	0.00	0.00	0.08	0.01	1.00	0.05	0.01	0.01	0.01	0.01	0.01	0.15	0.05	0.01	0.01
215F 1.00	0.09	0.03	0.02	0.03	0.29	0.07	0.04	0.32	0.04	1.00	0.30	0.03	0.04	0.05	0.04	0.04	0.06	0.20	0.03	0.08
216I 1.00	0.00	0.00	0.00	0.00	0.00	0.00	0.00	1.00	0.00	0.00	0.00	0.00	0.00	0.00	0.00	0.00	0.00	0.00	0.00	0.00
217T 1.00	0.08	0.02	0.01	0.01	0.01	0.01	0.00	0.07	0.02	0.05	0.02	0.02	0.02	0.01	0.01	0.06	1.00	0.47	0.00	0.01
218G 1.00	1.00	0.13	0.19	0.26	0.25	0.64	0.15	0.91	0.28	0.54	0.15	0.20	0.27	0.20	0.22	0.63	0.43	0.99	0.06	0.28
219G 1.00	0.00	0.00	0.00	0.00	0.00	1.00	0.00	0.00	0.00	0.00	0.00	0.00	0.00	0.00	0.00	0.00	0.00	0.00	0.00	0.00
220Q 1.00	0.33	0.06	0.11	0.21	0.19	0.11	0.07	0.57	0.31	1.00	0.23	0.10	0.12	0.18	0.25	0.15	0.25	0.62	0.03	0.07
221F 1.00	0.02	0.01	0.00	0.01	1.00	0.01	0.00	0.11	0.01	0.90	0.07	0.01	0.01	0.01	0.01	0.01	0.01	0.06	0.02	0.08
222F 1.00	0.08	0.02	0.02	0.03	0.62	0.03	0.03	0.43	0.03	1.00	0.16	0.03	0.03	0.04	0.03	0.12	0.05	0.21	0.03	0.08
223A 1.00	1.00	0.01	0.01	0.01	0.00	0.06	0.00	0.01	0.01	0.01	0.01	0.01	0.03	0.01	0.01	0.71	0.03	0.02	0.00	0.00
224S 1.00	0.28	0.05	0.17	0.10	0.49	0.21	0.07	0.09	0.11	0.18	0.05	0.19	0.10	0.07	0.08	0.54	0.24	0.12	0.11	1.00
225V 1.00	0.32	0.02	0.01	0.02	0.04	0.01	0.00	0.86	0.02	0.71	0.05	0.01	0.02	0.01	0.01	0.02	0.07	1.00	0.01	0.01
pos	A	C	D	E	F	G	H	I	K	L	M	N	P	Q	R	S	T	V	W	Y
226V 1.00	0.20	0.10	0.02	0.04	0.06	0.02	0.02	0.69	0.04	0.27	0.17	0.02	0.04	0.03	0.03	0.19	0.15	1.00	0.01	0.04
227D 1.00	0.01	0.00	0.49	0.02	0.00	0.05	0.01	0.00	0.02	0.00	0.00	1.00	0.01	0.01	0.01	0.03	0.01	0.00	0.00	0.01
228G 1.00	0.73	0.20	0.29	0.31	0.71	0.49	0.54	0.40	0.34	0.69	0.23	0.39	0.27	0.32	0.38	0.55	0.45	0.53	0.19	1.00
229A 1.00	0.76	0.05	0.03	0.05	0.43	0.10	0.04	0.37	0.06	1.00	0.22	0.04	0.08	0.06	0.05	0.11	0.12	0.33	0.06	0.21
230F 1.00	0.01	0.00	0.00	0.00	1.00	0.00	0.00	0.03	0.00	0.23	0.02	0.00	0.00	0.00	0.00	0.00	0.00	0.02	0.01	0.05
231S 1.00	0.66	0.06	0.08	0.08	0.03	0.14	0.03	0.12	0.10	0.11	0.04	0.12	0.12	0.07	0.06	1.00	0.80	0.40	0.01	0.03
232Y 1.00	0.69	0.19	0.54	0.54	0.69	0.55	0.59	0.42	0.53	0.70	0.24	0.65	0.29	0.45	0.47	0.65	0.54	0.55	0.19	1.00
233L 0.86	0.02	0.01	0.00	0.00	0.02	0.01	0.00	0.41	0.01	0.67	0.03	0.00	0.00	0.00	0.01	0.01	0.02	1.00	0.00	0.01
234Q 0.57	0.55	0.07	0.51	0.64	0.07	0.33	0.13	0.15	0.65	0.22	0.08	0.53	0.27	0.51	0.41	0.87	1.00	0.23	0.03	0.09
235K 0.93	0.84	0.10	0.82	1.00	0.20	0.60	0.27	0.25	1.00	0.41	0.14	0.79	0.34	0.63	0.59	0.88	0.65	0.36	0.06	0.26
236D 1.00	0.28	0.04	1.00	0.47	0.04	0.57	0.27	0.06	0.36	0.10	0.03	0.81	0.15	0.24	0.19	0.44	0.37	0.09	0.02	0.08
237G 0.86	0.15	0.02	0.05	0.03	0.01	1.00	0.01	0.01	0.03	0.02	0.01	0.06	0.04	0.02	0.02	0.23	0.32	0.03	0.00	0.01
238W 1.00	0.00	0.00	0.00	0.00	0.00	0.00	0.00	0.00	0.00	0.00	0.00	0.00	0.00	0.00	0.00	0.00	0.00	0.00	1.00	0.00
239R 1.00	0.02	0.00	0.00	0.02	0.00	0.01	0.01	0.01	0.72	0.02	0.01	0.02	0.01	0.04	1.00	0.01	0.02	0.01	0.00	0.01
240Y 1.00	0.01	0.00	0.00	0.00	0.15	0.00	0.00	0.01	0.00	0.04	0.01	0.00	0.00	0.00	0.00	0.01	0.00	0.01	0.38	1.00
241M 1.00	0.00	0.00	0.00	0.00	0.00	0.00	0.00	0.00	0.00	0.00	1.00	0.00	0.00	0.00	0.00	0.00	0.00	0.00	0.00	0.00
242L 1.00	0.03	0.01	0.00	0.01	0.55	0.01	0.01	0.13	0.01	1.00	0.08	0.01	0.01	0.01	0.01	0.01	0.02	0.07	0.02	0.07
243G 1.00	0.00	0.00	0.00	0.00	0.00	1.00	0.00	0.00	0.00	0.00	0.00	0.00	0.00	0.00	0.00	0.00	0.00	0.00	0.00	0.00
244L 1.00	0.02	0.00	0.00	0.00	0.02	0.00	0.00	0.22	0.00	1.00	0.03	0.00	0.00	0.00	0.00	0.00	0.01	0.38	0.00	0.01
245A 1.00	1.00	0.04	0.02	0.03	0.02	0.03	0.01	0.27	0.04	0.12	0.04	0.02	0.05	0.03	0.02	0.25	0.13	0.61	0.00	0.01
246A 1.00	1.00	0.09	0.12	0.15	0.07	0.53	0.05	0.20	0.16	0.15	0.06	0.12	0.23	0.11	0.11	0.53	0.31	0.21	0.02	0.08
247V 1.00	0.23	0.05	0.02	0.04	0.06	0.01	0.01	0.81	0.04	0.33	0.08	0.02	0.16	0.03	0.03	0.04	0.17	1.00	0.01	0.02
248P 1.00	0.27	0.04	0.05	0.07	0.19	0.14	0.03	0.34	0.09	1.00	0.21	0.05	0.28	0.07	0.08	0.13	0.12	0.28	0.03	0.05
249A 1.00	1.00	0.01	0.01	0.01	0.00	0.26	0.00	0.00	0.01	0.01	0.00	0.01	0.02	0.01	0.01	0.05	0.02	0.01	0.00	0.00
250V 1.00	0.35	0.02	0.01	0.01	0.02	0.00	0.00	0.50	0.01	0.22	0.03	0.01	0.02	0.01	0.01	0.01	0.06	1.00	0.00	0.01
pos	A	C	D	E	F	G	H	I	K	L	M	N	P	Q	R	S	T	V	W	Y
251I 1.00	0.02	0.01	0.00	0.01	0.26	0.01	0.00	1.00	0.01	0.80	0.06	0.01	0.01	0.01	0.01	0.01	0.02	0.38	0.01	0.01
252Q 1.00	0.00	0.00	0.00	0.00	0.00	0.00	0.00	0.00	0.00	0.00	0.00	0.00	0.00	1.00	0.00	0.00	0.00	0.00	0.00	0.00
253F 1.00	0.49	0.03	0.03	0.04	1.00	0.12	0.01	0.09	0.03	0.20	0.05	0.03	0.06	0.03	0.03	0.12	0.07	0.12	0.07	0.27
254F 1.00	0.03	0.11	0.01	0.01	0.22	0.01	0.00	1.00	0.01	0.50	0.04	0.01	0.01	0.01	0.01	0.01	0.03	0.72	0.01	0.02
255G 1.00	1.00	0.10	0.13	0.18	0.10	0.54	0.07	0.09	0.18	0.18	0.07	0.12	0.25	0.13	0.13	0.53	0.24	0.21	0.03	0.11
256F 1.00	0.04	0.01	0.01	0.01	0.63	0.01	0.01	0.43	0.01	0.55	1.00	0.01	0.02	0.02	0.01	0.01	0.03	0.13	0.02	0.04
257L 1.00	0.02	0.01	0.01	0.01	0.54	0.01	0.01	0.06	0.01	1.00	0.04	0.00	0.01	0.01	0.01	0.02	0.02	0.05	0.07	0.54
258F 1.00	0.14	0.03	0.05	0.04	1.00	0.06	0.03	0.05	0.05	0.06	0.02	0.08	0.05	0.04	0.04	0.35	0.51	0.07	0.02	0.06
259L 1.00	0.01	0.00	0.00	0.00	0.02	0.00	0.00	0.03	0.00	1.00	0.09	0.00	0.00	0.00	0.00	0.00	0.00	0.02	0.00	0.00
260P 1.00	0.00	0.00	0.00	0.00	0.00	0.00	0.00	0.00	0.00	0.00	0.00	0.00	1.00	0.00	0.00	0.00	0.00	0.00	0.00	0.00
261E 1.00	0.26	0.02	0.30	1.00	0.02	0.14	0.06	0.05	0.34	0.09	0.03	0.16	0.26	0.23	0.26	0.33	0.18	0.09	0.01	0.03
262S 1.00	0.05	0.01	0.03	0.02	0.00	0.04	0.01	0.01	0.19	0.01	0.00	0.03	0.02	0.02	0.03	1.00	0.06	0.01	0.00	0.01
263P 1.00	0.00	0.00	0.00	0.00	0.00	0.00	0.00	0.00	0.00	0.00	0.00	0.00	1.00	0.00	0.00	0.00	0.00	0.00	0.00	0.00
264R 0.93	0.01	0.00	0.01	0.02	0.00	0.01	0.08	0.00	0.07	0.01	0.00	0.01	0.01	0.02	1.00	0.01	0.01	0.01	0.00	0.01
265W 0.93	0.01	0.00	0.00	0.00	0.56	0.00	0.00	0.02	0.00	0.05	0.01	0.00	0.00	0.00	0.00	0.01	0.01	0.02	1.00	0.15
266L 0.86	0.00	0.00	0.00	0.00	0.00	0.00	0.00	0.00	0.00	1.00	0.00	0.00	0.00	0.00	0.00	0.00	0.00	0.00	0.00	0.00
267I 0.86	0.05	0.02	0.02	0.02	0.20	0.03	0.02	1.00	0.02	0.28	0.06	0.02	0.01	0.02	0.03	0.03	0.05	0.80	0.03	0.31
268Q 0.86	0.19	0.02	0.06	0.24	0.05	0.12	0.14	0.09	1.00	0.22	0.16	0.16	0.13	0.44	0.90	0.15	0.18	0.11	0.03	0.08
269K 0.86	0.01	0.00	0.02	0.02	0.00	0.02	0.01	0.00	1.00	0.01	0.00	0.11	0.01	0.02	0.05	0.02	0.01	0.01	0.00	0.01
270G 0.86	0.03	0.01	0.32	0.04	0.01	1.00	0.03	0.00	0.03	0.01	0.00	0.24	0.02	0.02	0.02	0.07	0.03	0.00	0.00	0.01
271Q 0.86	0.14	0.03	0.05	0.15	0.10	0.10	0.22	0.08	0.60	0.16	0.05	0.13	0.09	0.99	1.00	0.12	0.14	0.10	0.03	0.28
272T 0.86	0.61	0.04	0.58	1.00	0.05	0.30	0.10	0.16	0.77	0.24	0.08	0.39	0.23	0.49	0.41	0.58	0.52	0.23	0.02	0.04
273Q 0.86	0.46	0.02	0.56	1.00	0.03	0.23	0.08	0.09	0.47	0.14	0.05	0.26	0.17	0.44	0.24	0.35	0.28	0.14	0.01	0.03
274K 0.86	0.64	0.03	0.45	1.00	0.03	0.24	0.08	0.10	0.80	0.17	0.06	0.28	0.18	0.37	0.32	0.45	0.32	0.16	0.01	0.03
275A 0.86	1.00	0.01	0.01	0.01	0.00	0.04	0.00	0.00	0.01	0.01	0.00	0.01	0.02	0.01	0.01	0.22	0.02	0.01	0.00	0.00
pos	A	C	D	E	F	G	H	I	K	L	M	N	P	Q	R	S	T	V	W	Y
276R 0.86	0.51	0.05	0.35	0.63	0.08	0.32	0.15	0.17	1.00	0.26	0.09	0.35	0.21	0.48	0.86	0.53	0.40	0.21	0.03	0.10
277R 0.86	0.63	0.03	0.45	0.57	0.03	0.21	0.08	0.10	1.00	0.18	0.06	0.28	0.16	0.46	0.84	0.39	0.32	0.16	0.01	0.03
278I 0.86	0.01	0.00	0.00	0.00	0.01	0.00	0.00	1.00	0.00	0.06	0.01	0.00	0.00	0.00	0.00	0.00	0.01	0.69	0.00	0.01
279L 0.86	0.00	0.00	0.00	0.00	0.00	0.00	0.00	0.00	0.00	1.00	0.00	0.00	0.00	0.00	0.00	0.00	0.00	0.00	0.00	0.00
280S 0.86	0.72	0.05	0.56	1.00	0.05	0.45	0.11	0.17	0.83	0.27	0.09	0.44	0.25	0.58	0.56	0.88	0.51	0.25	0.02	0.04
281Q 0.86	0.04	0.00	0.01	0.06	0.01	0.03	0.03	0.02	0.61	0.04	0.01	0.04	0.03	0.73	1.00	0.03	0.04	0.02	0.01	0.02
282M 0.86	0.05	0.01	0.01	0.01	0.09	0.01	0.01	0.64	0.01	1.00	0.70	0.01	0.02	0.02	0.01	0.01	0.17	0.18	0.01	0.02
283R 0.86	0.19	0.03	0.09	0.20	0.09	0.16	0.15	0.09	0.81	0.19	0.06	0.18	0.13	0.30	1.00	0.16	0.17	0.12	0.04	0.29
284G 0.86	1.00	0.07	0.37	0.46	0.05	0.72	0.07	0.10	0.43	0.18	0.07	0.25	0.37	0.28	0.25	0.62	0.33	0.24	0.02	0.05
285N 0.86	0.56	0.11	0.13	0.24	0.14	0.10	0.10	0.53	0.23	0.44	0.13	0.14	0.15	0.16	0.15	0.23	0.42	1.00	0.03	0.15
286Q 0.93	0.66	0.05	0.61	1.00	0.06	0.33	0.17	0.17	0.80	0.31	0.09	0.43	0.24	0.75	0.46	0.80	0.56	0.25	0.02	0.05
287T 0.93	0.64	0.05	0.63	1.00	0.06	0.33	0.12	0.16	0.78	0.26	0.10	0.42	0.25	0.52	0.44	0.63	0.55	0.25	0.02	0.06
288I 0.93	0.23	0.03	0.01	0.02	0.03	0.01	0.01	1.00	0.03	0.42	0.05	0.01	0.03	0.02	0.02	0.03	0.34	0.88	0.00	0.01
289D 0.93	0.16	0.01	0.96	1.00	0.02	0.15	0.05	0.03	0.19	0.05	0.02	0.51	0.08	0.16	0.09	0.19	0.50	0.05	0.01	0.03
290E 0.93	0.24	0.00	0.36	1.00	0.01	0.06	0.03	0.02	0.15	0.04	0.02	0.07	0.08	0.21	0.06	0.09	0.08	0.04	0.05	0.02
291E 1.00	0.00	0.00	0.00	1.00	0.00	0.00	0.00	0.00	0.00	0.00	0.00	0.00	0.00	0.00	0.00	0.00	0.00	0.00	0.00	0.00
292Y 1.00	0.18	0.06	0.06	0.08	0.31	0.10	0.15	0.43	0.09	1.00	0.24	0.09	0.07	0.14	0.11	0.12	0.13	0.29	0.06	0.37
293D 1.00	0.50	0.03	1.00	0.84	0.03	0.22	0.08	0.10	0.51	0.16	0.06	0.28	0.17	0.35	0.35	0.41	0.60	0.15	0.01	0.03
294S 1.00	1.00	0.16	0.40	0.60	0.42	0.37	0.40	0.45	0.59	0.62	0.20	0.42	0.29	0.44	0.43	0.98	0.85	0.83	0.11	0.57
295I 1.00	0.07	0.02	0.13	0.02	0.11	0.02	0.01	1.00	0.02	0.83	0.12	0.02	0.02	0.02	0.02	0.02	0.05	0.46	0.01	0.03
296K 1.00	0.08	0.01	0.19	0.11	0.01	0.06	0.02	0.02	1.00	0.03	0.01	0.19	0.03	0.07	0.36	0.19	0.07	0.03	0.00	0.01
297N 1.00	0.76	0.05	0.67	1.00	0.05	0.46	0.13	0.18	0.88	0.33	0.10	0.69	0.26	0.56	0.50	0.87	0.55	0.27	0.02	0.05
298N 1.00	0.38	0.05	0.18	0.12	0.20	0.22	0.08	0.07	0.12	0.10	0.04	0.32	0.11	0.09	0.09	1.00	0.37	0.11	0.02	0.11
299I 1.00	0.04	0.01	0.01	0.09	0.03	0.01	0.00	1.00	0.01	0.40	0.04	0.01	0.01	0.01	0.01	0.01	0.04	0.65	0.00	0.01
300E 1.00	0.04	0.00	0.04	1.00	0.01	0.02	0.02	0.01	0.53	0.03	0.01	0.03	0.02	0.07	0.22	0.03	0.03	0.02	0.00	0.01
pos	A	C	D	E	F	G	H	I	K	L	M	N	P	Q	R	S	T	V	W	Y
301E 1.00	0.31	0.01	0.47	1.00	0.01	0.08	0.04	0.03	0.18	0.05	0.02	0.09	0.09	0.19	0.07	0.12	0.15	0.05	0.01	0.02
302E 1.00	0.00	0.00	0.00	1.00	0.00	0.00	0.00	0.00	0.00	0.00	0.00	0.00	0.00	0.00	0.00	0.00	0.00	0.00	0.00	0.00
303E 1.00	0.92	0.16	0.62	1.00	0.53	0.51	0.47	0.43	0.94	0.68	0.23	0.58	0.35	0.66	0.67	0.82	0.72	0.58	0.14	0.75
304K 1.00	0.66	0.05	0.46	0.77	0.07	0.36	0.14	0.16	1.00	0.29	0.09	0.39	0.24	0.60	0.60	0.57	0.45	0.24	0.02	0.08
305E 1.00	0.19	0.01	0.51	1.00	0.05	0.12	0.07	0.04	0.21	0.07	0.03	0.16	0.11	0.23	0.12	0.14	0.11	0.06	0.02	0.16
306V 0.64	0.82	0.05	0.53	1.00	0.05	0.32	0.11	0.16	0.80	0.26	0.09	0.40	0.23	0.49	0.43	0.65	0.48	0.33	0.02	0.04
307G 0.64	0.70	0.04	0.59	0.67	0.04	1.00	0.09	0.13	0.62	0.21	0.07	0.36	0.19	0.39	0.50	0.74	0.63	0.20	0.01	0.04
308S 0.64	0.89	0.07	0.58	1.00	0.08	0.37	0.13	0.31	0.85	0.33	0.12	0.48	0.28	0.55	0.49	0.93	0.78	0.37	0.03	0.08
309A 0.64	0.57	0.14	0.12	0.19	0.36	0.18	0.24	0.66	0.20	0.60	0.18	0.17	0.16	0.17	0.19	0.27	0.40	1.00	0.09	0.44
310G 0.64	0.15	0.01	0.21	0.38	0.02	1.00	0.05	0.03	0.45	0.05	0.02	0.17	0.07	0.13	0.16	0.14	0.09	0.04	0.01	0.03
311P 0.93	0.23	0.02	0.48	0.34	0.03	0.21	0.21	0.05	0.58	0.09	0.03	0.31	1.00	0.19	0.16	0.66	0.19	0.08	0.01	0.05
312V 0.93	0.27	0.07	0.06	0.08	0.43	0.08	0.11	0.94	0.09	0.45	0.11	0.08	0.08	0.08	0.09	0.18	0.28	1.00	0.04	0.21
313I 1.00	0.22	0.07	0.08	0.10	0.64	0.12	0.19	0.58	0.11	1.00	0.26	0.11	0.09	0.12	0.13	0.15	0.16	0.33	0.24	0.58
314C 1.00	1.00	0.20	0.49	0.67	0.52	0.49	0.42	0.58	0.66	0.80	0.26	0.53	0.36	0.50	0.49	0.95	1.00	0.86	0.14	0.68
315R 1.00	0.67	0.06	0.53	0.89	0.09	0.35	0.17	0.19	1.00	0.33	0.11	0.45	0.26	0.57	0.65	0.63	0.51	0.28	0.03	0.11
316M 1.00	0.13	0.04	0.03	0.05	0.35	0.05	0.07	0.38	0.10	1.00	0.32	0.05	0.05	0.06	0.06	0.06	0.09	0.30	0.04	0.12
317L 1.00	0.18	0.07	0.05	0.08	0.30	0.09	0.13	0.36	0.11	1.00	0.22	0.08	0.07	0.10	0.16	0.11	0.13	0.28	0.06	0.23
318S 1.00	0.06	0.01	0.03	0.06	0.01	0.04	0.03	0.02	0.40	0.04	0.01	0.05	0.03	0.08	0.27	1.00	0.07	0.03	0.01	0.02
319Y 1.00	0.61	0.11	0.41	0.63	0.33	0.38	0.34	0.27	1.00	0.46	0.16	0.48	0.26	0.52	0.74	0.57	0.49	0.37	0.10	0.51
320P 1.00	0.27	0.02	1.00	0.86	0.03	0.28	0.10	0.04	0.42	0.07	0.03	0.40	0.54	0.27	0.14	0.28	0.17	0.07	0.01	0.05
321P 1.00	0.86	0.10	0.67	1.00	0.12	0.41	0.18	0.30	0.85	0.39	0.14	0.59	0.35	0.56	0.50	0.94	0.94	0.53	0.04	0.14
322T 1.00	0.29	0.06	0.02	0.05	0.10	0.01	0.02	0.50	0.05	0.66	0.61	0.03	0.07	0.04	0.04	0.06	0.58	1.00	0.01	0.03
323R 1.00	0.00	0.00	0.00	0.00	0.00	0.00	0.00	0.00	0.00	0.00	0.00	0.00	0.00	0.00	1.00	0.00	0.00	0.00	0.00	0.00
324R 1.00	0.52	0.09	0.24	0.45	0.29	0.27	0.34	0.25	0.89	0.45	0.14	0.32	0.21	0.44	1.00	0.44	0.64	0.35	0.09	0.41
325A 1.00	1.00	0.10	0.13	0.15	0.05	0.56	0.05	0.06	0.27	0.12	0.05	0.13	0.25	0.13	0.22	0.51	0.20	0.17	0.02	0.05
pos	A	C	D	E	F	G	H	I	K	L	M	N	P	Q	R	S	T	V	W	Y
326L 1.00	0.03	0.01	0.00	0.01	0.14	0.01	0.01	0.36	0.01	1.00	0.08	0.01	0.01	0.01	0.01	0.01	0.17	0.11	0.01	0.01
327I 1.00	0.38	0.04	0.01	0.03	0.12	0.01	0.01	0.72	0.04	1.00	0.29	0.02	0.04	0.03	0.03	0.03	0.12	0.68	0.02	0.03
328V 1.00	0.51	0.03	0.01	0.02	0.04	0.01	0.01	0.82	0.02	0.43	0.06	0.01	0.03	0.02	0.02	0.02	0.10	1.00	0.01	0.02
329G 1.00	0.00	0.00	0.00	0.00	0.00	1.00	0.00	0.00	0.00	0.00	0.00	0.00	0.00	0.00	0.00	0.00	0.00	0.00	0.00	0.00
330C 1.00	0.41	0.29	0.02	0.06	0.09	0.01	0.02	0.67	0.06	0.76	0.13	0.03	0.08	0.05	0.04	0.06	0.26	1.00	0.01	0.03
331G 1.00	0.45	0.05	0.16	0.09	0.03	1.00	0.04	0.04	0.10	0.06	0.03	0.18	0.14	0.07	0.07	0.39	0.76	0.09	0.01	0.03
332L 1.00	0.01	0.00	0.00	0.00	0.02	0.00	0.00	0.05	0.00	1.00	0.02	0.00	0.00	0.00	0.00	0.00	0.01	0.19	0.00	0.00
333Q 1.00	1.00	0.14	0.27	0.41	0.12	0.41	0.11	0.38	0.47	0.40	0.13	0.27	0.30	0.35	0.34	0.74	0.78	0.80	0.04	0.12
334M 1.00	0.20	0.03	0.02	0.03	0.49	0.02	0.03	0.35	0.04	1.00	0.57	0.03	0.04	0.04	0.03	0.04	0.08	0.56	0.02	0.06
335F 1.00	0.22	0.01	0.01	0.01	1.00	0.04	0.00	0.03	0.01	0.08	0.02	0.01	0.02	0.01	0.01	0.04	0.02	0.04	0.03	0.11
336Q 1.00	0.62	0.10	0.15	0.30	0.11	0.18	0.07	0.50	0.36	0.57	0.15	0.12	0.18	0.49	0.27	0.25	0.39	1.00	0.03	0.06
337Q 1.00	0.00	0.00	0.00	0.00	0.00	0.00	0.00	0.00	0.00	0.00	0.00	0.00	0.00	1.00	0.00	0.00	0.00	0.00	0.00	0.00
338L 1.00	0.06	0.02	0.01	0.02	0.53	0.02	0.02	0.53	0.02	1.00	0.16	0.02	0.02	0.03	0.02	0.02	0.09	0.24	0.02	0.04
339S 1.00	0.08	0.02	0.03	0.02	0.01	0.02	0.01	0.03	0.03	0.03	0.01	0.05	0.04	0.02	0.02	0.68	1.00	0.39	0.00	0.01
340G 1.00	0.00	0.00	0.00	0.00	0.00	1.00	0.00	0.00	0.00	0.00	0.00	0.00	0.00	0.00	0.00	0.00	0.00	0.00	0.00	0.00
341I 1.00	0.32	0.06	0.09	0.18	0.19	0.10	0.06	0.69	0.27	1.00	0.23	0.09	0.11	0.20	0.21	0.14	0.23	0.67	0.03	0.06
342N 1.00	0.33	0.05	0.72	0.28	0.04	0.59	0.16	0.04	0.28	0.08	0.03	1.00	0.31	0.18	0.17	0.51	0.28	0.08	0.02	0.09
343T 1.00	0.06	0.01	0.06	0.03	0.01	0.05	0.02	0.02	0.03	0.02	0.01	0.62	0.03	0.02	0.02	0.16	1.00	0.02	0.00	0.01
344I 1.00	0.01	0.00	0.00	0.00	0.01	0.00	0.00	1.00	0.00	0.06	0.01	0.00	0.00	0.00	0.00	0.00	0.01	0.77	0.00	0.00
345M 1.00	0.01	0.00	0.00	0.00	0.04	0.00	0.00	0.07	0.00	0.84	1.00	0.00	0.01	0.01	0.00	0.00	0.01	0.04	0.00	0.01
346Y 1.00	0.01	0.00	0.00	0.00	0.44	0.00	0.00	0.01	0.00	0.03	0.01	0.00	0.00	0.00	0.00	0.00	0.00	0.01	0.02	1.00
347Y 1.00	0.00	0.00	0.00	0.00	0.00	0.00	0.00	0.00	0.00	0.00	0.00	0.00	0.00	0.00	0.00	0.00	0.00	0.00	0.00	1.00
348S 1.00	0.77	0.02	0.02	0.02	0.01	0.09	0.00	0.01	0.02	0.02	0.01	0.02	0.04	0.01	0.01	1.00	0.05	0.03	0.00	0.01
349A 1.00	1.00	0.08	0.08	0.09	0.03	0.45	0.02	0.04	0.09	0.08	0.04	0.08	0.35	0.07	0.07	0.67	0.23	0.15	0.01	0.03
350T 1.00	0.02	0.00	0.01	0.00	0.00	0.01	0.00	0.00	0.01	0.00	0.00	0.01	0.01	0.00	0.00	0.12	1.00	0.01	0.00	0.00
pos	A	C	D	E	F	G	H	I	K	L	M	N	P	Q	R	S	T	V	W	Y
351I 1.00	0.01	0.00	0.00	0.00	0.01	0.00	0.00	1.00	0.00	0.04	0.01	0.00	0.00	0.00	0.00	0.00	0.01	0.43	0.00	0.00
352L 1.00	0.02	0.01	0.00	0.01	0.21	0.00	0.00	0.12	0.01	1.00	0.06	0.01	0.01	0.01	0.01	0.01	0.01	0.33	0.01	0.01
353Q 1.00	0.02	0.00	0.01	0.03	0.00	0.02	0.02	0.01	0.53	0.02	0.01	0.02	0.02	1.00	0.22	0.02	0.02	0.01	0.00	0.01
354M 1.00	0.12	0.03	0.03	0.04	0.26	0.05	0.06	0.35	0.05	1.00	0.23	0.04	0.05	0.06	0.05	0.07	0.08	0.23	0.04	0.13
355S 1.00	1.00	0.11	0.08	0.10	0.05	0.40	0.03	0.20	0.11	0.19	0.07	0.08	0.22	0.08	0.08	0.56	0.34	0.58	0.02	0.03
356G 1.00	0.00	0.00	0.00	0.00	0.00	1.00	0.00	0.00	0.00	0.00	0.00	0.00	0.00	0.00	0.00	0.00	0.00	0.00	0.00	0.00
357V 1.00	0.03	0.01	0.01	0.01	1.00	0.01	0.01	0.07	0.01	0.13	0.03	0.01	0.01	0.01	0.01	0.02	0.02	0.37	0.10	0.55
358E 1.00	0.39	0.01	0.37	1.00	0.02	0.09	0.11	0.04	0.24	0.06	0.02	0.11	0.10	0.57	0.11	0.13	0.11	0.06	0.01	0.03
359D 1.00	0.14	0.02	0.62	0.14	0.02	0.20	0.06	0.02	0.09	0.03	0.01	0.29	0.07	0.07	0.05	1.00	0.16	0.03	0.01	0.03
360D 1.00	0.02	0.00	0.55	0.03	0.00	0.07	0.02	0.00	0.03	0.01	0.00	1.00	0.02	0.02	0.01	0.06	0.14	0.00	0.00	0.01
361R 1.00	0.19	0.01	0.15	0.77	0.02	0.10	0.05	0.05	0.65	0.09	0.03	0.13	0.08	0.32	1.00	0.44	0.15	0.08	0.01	0.02
362L 1.00	0.65	0.09	0.15	0.16	0.07	0.24	0.06	0.17	0.19	0.25	0.07	0.21	0.20	0.13	0.12	0.83	1.00	0.33	0.02	0.07
363A 1.00	1.00	0.00	0.00	0.00	0.00	0.00	0.00	0.00	0.00	0.00	0.00	0.00	0.00	0.00	0.00	0.00	0.00	0.00	0.00	0.00
364I 1.00	0.09	0.02	0.01	0.02	0.10	0.02	0.01	1.00	0.03	0.63	0.19	0.02	0.02	0.02	0.02	0.18	0.08	0.88	0.01	0.04
365W 0.86	0.16	0.04	0.04	0.06	0.49	0.06	0.09	0.35	0.06	1.00	0.22	0.06	0.06	0.07	0.07	0.08	0.10	0.25	0.14	0.37
366L 1.00	0.34	0.02	0.01	0.02	0.08	0.05	0.01	0.15	0.02	1.00	0.09	0.01	0.03	0.02	0.02	0.05	0.05	0.13	0.01	0.02
367A 1.00	1.00	0.01	0.01	0.01	0.01	0.07	0.00	0.01	0.02	0.01	0.01	0.01	0.03	0.01	0.01	0.88	0.04	0.02	0.00	0.00
368S 1.00	0.28	0.05	0.10	0.08	0.04	0.09	0.03	0.10	0.11	0.14	0.05	0.18	0.12	0.08	0.07	0.77	1.00	0.15	0.02	0.04
369V 1.00	0.05	0.01	0.01	0.01	0.07	0.05	0.00	1.00	0.02	0.35	0.06	0.01	0.01	0.01	0.02	0.03	0.05	0.95	0.01	0.03
370T 1.00	0.24	0.05	0.02	0.04	0.07	0.01	0.01	0.69	0.04	0.44	0.09	0.02	0.05	0.03	0.03	0.05	0.41	1.00	0.01	0.02
371A 1.00	1.00	0.02	0.02	0.02	0.01	0.80	0.00	0.01	0.02	0.02	0.01	0.02	0.06	0.02	0.02	0.36	0.04	0.04	0.00	0.01
372F 1.00	1.00	0.14	0.14	0.17	0.31	0.56	0.20	0.32	0.19	0.41	0.13	0.16	0.27	0.16	0.18	0.54	0.28	0.45	0.08	0.37
373T 1.00	0.16	0.03	0.01	0.03	0.06	0.01	0.01	0.32	0.03	0.64	0.18	0.02	0.04	0.02	0.02	0.03	0.55	1.00	0.01	0.02
374N 1.00	0.10	0.02	0.27	0.14	0.02	0.21	0.09	0.02	0.77	0.05	0.02	1.00	0.07	0.14	0.24	0.18	0.11	0.03	0.01	0.04
375F 1.00	0.58	0.08	0.03	0.07	0.31	0.08	0.04	0.46	0.07	0.42	0.11	0.04	0.10	0.06	0.05	0.12	0.26	1.00	0.03	0.11
pos	A	C	D	E	F	G	H	I	K	L	M	N	P	Q	R	S	T	V	W	Y
376I 1.00	0.30	0.02	0.01	0.01	0.13	0.01	0.01	1.00	0.02	0.35	0.06	0.01	0.02	0.01	0.01	0.02	0.06	0.73	0.01	0.02
377F 1.00	1.00	0.11	0.28	0.17	0.12	0.65	0.10	0.08	0.18	0.16	0.07	0.31	0.27	0.13	0.13	0.64	0.30	0.20	0.04	0.14
378T 1.00	0.02	0.00	0.01	0.01	0.00	0.01	0.00	0.01	0.01	0.01	0.00	0.02	0.01	0.01	0.01	0.32	1.00	0.01	0.00	0.00
379L 1.00	0.02	0.01	0.00	0.01	0.04	0.01	0.00	1.00	0.01	0.91	0.04	0.01	0.01	0.01	0.01	0.01	0.02	0.55	0.00	0.01
380V 1.00	0.24	0.05	0.01	0.04	0.05	0.01	0.01	0.62	0.04	0.29	0.07	0.02	0.16	0.03	0.02	0.04	0.17	1.00	0.01	0.02
381G 1.00	1.00	0.03	0.02	0.03	0.01	0.84	0.01	0.01	0.03	0.03	0.01	0.02	0.06	0.02	0.02	0.53	0.05	0.04	0.00	0.01
382V 1.00	0.10	0.02	0.01	0.02	0.04	0.01	0.00	0.98	0.02	0.20	0.26	0.01	0.02	0.01	0.01	0.02	0.37	1.00	0.00	0.02
383W 1.00	0.27	0.42	0.11	0.14	0.71	0.17	0.28	0.24	0.15	0.89	0.47	0.16	0.11	0.15	0.18	0.21	0.20	0.28	0.88	1.00
384L 1.00	0.03	0.01	0.00	0.01	0.58	0.01	0.01	0.14	0.01	1.00	0.09	0.01	0.01	0.01	0.01	0.01	0.02	0.08	0.02	0.07
385V 1.00	0.21	0.01	0.00	0.01	0.01	0.00	0.00	0.28	0.01	0.06	0.01	0.00	0.01	0.01	0.01	0.01	0.04	1.00	0.00	0.00
386E 1.00	0.02	0.00	1.00	0.55	0.00	0.01	0.01	0.00	0.02	0.01	0.00	0.01	0.01	0.03	0.01	0.01	0.01	0.01	0.00	0.00
387K 1.00	0.06	0.01	0.01	0.09	0.01	0.04	0.29	0.03	1.00	0.06	0.02	0.06	0.05	0.20	0.59	0.05	0.07	0.03	0.01	0.03
388V 1.00	0.32	0.12	0.03	0.05	0.09	0.04	0.05	0.58	0.05	0.23	0.06	0.04	0.05	0.04	0.05	0.06	0.14	1.00	0.02	0.25
389G 1.00	0.00	0.00	0.00	0.00	0.00	1.00	0.00	0.00	0.00	0.00	0.00	0.00	0.00	0.00	0.00	0.00	0.00	0.00	0.00	0.00
390R 1.00	0.10	0.01	0.04	0.05	0.01	0.07	0.03	0.02	0.17	0.04	0.01	0.06	0.04	0.07	1.00	0.41	0.09	0.03	0.01	0.02
391R 1.00	0.02	0.00	0.00	0.02	0.00	0.01	0.01	0.01	0.74	0.02	0.01	0.02	0.01	0.04	1.00	0.01	0.02	0.01	0.00	0.01
392K 0.64	0.17	0.02	0.05	0.15	0.05	0.08	0.07	0.29	1.00	0.25	0.07	0.10	0.09	0.19	0.43	0.11	0.15	0.23	0.02	0.05
393L 0.64	0.00	0.00	0.00	0.00	0.00	0.00	0.00	0.00	0.00	1.00	0.00	0.00	0.00	0.00	0.00	0.00	0.00	0.00	0.00	0.00
394T 1.00	0.40	0.07	0.05	0.08	0.17	0.05	0.04	0.50	0.09	1.00	0.28	0.07	0.10	0.08	0.07	0.18	0.62	0.68	0.03	0.06
395F 0.86	0.04	0.01	0.01	0.01	1.00	0.01	0.01	0.54	0.01	0.58	0.10	0.01	0.01	0.02	0.01	0.01	0.02	0.15	0.02	0.05
396G 0.86	0.57	0.10	0.14	0.19	0.34	0.31	0.17	0.83	0.22	1.00	0.24	0.17	0.17	0.17	0.19	0.37	0.30	0.79	0.07	0.30
397S 0.86	0.73	0.26	0.13	0.10	0.04	0.40	0.04	0.07	0.11	0.10	0.04	0.16	0.20	0.08	0.08	1.00	0.49	0.16	0.02	0.04
398L 1.00	0.01	0.00	0.00	0.00	0.04	0.00	0.00	0.43	0.00	1.00	0.24	0.00	0.01	0.01	0.00	0.00	0.01	0.05	0.00	0.01
399A 1.00	1.00	0.10	0.09	0.10	0.09	0.55	0.04	0.06	0.11	0.13	0.05	0.09	0.24	0.08	0.08	0.49	0.18	0.17	0.02	0.07
400G 1.00	0.09	0.01	0.03	0.01	0.00	1.00	0.01	0.00	0.01	0.01	0.00	0.03	0.02	0.01	0.01	0.40	0.02	0.01	0.00	0.00
pos	A	C	D	E	F	G	H	I	K	L	M	N	P	Q	R	S	T	V	W	Y
401T 1.00	0.52	0.18	0.06	0.10	0.07	0.04	0.04	0.52	0.11	0.31	0.10	0.08	0.12	0.08	0.07	0.38	0.72	1.00	0.02	0.05
402T 1.00	0.11	0.02	0.01	0.02	0.03	0.01	0.00	1.00	0.02	0.19	0.04	0.01	0.02	0.01	0.01	0.02	0.50	0.88	0.00	0.01
403V 1.00	0.25	0.03	0.01	0.02	0.02	0.00	0.01	0.41	0.02	0.13	0.40	0.01	0.03	0.02	0.01	0.02	0.20	1.00	0.00	0.01
404A 1.00	1.00	0.19	0.04	0.05	0.03	0.24	0.02	0.05	0.06	0.07	0.16	0.04	0.11	0.04	0.04	0.44	0.14	0.12	0.01	0.03
405L 1.00	0.56	0.07	0.02	0.06	0.06	0.02	0.02	0.37	0.06	1.00	0.10	0.03	0.08	0.05	0.04	0.08	0.40	0.81	0.01	0.02
406I 1.00	0.29	0.06	0.15	0.21	0.21	0.18	0.14	1.00	0.21	0.49	0.12	0.17	0.11	0.16	0.17	0.39	0.36	0.89	0.05	0.25
407I 1.00	0.12	0.01	0.00	0.01	0.04	0.00	0.00	1.00	0.01	0.55	0.04	0.01	0.01	0.01	0.01	0.01	0.02	0.13	0.00	0.01
408L 1.00	0.05	0.01	0.00	0.01	0.03	0.00	0.00	0.30	0.01	1.00	0.03	0.01	0.01	0.01	0.01	0.01	0.13	0.52	0.00	0.01
409A 1.00	1.00	0.02	0.03	0.03	0.01	0.23	0.01	0.02	0.04	0.03	0.01	0.04	0.06	0.03	0.02	0.54	0.59	0.04	0.00	0.01
410L 1.00	0.38	0.10	0.16	0.22	0.43	0.26	0.27	0.88	0.23	1.00	0.30	0.20	0.13	0.20	0.22	0.27	0.30	0.89	0.10	0.50
411G 1.00	1.00	0.12	0.14	0.17	0.17	0.67	0.09	0.81	0.19	0.45	0.12	0.15	0.26	0.13	0.15	0.61	0.36	0.92	0.04	0.17
412F 1.00	0.11	0.03	0.03	0.04	1.00	0.14	0.06	0.89	0.05	1.00	0.20	0.04	0.04	0.05	0.05	0.06	0.08	0.44	0.04	0.13
413V 1.00	0.39	0.13	0.16	0.21	0.62	0.25	0.41	0.48	0.22	0.76	0.17	0.31	0.15	0.22	0.26	0.39	0.30	1.00	0.14	0.84
414L 0.57	0.71	0.06	0.58	1.00	0.11	0.36	0.17	0.21	0.96	0.38	0.12	0.45	0.27	0.59	0.59	0.65	0.54	0.33	0.03	0.12
415S 0.64	0.59	0.02	0.05	0.06	0.01	0.09	0.01	0.02	0.05	0.03	0.01	0.04	0.05	0.17	0.03	1.00	0.10	0.04	0.00	0.01
416A 0.64	1.00	0.09	0.12	0.16	0.32	0.28	0.16	0.23	0.17	0.49	0.12	0.14	0.16	0.14	0.15	0.48	0.26	0.32	0.06	0.30
417Q 0.93	0.74	0.06	0.59	1.00	0.10	0.37	0.16	0.26	0.89	0.33	0.16	0.66	0.27	0.83	0.52	0.71	0.62	0.31	0.03	0.12
418V 0.93	0.49	0.12	0.08	0.14	0.26	0.10	0.21	0.53	0.16	0.73	0.19	0.12	0.14	0.13	0.14	0.18	0.39	1.00	0.06	0.28
419S 0.93	0.65	0.02	0.43	0.48	0.02	0.17	0.05	0.05	0.28	0.09	0.03	0.61	0.09	0.18	0.15	1.00	0.19	0.08	0.01	0.02
420P 0.79	0.20	0.04	0.02	0.04	0.18	0.03	0.02	0.52	0.05	1.00	0.22	0.03	0.13	0.05	0.04	0.05	0.13	0.49	0.02	0.04
421R 0.86	0.75	0.05	0.64	0.84	0.06	0.33	0.33	0.16	1.00	0.26	0.09	0.51	0.23	0.50	0.92	0.72	0.48	0.24	0.02	0.05
422I 0.79	0.03	0.01	0.01	0.01	0.16	0.01	0.00	1.00	0.01	0.23	0.38	0.01	0.01	0.01	0.01	0.01	0.03	0.73	0.01	0.02
423T 0.86	0.10	0.02	0.23	0.07	0.01	0.09	0.03	0.03	0.07	0.03	0.01	0.44	0.05	0.05	0.04	0.50	1.00	0.04	0.01	0.02
424F 0.86	0.14	0.04	0.05	0.08	1.00	0.09	0.22	0.11	0.20	0.18	0.06	0.08	0.06	0.09	0.12	0.11	0.11	0.22	0.05	0.25
425K 0.86	0.48	0.03	0.28	0.50	0.04	0.21	0.10	0.11	1.00	0.19	0.06	0.37	0.16	0.38	0.96	0.38	0.58	0.16	0.02	0.05
pos	A	C	D	E	F	G	H	I	K	L	M	N	P	Q	R	S	T	V	W	Y
426P 0.86	0.72	0.09	0.99	0.91	0.19	0.62	0.31	0.22	0.83	0.36	0.17	1.00	0.54	0.55	0.49	0.87	0.61	0.31	0.06	0.27
427I 0.79	0.32	0.09	0.19	0.17	0.08	0.12	0.08	0.31	0.19	0.15	0.06	0.22	0.14	0.14	0.12	0.74	1.00	0.22	0.03	0.10
428A 0.64	1.00	0.16	0.31	0.48	0.07	0.43	0.09	0.12	0.45	0.19	0.07	0.26	0.18	0.29	0.42	0.90	0.60	0.19	0.02	0.08
429P 0.64	0.34	0.05	0.43	0.39	0.12	0.33	0.30	0.11	0.50	0.20	0.07	0.61	1.00	0.29	0.45	0.55	0.32	0.16	0.04	0.18
430S 0.71	0.84	0.20	0.48	0.70	0.72	0.49	0.58	0.52	0.69	0.79	0.27	0.52	0.32	0.54	0.57	0.75	0.66	0.68	0.19	1.00
431G 0.71	0.89	0.19	0.94	0.77	0.65	0.87	0.64	0.43	0.75	0.71	0.24	1.00	0.35	0.57	0.63	0.85	0.66	0.57	0.18	0.99
432Q 0.71	0.81	0.23	0.58	0.79	0.53	0.51	0.48	0.39	1.00	0.64	0.22	0.66	0.32	0.97	0.64	0.83	0.65	0.52	0.14	0.82
433N 0.79	0.07	0.01	0.21	0.08	0.01	0.25	0.05	0.01	0.18	0.02	0.01	1.00	0.04	0.05	0.05	0.38	0.06	0.02	0.01	0.02
434A 0.79	1.00	0.09	0.50	0.77	0.15	0.34	0.17	0.29	0.73	0.39	0.13	0.54	0.27	0.49	0.44	0.88	0.90	0.41	0.04	0.18
435T 0.79	0.23	0.04	0.20	0.19	0.08	0.09	0.07	0.24	0.18	0.16	0.15	0.19	0.08	0.13	0.12	0.24	1.00	0.31	0.02	0.10
436C 0.93	0.60	1.00	0.54	0.72	0.11	0.36	0.16	0.17	0.63	0.26	0.10	0.64	0.25	0.48	0.37	0.97	0.97	0.26	0.04	0.14
437T 0.93	0.81	0.10	0.60	0.94	0.24	0.46	0.27	0.28	1.00	0.45	0.16	0.54	0.33	0.62	0.66	0.86	0.81	0.39	0.07	0.34
438R 0.93	0.76	0.06	0.62	1.00	0.06	0.39	0.13	0.19	0.92	0.31	0.11	0.50	0.27	0.59	0.53	0.73	0.57	0.29	0.02	0.05
439Y 0.93	0.45	0.15	0.20	0.23	0.64	0.27	0.52	0.33	0.24	0.56	0.18	0.28	0.17	0.24	0.29	0.33	0.33	0.42	0.15	1.00
440S 0.93	0.40	0.05	0.14	0.17	0.11	0.12	0.10	0.11	0.18	0.15	0.12	0.22	0.12	0.14	0.13	1.00	0.69	0.15	0.10	0.15
441Y 0.93	0.62	0.18	0.31	0.43	0.70	0.39	0.55	0.42	0.43	0.69	0.23	0.39	0.25	0.38	0.42	0.52	0.48	0.54	0.19	1.00
442C 0.93	0.49	1.00	0.14	0.22	0.19	0.16	0.15	0.29	0.22	0.36	0.09	0.16	0.12	0.29	0.17	0.55	0.28	0.36	0.05	0.25
443N 0.93	0.40	0.06	0.58	0.25	0.06	0.55	0.15	0.05	0.26	0.10	0.16	1.00	0.17	0.17	0.15	0.56	0.31	0.10	0.02	0.11
444E 0.93	0.26	0.02	0.31	1.00	0.02	0.13	0.17	0.06	0.56	0.10	0.04	0.25	0.10	0.47	0.18	0.25	0.32	0.10	0.01	0.01
445C 0.93	0.21	1.00	0.06	0.05	0.03	0.07	0.03	0.07	0.06	0.20	0.03	0.10	0.08	0.05	0.04	0.81	0.69	0.13	0.01	0.04
446M 0.79	0.04	0.01	0.01	0.01	0.10	0.01	0.01	0.19	0.02	1.00	0.46	0.09	0.02	0.02	0.02	0.02	0.03	0.11	0.01	0.02
447L 0.86	0.70	0.06	0.55	0.92	0.10	0.37	0.16	0.20	1.00	0.39	0.11	0.47	0.27	0.59	0.64	0.67	0.54	0.30	0.03	0.11
448D 0.86	0.43	0.03	1.00	0.75	0.03	0.22	0.07	0.21	0.53	0.17	0.06	0.28	0.16	0.44	0.40	0.62	0.33	0.16	0.01	0.03
449P 0.71	0.52	0.17	0.23	0.31	0.67	0.34	0.55	0.43	0.34	0.64	0.22	0.32	0.45	0.36	0.37	0.50	0.41	0.49	0.18	1.00
450D 0.79	0.83	0.20	0.82	0.85	0.77	0.51	0.63	0.46	0.69	0.81	0.26	0.55	0.33	0.56	0.56	0.77	0.63	0.61	0.19	1.00
pos	A	C	D	E	F	G	H	I	K	L	M	N	P	Q	R	S	T	V	W	Y
451C 0.79	1.00	0.80	0.43	0.77	0.26	0.42	0.25	0.39	0.92	0.59	0.17	0.41	0.30	0.49	0.55	0.65	0.60	0.68	0.07	0.33
452G 0.86	0.07	0.01	0.02	0.01	0.00	1.00	0.00	0.00	0.01	0.01	0.00	0.02	0.02	0.01	0.01	0.19	0.02	0.01	0.00	0.00
453F 0.93	0.10	0.04	0.04	0.05	1.00	0.06	0.10	0.30	0.06	0.17	0.13	0.06	0.04	0.06	0.07	0.08	0.18	0.22	0.04	0.31
454C 0.93	0.38	1.00	0.02	0.05	0.04	0.01	0.02	0.37	0.05	0.20	0.06	0.02	0.18	0.03	0.03	0.05	0.30	0.96	0.01	0.02
455Y 0.93	0.43	0.13	0.16	0.21	0.59	0.25	0.45	0.30	0.22	0.49	0.17	0.23	0.15	0.22	0.26	0.41	0.34	0.38	0.14	1.00
456K 0.93	0.85	0.19	0.47	0.70	0.69	0.49	0.63	0.50	0.92	0.75	0.26	0.56	0.32	0.55	0.59	0.81	0.63	0.60	0.18	1.00
457M 0.79	0.82	0.09	0.63	1.00	0.21	0.43	0.24	0.27	0.93	0.43	0.15	0.53	0.30	0.62	0.57	0.78	0.62	0.38	0.06	0.26
458N 0.86	0.80	0.09	0.66	0.91	0.17	0.54	0.23	0.24	0.99	0.39	0.14	1.00	0.32	0.60	0.72	0.90	0.95	0.42	0.05	0.22
459K 0.86	0.74	0.05	0.57	0.97	0.05	0.47	0.11	0.17	1.00	0.27	0.10	0.49	0.25	0.59	0.47	0.89	0.52	0.26	0.02	0.04
460S 0.86	0.21	0.02	0.31	0.27	0.02	0.13	0.04	0.05	0.25	0.08	0.03	0.32	0.19	0.26	0.14	1.00	0.34	0.08	0.01	0.02
461T 0.86	0.98	0.20	0.56	0.85	0.70	0.53	0.59	0.49	0.81	0.84	0.27	0.62	0.36	0.62	0.63	0.83	0.80	0.65	0.19	1.00
462V 0.86	0.53	0.17	0.20	0.27	0.68	0.32	0.52	0.38	0.29	0.68	0.24	0.30	0.20	0.29	0.36	0.41	0.41	0.63	0.21	1.00
463I 0.86	0.69	0.13	0.16	0.28	0.29	0.17	0.18	0.76	0.33	0.90	0.23	0.19	0.25	0.23	0.27	0.29	0.44	1.00	0.06	0.27
464D 0.86	0.68	0.05	1.00	0.98	0.07	0.42	0.20	0.18	0.83	0.34	0.10	0.45	0.32	0.53	0.47	0.71	0.57	0.27	0.02	0.07
465S 0.86	0.47	0.03	0.31	0.46	0.03	0.30	0.07	0.09	0.44	0.14	0.05	0.42	0.13	0.38	0.40	1.00	0.27	0.14	0.01	0.03
466S 0.86	0.39	0.12	0.19	0.25	0.07	0.14	0.08	0.10	0.25	0.21	0.06	0.30	0.13	0.17	0.16	1.00	0.70	0.16	0.02	0.09
467C 0.86	0.94	0.34	0.69	1.00	0.24	0.45	0.26	0.32	0.98	0.51	0.16	0.54	0.32	0.62	0.58	0.84	0.67	0.57	0.07	0.31
468V 0.86	0.34	0.06	0.03	0.06	0.12	0.04	0.15	0.42	0.07	0.40	0.23	0.05	0.07	0.06	0.06	0.08	0.18	1.00	0.03	0.12
469P 0.86	0.69	0.05	0.64	1.00	0.07	0.35	0.13	0.18	0.83	0.37	0.10	0.45	0.78	0.61	0.47	0.74	0.52	0.35	0.02	0.07
470V 0.86	0.40	0.13	0.16	0.21	0.50	0.24	0.38	0.67	0.29	0.69	0.17	0.23	0.15	0.22	0.26	0.40	0.38	1.00	0.13	0.86
471N 0.86	0.85	0.05	0.73	1.00	0.05	0.49	0.23	0.19	0.99	0.30	0.11	0.94	0.27	0.68	0.59	0.80	0.64	0.29	0.02	0.04
472K 0.93	0.69	0.05	0.59	0.91	0.06	0.37	0.12	0.18	1.00	0.31	0.13	0.45	0.25	0.54	0.50	0.72	0.52	0.29	0.02	0.06
473A 0.93	1.00	0.04	0.48	0.89	0.04	0.34	0.10	0.14	0.71	0.23	0.15	0.38	0.28	0.52	0.40	0.61	0.51	0.22	0.01	0.04
474S 0.93	0.32	0.03	0.25	0.45	0.06	0.17	0.16	0.17	0.47	0.16	0.05	0.21	0.12	0.25	0.24	1.00	0.34	0.14	0.02	0.08
475T 0.93	0.90	0.07	0.63	1.00	0.11	0.41	0.17	0.23	0.97	0.46	0.13	0.53	0.30	0.65	0.62	0.89	0.97	0.34	0.04	0.13
pos	A	C	D	E	F	G	H	I	K	L	M	N	P	Q	R	S	T	V	W	Y
476N 0.93	0.30	0.05	0.58	0.28	0.03	0.26	0.09	0.08	0.28	0.10	0.04	0.82	0.27	0.19	0.16	0.91	1.00	0.12	0.02	0.05
477E 0.93	0.72	0.07	0.62	1.00	0.05	0.36	0.12	0.18	0.87	0.29	0.11	0.50	0.27	0.55	0.49	0.70	0.54	0.27	0.02	0.05
478A 0.93	1.00	0.02	0.03	0.04	0.01	0.10	0.01	0.01	0.17	0.02	0.01	0.03	0.05	0.03	0.03	0.85	0.07	0.04	0.00	0.01
479A 0.93	1.00	0.05	0.08	0.11	0.05	0.37	0.04	0.05	0.11	0.22	0.03	0.07	0.13	0.08	0.08	0.49	0.13	0.19	0.01	0.05
480W 0.86	0.56	0.18	0.22	0.31	0.74	0.34	0.55	0.42	0.42	0.83	0.24	0.32	0.22	0.33	0.45	0.42	0.41	0.52	0.33	1.00
481G 0.93	0.08	0.11	0.40	0.10	0.01	1.00	0.06	0.01	0.09	0.02	0.01	0.51	0.05	0.06	0.05	0.31	0.08	0.02	0.01	0.03
482R 0.93	0.63	0.18	0.29	0.42	0.73	0.38	0.59	0.42	0.45	0.74	0.23	0.38	0.24	0.41	0.62	0.56	0.47	0.54	0.19	1.00
483C 0.86	0.58	0.74	0.21	0.29	0.08	0.19	0.08	0.17	0.41	0.19	0.07	0.22	0.16	0.20	0.18	0.80	1.00	0.40	0.02	0.09
484E 0.86	0.62	0.05	0.57	1.00	0.07	0.32	0.22	0.17	0.79	0.29	0.09	0.41	0.23	0.48	0.43	0.63	0.47	0.29	0.02	0.08
485N 0.86	0.38	0.08	0.40	0.38	0.24	0.43	0.31	0.18	0.49	0.29	0.10	1.00	0.16	0.27	0.27	0.59	0.49	0.24	0.07	0.42
486E 0.86	0.28	0.01	0.16	1.00	0.02	0.09	0.11	0.05	0.24	0.08	0.03	0.22	0.07	0.29	0.24	0.18	0.14	0.07	0.01	0.02
487T 0.93	0.60	0.18	0.29	0.40	0.69	0.40	0.58	0.44	0.41	0.67	0.23	0.42	0.28	0.37	0.41	0.56	0.78	0.53	0.18	1.00
488K 0.93	0.64	0.09	0.43	0.73	0.30	0.36	0.29	0.26	1.00	0.44	0.16	0.43	0.26	0.54	0.68	0.59	0.50	0.38	0.08	0.38
489F 0.93	0.21	0.07	0.09	0.11	1.00	0.14	0.23	0.24	0.12	0.38	0.09	0.13	0.09	0.12	0.15	0.26	0.30	0.33	0.08	0.49
490K 0.86	0.28	0.02	0.38	0.45	0.02	0.14	0.05	0.07	1.00	0.11	0.04	0.18	0.19	0.37	0.21	0.26	0.21	0.16	0.01	0.02
491T 0.64	0.66	0.03	0.09	0.09	0.02	0.07	0.02	0.04	0.10	0.05	0.02	0.46	0.07	0.07	0.06	0.69	1.00	0.07	0.01	0.02
492E 0.64	0.44	0.02	0.42	1.00	0.02	0.16	0.06	0.07	0.38	0.12	0.04	0.20	0.13	0.36	0.20	0.45	0.23	0.11	0.01	0.02
493D 0.64	0.79	0.08	0.93	0.86	0.08	0.53	0.15	0.19	0.80	0.29	0.11	0.56	0.30	0.52	0.46	1.00	0.97	0.34	0.03	0.09
494I 0.64	0.27	0.02	0.01	0.01	0.02	0.00	0.00	0.54	0.02	0.11	0.03	0.01	0.02	0.01	0.01	0.02	0.06	1.00	0.00	0.01
495F 0.43	0.52	0.18	0.21	0.28	0.72	0.33	0.54	0.43	0.30	0.73	0.24	0.31	0.21	0.30	0.35	0.41	0.40	0.53	0.19	1.00
496W 0.50	0.69	0.12	0.26	0.28	0.25	0.36	0.18	0.24	0.37	0.36	0.12	0.33	0.30	0.24	0.29	0.87	1.00	0.39	0.20	0.31
497A 0.50	1.00	0.10	0.54	0.53	0.25	0.47	0.23	0.16	0.30	0.27	0.10	0.44	0.22	0.26	0.21	0.49	0.32	0.25	0.07	0.41
498Y 0.50	0.51	0.13	0.23	0.23	0.35	0.28	0.29	0.25	0.27	0.37	0.14	0.34	0.23	0.23	0.25	0.86	1.00	0.34	0.10	0.57
499N 0.71	0.55	0.05	1.00	0.73	0.05	0.55	0.15	0.13	0.68	0.21	0.07	0.94	0.31	0.43	0.47	0.88	0.44	0.19	0.02	0.07
500F 0.71	0.57	0.18	0.41	0.46	0.70	0.44	0.57	0.40	0.37	0.66	0.22	0.47	0.24	0.36	0.38	0.49	0.44	0.51	0.19	1.00
pos	A	C	D	E	F	G	H	I	K	L	M	N	P	Q	R	S	T	V	W	Y
501C 0.71	0.27	1.00	0.01	0.02	0.03	0.00	0.01	0.31	0.02	0.26	0.04	0.01	0.03	0.02	0.01	0.02	0.10	0.42	0.00	0.01
502P 0.86	0.00	0.00	0.00	0.00	0.00	0.00	0.00	0.00	0.00	0.00	0.00	0.00	1.00	0.00	0.00	0.00	0.00	0.00	0.00	0.00
503T 0.86	0.41	0.02	0.08	0.24	0.01	0.06	0.02	0.03	0.09	0.04	0.02	0.08	0.06	0.06	0.05	0.80	1.00	0.06	0.01	0.01
504P 0.93	0.53	0.18	0.22	0.30	0.71	0.34	0.54	0.40	0.33	0.65	0.22	0.33	0.22	0.31	0.36	0.42	0.41	0.51	0.18	1.00
505Y 1.00	0.05	0.02	0.01	0.02	0.62	0.02	0.03	0.10	0.02	0.56	0.17	0.02	0.02	0.02	0.02	0.03	0.03	0.08	0.06	1.00
506S 1.00	0.59	0.06	0.74	0.69	0.06	0.68	0.16	0.13	0.85	0.21	0.08	0.79	0.25	0.43	0.40	1.00	0.70	0.21	0.02	0.08
507W 1.00	0.00	0.00	0.00	0.00	0.18	0.00	0.00	0.01	0.00	0.02	0.00	0.00	0.00	0.00	0.00	0.00	0.00	0.01	1.00	0.17
508T 1.00	0.06	0.02	0.01	0.02	0.18	0.01	0.01	0.38	0.02	1.00	0.14	0.01	0.02	0.03	0.02	0.02	0.28	0.20	0.02	0.03
509A 1.00	1.00	0.12	0.02	0.02	0.01	0.06	0.01	0.02	0.02	0.02	0.01	0.03	0.04	0.02	0.02	0.42	0.34	0.04	0.00	0.01
510L 1.00	0.01	0.00	0.00	0.00	0.02	0.00	0.00	0.24	0.00	1.00	0.02	0.00	0.00	0.00	0.00	0.00	0.01	0.15	0.00	0.00
511L 1.00	0.61	0.08	0.04	0.08	0.08	0.10	0.03	0.43	0.08	0.61	0.11	0.05	0.11	0.06	0.06	0.20	0.28	1.00	0.02	0.05
512G 1.00	0.86	0.09	0.24	0.14	0.22	1.00	0.08	0.06	0.15	0.12	0.05	0.26	0.23	0.10	0.10	0.93	0.25	0.16	0.03	0.10
513L 1.00	0.01	0.00	0.00	0.00	0.02	0.00	0.00	0.03	0.00	1.00	0.16	0.00	0.00	0.00	0.00	0.00	0.00	0.02	0.00	0.00
514I 1.00	0.12	0.04	0.04	0.05	0.20	0.07	0.06	1.00	0.06	0.82	0.18	0.05	0.04	0.05	0.06	0.07	0.10	0.91	0.03	0.13
515L 1.00	0.40	0.04	0.01	0.03	0.07	0.02	0.01	0.28	0.03	1.00	0.09	0.02	0.04	0.03	0.02	0.04	0.12	0.61	0.01	0.02
516Y 1.00	0.00	0.00	0.00	0.00	0.34	0.00	0.00	0.01	0.00	0.02	0.00	0.00	0.00	0.00	0.00	0.00	0.00	0.01	0.02	1.00
517L 1.00	0.02	0.01	0.00	0.00	0.03	0.01	0.00	0.81	0.01	0.70	0.03	0.00	0.00	0.00	0.01	0.01	0.02	1.00	0.00	0.01
518V 1.00	0.50	0.05	0.02	0.05	0.04	0.03	0.01	0.47	0.05	0.22	0.06	0.03	0.06	0.03	0.03	0.18	0.20	1.00	0.01	0.02
519F 1.00	0.79	0.12	0.06	0.11	0.44	0.17	0.07	0.55	0.11	0.63	0.17	0.07	0.16	0.09	0.08	0.22	0.34	1.00	0.06	0.24
520F 1.00	0.00	0.00	0.00	0.00	1.00	0.00	0.00	0.01	0.00	0.02	0.00	0.00	0.00	0.00	0.00	0.00	0.00	0.01	0.02	0.23
521A 1.00	1.00	0.01	0.01	0.01	0.01	0.07	0.00	0.01	0.02	0.01	0.01	0.01	0.03	0.01	0.01	0.86	0.04	0.02	0.00	0.00
522P 1.00	0.67	0.11	0.10	0.15	0.21	0.24	0.05	0.76	0.18	0.98	0.24	0.10	0.27	0.12	0.14	0.28	0.39	1.00	0.04	0.08
523G 1.00	0.00	0.00	0.00	0.00	0.00	1.00	0.00	0.00	0.00	0.00	0.00	0.00	0.00	0.00	0.00	0.00	0.00	0.00	0.00	0.00
524M 1.00	0.02	0.01	0.00	0.01	0.27	0.00	0.00	0.10	0.01	0.71	1.00	0.00	0.01	0.01	0.01	0.01	0.01	0.05	0.01	0.01
525G 1.00	0.00	0.00	0.00	0.00	0.00	1.00	0.00	0.00	0.00	0.00	0.00	0.00	0.00	0.00	0.00	0.00	0.00	0.00	0.00	0.00
pos	A	C	D	E	F	G	H	I	K	L	M	N	P	Q	R	S	T	V	W	Y
526P 1.00	0.08	0.01	0.02	0.02	0.01	0.04	0.01	0.02	0.02	0.02	0.01	0.03	1.00	0.02	0.02	0.10	0.38	0.03	0.00	0.01
527M 1.00	0.05	0.01	0.00	0.01	0.03	0.01	0.00	0.11	0.01	0.15	1.00	0.01	0.01	0.01	0.01	0.01	0.03	0.52	0.00	0.01
528P 1.00	0.19	0.01	0.01	0.02	0.01	0.05	0.00	0.01	0.02	0.02	0.01	0.01	1.00	0.01	0.01	0.07	0.23	0.03	0.00	0.00
529W 1.00	0.00	0.00	0.00	0.00	0.00	0.00	0.00	0.00	0.00	0.00	0.00	0.00	0.00	0.00	0.00	0.00	0.00	0.00	1.00	0.00
530T 1.00	0.19	0.04	0.02	0.04	0.18	0.02	0.02	0.70	0.05	1.00	0.22	0.03	0.05	0.05	0.04	0.06	0.17	0.71	0.02	0.04
531V 1.00	0.00	0.00	0.00	0.00	0.00	0.00	0.00	0.00	0.00	0.00	0.00	0.00	0.00	0.00	0.00	0.00	0.00	1.00	0.00	0.00
532N 1.00	0.35	0.06	0.44	0.38	0.23	0.35	0.19	0.37	0.65	1.00	0.23	0.55	0.18	0.33	0.50	0.39	0.32	0.31	0.05	0.16
533S 1.00	0.00	0.00	0.00	0.00	0.00	0.00	0.00	0.00	0.00	0.00	0.00	0.00	0.00	0.00	0.00	1.00	0.00	0.00	0.00	0.00
534E 1.00	0.00	0.00	0.00	1.00	0.00	0.00	0.00	0.00	0.00	0.00	0.00	0.00	0.00	0.00	0.00	0.00	0.00	0.00	0.00	0.00
535I 1.00	0.00	0.00	0.00	0.00	0.00	0.00	0.00	1.00	0.00	0.00	0.00	0.00	0.00	0.00	0.00	0.00	0.00	0.00	0.00	0.00
536Y 1.00	0.01	0.00	0.00	0.00	0.44	0.00	0.00	0.01	0.00	0.03	0.01	0.00	0.00	0.00	0.00	0.00	0.00	0.01	0.02	1.00
537P 1.00	0.00	0.00	0.00	0.00	0.00	0.00	0.00	0.00	0.00	0.00	0.00	0.00	1.00	0.00	0.00	0.00	0.00	0.00	0.00	0.00
538L 1.00	1.00	0.11	0.19	0.27	0.14	0.55	0.10	0.15	0.30	0.38	0.11	0.17	0.27	0.20	0.22	0.55	0.27	0.25	0.04	0.15
539W 1.00	0.64	0.11	0.97	0.87	0.26	0.70	0.37	0.22	0.89	0.38	0.13	1.00	0.31	0.55	0.62	0.77	0.52	0.31	0.09	0.40
540A 1.00	0.44	0.10	0.11	0.14	0.88	0.17	0.26	0.57	0.15	0.58	0.16	0.15	0.12	0.15	0.18	0.22	0.23	0.44	0.19	1.00
541R 1.00	0.01	0.00	0.00	0.01	0.00	0.01	0.01	0.00	0.13	0.01	0.00	0.01	0.01	0.02	1.00	0.01	0.01	0.00	0.00	0.00
542S 1.00	0.11	0.01	0.03	0.02	0.00	1.00	0.01	0.01	0.02	0.01	0.00	0.03	0.03	0.01	0.01	0.49	0.03	0.02	0.00	0.01
543T 1.00	0.42	0.09	0.09	0.19	0.24	0.11	0.12	0.71	0.41	1.00	0.24	0.14	0.14	0.21	0.35	0.24	0.42	0.88	0.05	0.16
544G 1.00	1.00	0.23	0.03	0.03	0.01	0.72	0.01	0.01	0.03	0.03	0.02	0.02	0.08	0.02	0.02	0.17	0.06	0.05	0.00	0.01
545N 1.00	0.77	0.21	0.58	0.42	0.73	0.67	0.60	0.48	0.46	0.89	0.28	0.73	0.31	0.39	0.44	0.70	0.53	0.57	0.19	1.00
546A 1.00	1.00	0.01	0.01	0.01	0.00	0.42	0.00	0.01	0.01	0.01	0.01	0.01	0.03	0.01	0.01	0.06	0.02	0.02	0.00	0.00
547C 1.00	0.08	0.07	0.01	0.02	0.21	0.02	0.02	0.43	0.03	1.00	0.22	0.02	0.03	0.04	0.03	0.03	0.05	0.25	0.02	0.04
548S 1.00	0.58	0.22	0.07	0.05	0.02	0.12	0.02	0.05	0.07	0.06	0.03	0.11	0.10	0.05	0.05	1.00	0.94	0.10	0.01	0.02
549S 1.00	1.00	0.04	0.16	0.10	0.02	0.25	0.04	0.03	0.10	0.05	0.02	0.36	0.12	0.07	0.06	0.86	0.29	0.08	0.01	0.03
550G 1.00	0.72	0.09	0.17	0.15	0.05	0.43	0.05	0.10	0.18	0.13	0.06	0.22	0.23	0.13	0.12	1.00	0.99	0.22	0.02	0.06
pos	A	C	D	E	F	G	H	I	K	L	M	N	P	Q	R	S	T	V	W	Y
551I 1.00	0.44	0.10	0.09	0.13	0.46	0.13	0.19	1.00	0.14	0.65	0.46	0.13	0.11	0.13	0.14	0.33	0.27	0.92	0.07	0.36
552N 1.00	0.00	0.00	0.00	0.00	0.00	0.00	0.00	0.00	0.00	0.00	0.00	1.00	0.00	0.00	0.00	0.00	0.00	0.00	0.00	0.00
553W 1.00	0.00	0.00	0.00	0.00	0.00	0.00	0.00	0.00	0.00	0.00	0.00	0.00	0.00	0.00	0.00	0.00	0.00	0.00	1.00	0.00
554I 1.00	0.20	0.04	0.05	0.06	0.14	0.12	0.05	1.00	0.07	0.50	0.11	0.05	0.05	0.05	0.06	0.12	0.11	0.94	0.03	0.12
555F 1.00	0.66	0.18	0.18	0.27	0.68	0.28	0.43	0.75	0.28	0.94	0.29	0.27	0.21	0.27	0.30	0.43	0.48	1.00	0.15	0.79
556N 1.00	0.00	0.00	0.00	0.00	0.00	0.00	0.00	0.00	0.00	0.00	0.00	1.00	0.00	0.00	0.00	0.00	0.00	0.00	0.00	0.00
557V 1.00	0.03	0.01	0.00	0.01	0.03	0.00	0.00	0.11	0.01	1.00	0.04	0.00	0.01	0.01	0.01	0.01	0.02	0.47	0.00	0.01
558L 1.00	0.01	0.00	0.00	0.00	0.02	0.00	0.00	0.38	0.00	1.00	0.03	0.00	0.00	0.00	0.00	0.00	0.01	0.19	0.00	0.00
559V 1.00	0.01	0.00	0.00	0.00	0.01	0.00	0.00	0.72	0.00	0.05	0.01	0.00	0.00	0.00	0.00	0.00	0.01	1.00	0.00	0.00
560S 1.00	0.23	0.01	0.01	0.01	0.00	0.02	0.00	0.01	0.01	0.01	0.00	0.02	0.02	0.01	0.01	1.00	0.27	0.01	0.00	0.00
561L 1.00	0.27	0.02	0.42	0.94	0.12	0.11	0.08	0.20	0.39	1.00	0.13	0.13	0.14	0.39	0.25	0.15	0.16	0.18	0.02	0.06
562T 1.00	0.02	0.00	0.01	0.01	0.00	0.01	0.00	0.01	0.01	0.00	0.00	0.01	0.01	0.01	0.00	0.22	1.00	0.01	0.00	0.00
563F 1.00	0.00	0.00	0.00	0.00	1.00	0.00	0.00	0.00	0.00	0.00	0.00	0.00	0.00	0.00	0.00	0.00	0.00	0.00	0.00	0.00
564L 1.00	0.00	0.00	0.00	0.00	0.00	0.00	0.00	0.00	0.00	1.00	0.00	0.00	0.00	0.00	0.00	0.00	0.00	0.00	0.00	0.00
565H 1.00	0.64	0.08	0.90	1.00	0.11	0.51	0.22	0.17	0.68	0.25	0.10	0.79	0.30	0.49	0.38	0.99	0.94	0.25	0.04	0.15
566T 1.00	0.13	0.03	0.01	0.02	0.04	0.01	0.01	0.54	0.02	0.66	0.06	0.01	0.03	0.02	0.02	0.02	0.53	1.00	0.01	0.02
567A 1.00	0.83	0.04	0.03	0.04	0.03	0.03	0.01	0.40	0.05	0.15	0.05	0.04	0.06	0.04	0.03	0.15	1.00	0.40	0.01	0.01
568E 1.00	0.30	0.02	0.57	1.00	0.02	0.27	0.15	0.05	0.28	0.08	0.03	0.37	0.10	0.20	0.15	0.26	0.18	0.08	0.01	0.03
569Y 1.00	0.58	0.18	0.21	0.28	0.70	0.34	0.52	0.42	0.30	0.74	0.24	0.31	0.21	0.29	0.35	0.44	0.41	0.52	0.18	1.00
570L 1.00	0.16	0.01	0.01	0.01	0.04	0.01	0.00	1.00	0.01	0.79	0.05	0.01	0.01	0.01	0.01	0.01	0.04	0.41	0.00	0.01
571T 1.00	0.27	0.03	0.09	0.05	0.02	1.00	0.02	0.02	0.06	0.04	0.02	0.11	0.08	0.04	0.04	0.22	0.52	0.05	0.01	0.02
572Y 1.00	0.53	0.16	0.22	0.25	0.59	0.30	0.42	0.37	0.29	0.86	0.20	0.33	0.22	0.27	0.31	0.77	0.89	0.47	0.16	1.00
573Y 1.00	1.00	0.14	0.43	0.25	0.22	0.72	0.22	0.15	0.27	0.26	0.10	0.50	0.30	0.20	0.21	0.72	0.39	0.27	0.06	0.31
574G 1.00	1.00	0.13	0.21	0.20	0.36	0.80	0.15	0.28	0.27	0.67	0.21	0.23	0.29	0.18	0.23	0.57	0.30	0.34	0.30	0.34
575A 1.00	0.86	0.06	0.02	0.05	0.03	0.02	0.01	0.27	0.05	0.19	0.20	0.03	0.06	0.04	0.03	0.07	1.00	0.93	0.01	0.01
pos	A	C	D	E	F	G	H	I	K	L	M	N	P	Q	R	S	T	V	W	Y
576F 1.00	0.06	0.19	0.01	0.02	1.00	0.02	0.02	0.17	0.02	0.52	0.10	0.01	0.02	0.02	0.02	0.03	0.04	0.12	0.07	0.25
577F 1.00	0.03	0.01	0.00	0.01	1.00	0.01	0.01	0.12	0.01	0.98	0.08	0.01	0.01	0.01	0.01	0.01	0.02	0.07	0.03	0.09
578L 1.00	0.04	0.01	0.01	0.01	0.08	0.08	0.01	0.62	0.02	1.00	0.10	0.01	0.01	0.02	0.01	0.02	0.03	0.24	0.01	0.02
579Y 1.00	0.01	0.00	0.00	0.00	0.41	0.00	0.00	0.02	0.00	0.12	0.01	0.00	0.00	0.00	0.00	0.01	0.01	0.01	0.03	1.00
580A 1.00	1.00	0.02	0.02	0.02	0.01	0.39	0.00	0.01	0.02	0.02	0.01	0.02	0.05	0.01	0.02	0.10	0.30	0.03	0.00	0.01
581G 1.00	0.05	0.02	0.01	0.02	0.09	0.04	0.01	1.00	0.02	0.45	0.08	0.02	0.01	0.01	0.02	0.03	0.06	0.94	0.01	0.04
582F 1.00	0.19	0.05	0.04	0.06	0.55	0.07	0.09	1.00	0.07	0.79	0.40	0.06	0.06	0.07	0.08	0.15	0.15	0.99	0.04	0.18
583A 1.00	1.00	0.05	0.04	0.05	0.02	0.44	0.01	0.02	0.05	0.04	0.02	0.04	0.11	0.03	0.03	0.90	0.09	0.08	0.01	0.01
584A 1.00	0.43	0.08	0.02	0.07	0.06	0.01	0.02	0.53	0.07	0.39	0.10	0.03	0.09	0.05	0.04	0.07	0.30	1.00	0.01	0.02
585V 1.00	0.47	0.03	0.01	0.02	0.04	0.01	0.01	0.58	0.02	0.49	0.05	0.01	0.03	0.02	0.02	0.02	0.10	1.00	0.01	0.01
586G 1.00	0.77	0.02	0.02	0.02	0.01	1.00	0.01	0.01	0.02	0.02	0.01	0.02	0.06	0.02	0.02	0.63	0.04	0.04	0.00	0.01
587L 1.00	0.01	0.00	0.00	0.00	0.02	0.00	0.00	0.23	0.00	1.00	0.02	0.00	0.00	0.00	0.00	0.00	0.01	0.15	0.00	0.00
588L 1.00	0.25	0.02	0.01	0.02	0.24	0.02	0.02	0.43	0.03	1.00	0.13	0.02	0.03	0.03	0.02	0.03	0.07	0.46	0.02	0.04
589F 1.00	0.00	0.00	0.00	0.00	1.00	0.00	0.00	0.00	0.00	0.00	0.00	0.00	0.00	0.00	0.00	0.00	0.00	0.00	0.00	0.00
590I 1.00	0.01	0.00	0.00	0.00	0.01	0.00	0.00	0.71	0.00	0.05	0.01	0.00	0.00	0.00	0.00	0.00	0.01	1.00	0.00	0.00
591Y 1.00	0.20	0.07	0.07	0.10	0.36	0.12	0.18	0.78	0.11	0.46	0.22	0.11	0.07	0.10	0.12	0.14	0.16	0.72	0.27	1.00
592G 1.00	0.14	0.04	0.04	0.06	0.26	0.06	0.09	0.49	0.06	1.00	0.23	0.06	0.05	0.07	0.07	0.08	0.10	0.37	0.05	0.17
593C 1.00	0.12	0.09	0.02	0.03	0.58	0.03	0.03	0.35	0.04	1.00	0.22	0.03	0.04	0.04	0.04	0.05	0.07	0.24	0.09	0.34
594L 1.00	0.02	0.01	0.00	0.01	0.03	0.01	0.00	0.95	0.01	0.74	0.03	0.00	0.00	0.00	0.01	0.01	0.02	1.00	0.00	0.01
595P 1.00	0.00	0.00	0.00	0.00	0.00	0.00	0.00	0.00	0.00	0.00	0.00	0.00	1.00	0.00	0.00	0.00	0.00	0.00	0.00	0.00
596E 1.00	0.02	0.00	0.05	1.00	0.00	0.02	0.01	0.00	0.02	0.00	0.00	0.10	0.01	0.02	0.01	0.02	0.01	0.00	0.00	0.00
597T 1.00	0.00	0.00	0.00	0.00	0.00	0.00	0.00	0.00	0.00	0.00	0.00	0.00	0.00	0.00	0.00	0.00	1.00	0.00	0.00	0.00
598K 1.00	0.01	0.00	0.00	0.02	0.00	0.01	0.01	0.00	1.00	0.01	0.00	0.01	0.01	0.09	0.05	0.01	0.01	0.00	0.00	0.00
599G 1.00	0.00	0.00	0.00	0.00	0.00	1.00	0.00	0.00	0.00	0.00	0.00	0.00	0.00	0.00	0.00	0.00	0.00	0.00	0.00	0.00
600K 1.00	0.45	0.07	0.27	0.52	0.18	0.26	0.23	0.19	1.00	0.36	0.12	0.31	0.20	0.47	0.77	0.40	0.37	0.26	0.06	0.26
pos	A	C	D	E	F	G	H	I	K	L	M	N	P	Q	R	S	T	V	W	Y
601K 1.00	0.58	0.05	0.46	0.73	0.05	0.29	0.11	0.15	1.00	0.24	0.09	0.40	0.32	0.56	0.50	0.89	0.68	0.23	0.02	0.05
602L 1.00	0.02	0.00	0.00	0.00	0.27	0.00	0.00	0.08	0.01	1.00	0.13	0.00	0.01	0.01	0.01	0.00	0.01	0.04	0.01	0.01
603E 1.00	0.02	0.00	0.04	1.00	0.00	0.01	0.01	0.00	0.02	0.00	0.00	0.01	0.01	0.02	0.01	0.09	0.01	0.01	0.00	0.00
604E 1.00	0.02	0.00	0.04	1.00	0.00	0.01	0.00	0.00	0.02	0.00	0.00	0.01	0.01	0.24	0.01	0.01	0.01	0.00	0.00	0.00
605I 1.00	0.01	0.00	0.00	0.00	0.01	0.00	0.00	1.00	0.00	0.04	0.01	0.00	0.00	0.00	0.00	0.00	0.01	0.34	0.00	0.00
606E 0.79	0.04	0.00	0.27	1.00	0.00	0.02	0.01	0.00	0.04	0.01	0.00	0.03	0.02	0.04	0.01	0.12	0.02	0.01	0.00	0.01
607S 0.79	0.24	0.02	0.24	0.32	0.02	0.17	0.07	0.06	1.00	0.11	0.04	0.32	0.11	0.44	0.30	0.76	0.22	0.09	0.01	0.03
608L 0.79	0.29	0.09	0.12	0.22	0.40	0.17	0.27	0.36	0.18	1.00	0.24	0.17	0.12	0.28	0.19	0.22	0.22	0.32	0.10	0.54
609F 0.79	0.05	0.02	0.01	0.02	0.78	0.02	0.02	0.18	0.02	1.00	0.11	0.02	0.02	0.02	0.02	0.02	0.03	0.19	0.14	0.16
610D 0.79	0.47	0.02	0.92	1.00	0.02	0.17	0.06	0.08	0.62	0.13	0.04	0.22	0.13	0.28	0.21	0.55	0.24	0.12	0.01	0.02
611N 0.64	0.68	0.06	0.60	1.00	0.11	0.39	0.52	0.19	0.84	0.31	0.11	0.96	0.26	0.53	0.64	0.81	0.67	0.28	0.03	0.13
612R 0.64	0.02	0.00	0.01	0.03	0.00	0.02	0.02	0.01	0.36	0.02	0.01	0.11	0.02	0.05	1.00	0.02	0.02	0.01	0.00	0.01
613L 0.36	0.11	0.03	0.03	0.04	0.14	0.04	0.03	0.39	0.05	1.00	0.14	0.04	0.04	0.05	0.04	0.15	0.09	0.29	0.02	0.06
614C 0.36	0.19	1.00	0.07	0.07	0.44	0.12	0.09	0.12	0.07	0.22	0.06	0.09	0.07	0.06	0.08	0.14	0.12	0.15	0.10	0.63
615T 0.29	0.14	0.03	0.06	0.07	0.02	0.05	0.02	0.05	0.08	0.05	0.22	0.09	0.06	0.06	0.05	0.59	1.00	0.08	0.01	0.03
616C 0.29	0.00	1.00	0.00	0.00	0.00	0.00	0.00	0.00	0.00	0.00	0.00	0.00	0.00	0.00	0.00	0.00	0.00	0.00	0.00	0.00
617G 0.21	0.00	0.00	0.00	0.00	0.00	1.00	0.00	0.00	0.00	0.00	0.00	0.00	0.00	0.00	0.00	0.00	0.00	0.00	0.00	0.00
618T 0.21	0.53	0.02	0.05	0.06	0.02	0.07	0.02	0.05	0.06	0.06	0.02	0.06	0.05	0.04	0.04	0.19	1.00	0.11	0.01	0.02
619S 0.21	1.00	0.02	0.04	0.05	0.01	0.12	0.01	0.02	0.05	0.03	0.01	0.04	0.06	0.03	0.03	0.62	0.10	0.05	0.00	0.01
620D 0.21	0.00	0.00	1.00	0.00	0.00	0.00	0.00	0.00	0.00	0.00	0.00	0.00	0.00	0.00	0.00	0.00	0.00	0.00	0.00	0.00
621S 0.21	0.00	0.00	0.00	0.00	0.00	0.00	0.00	0.00	0.00	0.00	0.00	0.00	0.00	0.00	0.00	1.00	0.00	0.00	0.00	0.00
622D 0.21	0.00	0.00	1.00	0.00	0.00	0.00	0.00	0.00	0.00	0.00	0.00	0.00	0.00	0.00	0.00	0.00	0.00	0.00	0.00	0.00
623E 0.21	0.00	0.00	0.00	1.00	0.00	0.00	0.00	0.00	0.00	0.00	0.00	0.00	0.00	0.00	0.00	0.00	0.00	0.00	0.00	0.00
624G 0.21	0.00	0.00	0.00	0.00	0.00	1.00	0.00	0.00	0.00	0.00	0.00	0.00	0.00	0.00	0.00	0.00	0.00	0.00	0.00	0.00
625R 0.21	0.00	0.00	0.00	0.00	0.00	0.00	0.00	0.00	0.00	0.00	0.00	0.00	0.00	0.00	1.00	0.00	0.00	0.00	0.00	0.00
pos	A	C	D	E	F	G	H	I	K	L	M	N	P	Q	R	S	T	V	W	Y
626Y 0.21	0.00	0.00	0.00	0.00	0.00	0.00	0.00	0.00	0.00	0.00	0.00	0.00	0.00	0.00	0.00	0.00	0.00	0.00	0.00	1.00
627I 0.21	0.00	0.00	0.00	0.00	0.00	0.00	0.00	1.00	0.00	0.00	0.00	0.00	0.00	0.00	0.00	0.00	0.00	0.00	0.00	0.00
628E 0.21	0.00	0.00	0.00	1.00	0.00	0.00	0.00	0.00	0.00	0.00	0.00	0.00	0.00	0.00	0.00	0.00	0.00	0.00	0.00	0.00
629Y 0.21	0.00	0.00	0.00	0.00	0.00	0.00	0.00	0.00	0.00	0.00	0.00	0.00	0.00	0.00	0.00	0.00	0.00	0.00	0.00	1.00
630I 0.21	0.00	0.00	0.00	0.00	0.00	0.00	0.00	1.00	0.00	0.00	0.00	0.00	0.00	0.00	0.00	0.00	0.00	0.00	0.00	0.00
631R 0.21	0.00	0.00	0.00	0.00	0.00	0.00	0.00	0.00	0.00	0.00	0.00	0.00	0.00	0.00	1.00	0.00	0.00	0.00	0.00	0.00
632V 0.21	0.00	0.00	0.00	0.00	0.00	0.00	0.00	0.00	0.00	0.00	0.00	0.00	0.00	0.00	0.00	0.00	0.00	1.00	0.00	0.00
633K 0.21	0.00	0.00	0.00	0.00	0.00	0.00	0.00	0.00	1.00	0.00	0.00	0.00	0.00	0.00	0.00	0.00	0.00	0.00	0.00	0.00
634G 0.21	0.00	0.00	0.00	0.00	0.00	1.00	0.00	0.00	0.00	0.00	0.00	0.00	0.00	0.00	0.00	0.00	0.00	0.00	0.00	0.00
635S 0.21	0.00	0.00	0.00	0.00	0.00	0.00	0.00	0.00	0.00	0.00	0.00	0.00	0.00	0.00	0.00	1.00	0.00	0.00	0.00	0.00
636N 0.21	0.00	0.00	0.00	0.00	0.00	0.00	0.00	0.00	0.00	0.00	0.00	1.00	0.00	0.00	0.00	0.00	0.00	0.00	0.00	0.00
637Y 0.21	0.00	0.00	0.00	0.00	0.00	0.00	0.00	0.00	0.00	0.00	0.00	0.00	0.00	0.00	0.00	0.00	0.00	0.00	0.00	1.00
638H 0.21	0.00	0.00	0.00	0.00	0.00	0.00	1.00	0.00	0.00	0.00	0.00	0.00	0.00	0.00	0.00	0.00	0.00	0.00	0.00	0.00
639L 0.21	0.00	0.00	0.00	0.00	0.00	0.00	0.00	0.00	0.00	1.00	0.00	0.00	0.00	0.00	0.00	0.00	0.00	0.00	0.00	0.00
640S 0.21	0.00	0.00	0.00	0.00	0.00	0.00	0.00	0.00	0.00	0.00	0.00	0.00	0.00	0.00	0.00	1.00	0.00	0.00	0.00	0.00
641D 0.21	0.00	0.00	1.00	0.00	0.00	0.00	0.00	0.00	0.00	0.00	0.00	0.00	0.00	0.00	0.00	0.00	0.00	0.00	0.00	0.00
642N 0.21	0.00	0.00	0.00	0.00	0.00	0.00	0.00	0.00	0.00	0.00	0.00	1.00	0.00	0.00	0.00	0.00	0.00	0.00	0.00	0.00
643D 0.21	0.00	0.00	1.00	0.00	0.00	0.00	0.00	0.00	0.00	0.00	0.00	0.00	0.00	0.00	0.00	0.00	0.00	0.00	0.00	0.00
644A 0.21	1.00	0.00	0.00	0.00	0.00	0.00	0.00	0.00	0.00	0.00	0.00	0.00	0.00	0.00	0.00	0.00	0.00	0.00	0.00	0.00
645S 0.21	0.00	0.00	0.00	0.00	0.00	0.00	0.00	0.00	0.00	0.00	0.00	0.00	0.00	0.00	0.00	1.00	0.00	0.00	0.00	0.00
646D 0.21	0.00	0.00	1.00	0.00	0.00	0.00	0.00	0.00	0.00	0.00	0.00	0.00	0.00	0.00	0.00	0.00	0.00	0.00	0.00	0.00
647V 0.21	0.00	0.00	0.00	0.00	0.00	0.00	0.00	0.00	0.00	0.00	0.00	0.00	0.00	0.00	0.00	0.00	0.00	1.00	0.00	0.00
648E 0.21	0.00	0.00	0.00	1.00	0.00	0.00	0.00	0.00	0.00	0.00	0.00	0.00	0.00	0.00	0.00	0.00	0.00	0.00	0.00	0.00
